"TSS.MN"	"TSS.sd"	"speci.MN"	"speci.sd"	"sensi.MN"	"sensi.sd"	"model"
-0.164444444444444	0.0749576926854727	0.724444444444444	0.0749576926854727	0.111111111111111	0	"model1"
0	0	1	0	0	0	"model2"
-0.1	0.0395447342667826	0.766666666666667	0.0395447342667826	0.133333333333333	0	"model3"
0	0	1	0	0	0	"model4"
-0.0155555555555556	0.018294946718857	0.984444444444444	0.018294946718857	0	0	"model5"
-0.00222222222222222	0.0354473662637197	0.908888888888889	0.0354473662637197	0.0888888888888889	0	"model6"
0.0111111111111111	0.0240027433274365	0.966666666666667	0.0240027433274365	0.0444444444444444	0	"model7"
-0.00888888888888889	0.0281091347570523	0.968888888888889	0.0281091347570523	0.0222222222222222	0	"model8"
0.0133333333333333	0.021468706290651	0.968888888888889	0.021468706290651	0.0444444444444444	0	"model9"
0.0133333333333333	0.0260841731283837	0.946666666666667	0.0260841731283837	0.0666666666666667	0	"model10"
0.495555555555556	0.054483483106469	0.628888888888889	0.054483483106469	0.866666666666667	0	"model11"
-0.0622222222222222	0.0389153349231517	0.848888888888889	0.0389153349231517	0.0888888888888889	0	"model12"
0	0	1	0	0	0	"model13"
-0.00444444444444444	0.0229510124219699	0.951111111111111	0.0229510124219699	0.0444444444444444	0	"model14"
-0.0666666666666667	0.0502394813564835	0.844444444444444	0.0502394813564834	0.0888888888888889	0	"model15"
-0.0733333333333333	0.0363642598774328	0.837777777777778	0.0363642598774328	0.0888888888888889	0	"model16"
0.293333333333333	0.07611989676246	0.293333333333333	0.07611989676246	1	0	"model17"
0	0	1	0	0	0	"model18"
-0.0422222222222222	0.0285929763935093	0.868888888888889	0.0285929763935093	0.0888888888888889	0	"model19"
-0.00666666666666667	0.0107343531453255	0.993333333333333	0.0107343531453255	0	0	"model20"
-0.02	0.0285929763935093	0.98	0.0285929763935093	0	0	"model21"
0.00888888888888889	0.0350582505665162	0.942222222222222	0.0350582505665162	0.0666666666666667	0	"model22"
0.02	0.024455665213658	0.953333333333333	0.024455665213658	0.0666666666666667	0	"model23"
-0.00888888888888889	0.01553790886178	0.968888888888889	0.01553790886178	0.0222222222222222	0	"model24"
0.38	0.0729168871248872	0.38	0.0729168871248872	1	0	"model25"
0.32	0.0482335425069621	0.32	0.0482335425069621	1	0	"model26"
-0.0222222222222222	0.020951312035157	0.977777777777778	0.020951312035157	0	0	"model27"
0	0	1	0	0	0	"model28"
-0.0444444444444444	0.0601780622565627	0.866666666666667	0.0601780622565626	0.0888888888888889	0	"model29"
0	0	1	0	0	0	"model30"
-0.00222222222222222	0.0266048666608414	0.908888888888889	0.0266048666608415	0.0888888888888889	0	"model31"
0.00888888888888889	0.0281091347570523	0.964444444444444	0.0281091347570522	0.0444444444444444	0	"model32"
-0.0355555555555556	0.0334565623426258	0.875555555555556	0.0334565623426258	0.0888888888888889	0	"model33"
-0.0955555555555556	0.0524306322049967	0.815555555555556	0.0524306322049967	0.0888888888888889	0	"model34"
0.0111111111111111	0.0215961181290567	0.944444444444444	0.0215961181290567	0.0666666666666667	0	"model35"
-0.0111111111111111	0.0117121394821051	0.988888888888889	0.0117121394821051	0	0	"model36"
-0.0355555555555556	0.0504574410842264	0.875555555555556	0.0504574410842264	0.0888888888888889	0	"model37"
-0.08	0.0281091347570523	0.831111111111111	0.0281091347570523	0.0888888888888889	0	"model38"
0	0	1	0	0	0	"model39"
-0.0444444444444444	0.0534155744513184	0.866666666666667	0.0534155744513184	0.0888888888888889	0	"model40"
-0.0155555555555556	0.0107343531453255	0.984444444444444	0.0107343531453255	0	0	"model41"
-0.00444444444444444	0.0327939905498943	0.951111111111111	0.0327939905498943	0.0444444444444444	0	"model42"
-0.102222222222222	0.0459020248439398	0.808888888888889	0.0459020248439397	0.0888888888888889	0	"model43"
-0.128888888888889	0.0685335318887133	0.782222222222222	0.0685335318887133	0.0888888888888889	0	"model44"
-0.131111111111111	0.0528475821681095	0.78	0.0528475821681095	0.0888888888888889	0	"model45"
0.00666666666666667	0.0502940598422754	0.94	0.0502940598422754	0.0666666666666667	0	"model46"
-0.0755555555555556	0.0664192941376589	0.835555555555556	0.066419294137659	0.0888888888888889	0	"model47"
-0.00666666666666667	0.0297220779966502	0.904444444444444	0.0297220779966502	0.0888888888888889	0	"model48"
0.44	0.0716645133182093	0.684444444444444	0.0716645133182093	0.755555555555556	0	"model49"
-0.00444444444444444	0.0327939905498943	0.928888888888889	0.0327939905498943	0.0666666666666667	0	"model50"
0	0	1	0	0	0	"model51"
0.504444444444444	0.082518651505977	0.615555555555556	0.082518651505977	0.888888888888889	0	"model52"
-0.0222222222222222	0.0234242789642102	0.977777777777778	0.0234242789642102	0	0	"model53"
-0.02	0.0587477927671062	0.891111111111111	0.0587477927671062	0.0888888888888889	0	"model54"
-0.12	0.0493580185154302	0.724444444444444	0.0493580185154302	0.155555555555556	0	"model55"
0.0155555555555556	0.082518651505977	0.704444444444444	0.082518651505977	0.311111111111111	0	"model56"
0.5	0.0672811189799443	0.633333333333333	0.0672811189799443	0.866666666666667	0	"model57"
-0.0511111111111111	0.0378430808131698	0.86	0.0378430808131698	0.0888888888888889	0	"model58"
-0.0488888888888889	0.0344265186329548	0.862222222222222	0.0344265186329548	0.0888888888888889	0	"model59"
-0.0177777777777778	0.0344265186329548	0.893333333333333	0.0344265186329548	0.0888888888888889	0	"model60"
-0.0488888888888889	0.0552336352068363	0.862222222222222	0.0552336352068363	0.0888888888888889	0	"model61"
-0.0288888888888889	0.0611279438097119	0.882222222222222	0.0611279438097119	0.0888888888888889	0	"model62"
0	0	1	0	0	0	"model63"
-0.1	0.0712421631913753	0.811111111111111	0.0712421631913754	0.0888888888888889	0	"model64"
0.195555555555556	0.07611989676246	0.706666666666667	0.07611989676246	0.488888888888889	0	"model65"
0.00444444444444445	0.03107581772356	0.96	0.03107581772356	0.0444444444444444	0	"model66"
-0.12	0.0482335425069621	0.768888888888889	0.0482335425069621	0.111111111111111	0	"model67"
0.471111111111111	0.0768373480289774	0.56	0.0768373480289774	0.911111111111111	0	"model68"
-0.0111111111111111	0.040908744508101	0.9	0.040908744508101	0.0888888888888889	0	"model69"
-0.0288888888888889	0.0491909858248415	0.882222222222222	0.0491909858248415	0.0888888888888889	0	"model70"
-0.124444444444444	0.0459020248439398	0.786666666666667	0.0459020248439398	0.0888888888888889	0	"model71"
-0.00666666666666667	0.0315141442758261	0.971111111111111	0.0315141442758261	0.0222222222222222	0	"model72"
0.324444444444444	0.0556295803126477	0.324444444444444	0.0556295803126477	1	0	"model73"
0.537777777777778	0.0635484758208214	0.626666666666667	0.0635484758208214	0.911111111111111	0	"model74"
-0.0955555555555556	0.0363642598774328	0.815555555555556	0.0363642598774328	0.0888888888888889	0	"model75"
-0.0244444444444444	0.0338640872612221	0.886666666666667	0.0338640872612221	0.0888888888888889	0	"model76"
0.495555555555556	0.0755773389077612	0.695555555555556	0.0755773389077612	0.8	0	"model77"
-0.0955555555555556	0.0457223684800325	0.815555555555556	0.0457223684800325	0.0888888888888889	0	"model78"
-0.0955555555555556	0.0654623736156613	0.815555555555556	0.0654623736156613	0.0888888888888889	0	"model79"
0.451111111111111	0.0831809305992877	0.54	0.0831809305992877	0.911111111111111	0	"model80"
0.237777777777778	0.0378430808131698	0.237777777777778	0.0378430808131698	1	0	"model81"
-0.00222222222222222	0.00702728368926307	0.997777777777778	0.00702728368926308	0	0	"model82"
0.473333333333333	0.0628975695269742	0.495555555555556	0.0628975695269742	0.977777777777778	0	"model83"
-0.108888888888889	0.0437601644081242	0.802222222222222	0.0437601644081242	0.0888888888888889	0	"model84"
-0.0777777777777778	0.0526395200131552	0.833333333333333	0.0526395200131552	0.0888888888888889	0	"model85"
-0.106666666666667	0.07611989676246	0.76	0.07611989676246	0.133333333333333	0	"model86"
0.00666666666666667	0.0363642598774328	0.94	0.0363642598774328	0.0666666666666667	0	"model87"
-0.126666666666667	0.0513734544722954	0.762222222222222	0.0513734544722954	0.111111111111111	0	"model88"
0.0288888888888889	0.0628975695269742	0.695555555555556	0.0628975695269742	0.333333333333333	0	"model89"
0.00888888888888889	0.03805994838123	0.92	0.03805994838123	0.0888888888888889	0	"model90"
-0.106666666666667	0.0477763422121396	0.804444444444444	0.0477763422121396	0.0888888888888889	0	"model91"
0	0	1	0	0	0	"model92"
-0.0866666666666667	0.0496351572377806	0.824444444444444	0.0496351572377806	0.0888888888888889	0	"model93"
0	0.0234242789642102	0.933333333333333	0.0234242789642102	0.0666666666666667	0	"model94"
-0.0177777777777778	0.0273171687623493	0.982222222222222	0.0273171687623493	0	0	"model95"
-0.0488888888888889	0.0441968411560779	0.862222222222222	0.0441968411560779	0.0888888888888889	0	"model96"
-0.0133333333333333	0.0281091347570523	0.897777777777778	0.0281091347570523	0.0888888888888889	0	"model97"
0	0.0314269680527354	0.911111111111111	0.0314269680527355	0.0888888888888889	0	"model98"
-0.0866666666666667	0.0623719538815434	0.824444444444444	0.0623719538815433	0.0888888888888889	0	"model99"
0.00666666666666667	0.0363642598774328	0.917777777777778	0.0363642598774328	0.0888888888888889	0	"model100"
0	0	1	0	0	0	"model101"
0.484444444444444	0.0562182695141045	0.573333333333333	0.0562182695141045	0.911111111111111	0	"model102"
-0.0622222222222222	0.0532097333216829	0.848888888888889	0.0532097333216829	0.0888888888888889	0	"model103"
0.0244444444444444	0.0194576674615758	0.957777777777778	0.0194576674615758	0.0666666666666667	0	"model104"
-0.0555555555555556	0.0546845298527163	0.855555555555556	0.0546845298527163	0.0888888888888889	0	"model105"
0.0111111111111111	0.0215961181290567	0.966666666666667	0.0215961181290566	0.0444444444444444	0	"model106"
0.524444444444444	0.0408416259321192	0.546666666666667	0.0408416259321192	0.977777777777778	0	"model107"
-0.00888888888888889	0.0536206253951225	0.902222222222222	0.0536206253951225	0.0888888888888889	0	"model108"
0	0	1	0	0	0	"model109"
-0.0222222222222222	0.0331269329999969	0.911111111111111	0.0331269329999969	0.0666666666666667	0	"model110"
-0.02	0.0485171048705565	0.913333333333333	0.0485171048705565	0.0666666666666667	0	"model111"
0.417777777777778	0.0389153349231517	0.751111111111111	0.0389153349231517	0.666666666666667	0	"model112"
-0.0177777777777778	0.0140545673785261	0.982222222222222	0.0140545673785261	0	0	"model113"
-0.00444444444444444	0.00936971158568409	0.995555555555556	0.0093697115856841	0	0	"model114"
-0.0155555555555556	0.0332096470688295	0.917777777777778	0.0332096470688295	0.0666666666666667	0	"model115"
-0.0933333333333333	0.0542311265710315	0.817777777777778	0.0542311265710315	0.0888888888888889	0	"model116"
0	0	1	0	0	0	"model117"
0.00888888888888889	0.0281091347570523	0.964444444444444	0.0281091347570523	0.0444444444444444	0	"model118"
-0.0577777777777778	0.0585138300981674	0.853333333333333	0.0585138300981674	0.0888888888888889	0	"model119"
0	0	1	0	0	0	"model120"
0.0177777777777778	0.0327939905498943	0.951111111111111	0.0327939905498943	0.0666666666666667	0	"model121"
0.0133333333333333	0.0317742379104107	0.946666666666667	0.0317742379104107	0.0666666666666667	0	"model122"
-0.0133333333333333	0.021468706290651	0.986666666666667	0.021468706290651	0	0	"model123"
-0.0555555555555556	0.038131963485137	0.855555555555556	0.038131963485137	0.0888888888888889	0	"model124"
-0.00666666666666667	0.0107343531453255	0.993333333333333	0.0107343531453255	0	0	"model125"
0.00666666666666667	0.0297220779966502	0.94	0.0297220779966502	0.0666666666666667	0	"model126"
-0.117777777777778	0.0432557076167598	0.793333333333333	0.0432557076167598	0.0888888888888889	0	"model127"
-0.131111111111111	0.0587477927671062	0.78	0.0587477927671062	0.0888888888888889	0	"model128"
-0.04	0.0344265186329548	0.871111111111111	0.0344265186329548	0.0888888888888889	0	"model129"
0.395555555555556	0.072426112957513	0.395555555555556	0.072426112957513	1	0	"model130"
0	0	1	0	0	0	"model131"
0.00888888888888889	0.0317742379104107	0.942222222222222	0.0317742379104107	0.0666666666666667	0	"model132"
-0.02	0.0266048666608414	0.98	0.0266048666608414	0	0	"model133"
0.00222222222222222	0.022098420578039	0.935555555555556	0.022098420578039	0.0666666666666667	0	"model134"
0.202222222222222	0.0706233270314253	0.713333333333333	0.0706233270314253	0.488888888888889	0	"model135"
-0.0822222222222222	0.0419680458495268	0.828888888888889	0.0419680458495268	0.0888888888888889	0	"model136"
0	0	1	0	0	0	"model137"
0.464444444444444	0.0649575148693148	0.553333333333333	0.0649575148693148	0.911111111111111	0	"model138"
-0.0311111111111111	0.01553790886178	0.968888888888889	0.01553790886178	0	0	"model139"
-0.0133333333333333	0.0408416259321192	0.897777777777778	0.0408416259321192	0.0888888888888889	0	"model140"
-0.0155555555555556	0.0363642598774328	0.917777777777778	0.0363642598774329	0.0666666666666667	0	"model141"
0.00444444444444445	0.0359850601525663	0.915555555555556	0.0359850601525663	0.0888888888888889	0	"model142"
-0.04	0.0403006533592161	0.871111111111111	0.0403006533592161	0.0888888888888889	0	"model143"
-0.137777777777778	0.0652524905053192	0.773333333333333	0.0652524905053192	0.0888888888888889	0	"model144"
-0.02	0.0698420715041373	0.691111111111111	0.0698420715041373	0.288888888888889	0	"model145"
0.497777777777778	0.0630282885516523	0.542222222222222	0.0630282885516523	0.955555555555556	0	"model146"
0.00222222222222222	0.0424877937768888	0.913333333333333	0.0424877937768889	0.0888888888888889	0	"model147"
0.00666666666666667	0.0210818510677892	0.94	0.0210818510677892	0.0666666666666667	0	"model148"
-0.0711111111111111	0.0552336352068363	0.84	0.0552336352068363	0.0888888888888889	0	"model149"
0.0155555555555556	0.0278147901563238	0.948888888888889	0.0278147901563238	0.0666666666666667	0	"model150"
0	0	1	0	0	0	"model151"
0.00444444444444444	0.0140545673785261	0.937777777777778	0.0140545673785262	0.0666666666666667	0	"model152"
-0.104444444444444	0.0937263916319208	0.784444444444444	0.0937263916319208	0.111111111111111	0	"model153"
-0.113333333333333	0.055875621231544	0.797777777777778	0.055875621231544	0.0888888888888889	0	"model154"
0.504444444444444	0.0913546879604198	0.615555555555556	0.0913546879604199	0.888888888888889	0	"model155"
-0.0666666666666667	0.0444444444444444	0.844444444444444	0.0444444444444444	0.0888888888888889	0	"model156"
0.00222222222222222	0.022098420578039	0.957777777777778	0.0220984205780389	0.0444444444444444	0	"model157"
0.04	0.05907378381445	0.751111111111111	0.05907378381445	0.288888888888889	0	"model158"
-0.0444444444444444	0.0686934703370052	0.866666666666667	0.0686934703370052	0.0888888888888889	0	"model159"
-0.0111111111111111	0.0576161080966817	0.9	0.0576161080966817	0.0888888888888889	0	"model160"
-0.0488888888888889	0.0416399091038672	0.862222222222222	0.0416399091038672	0.0888888888888889	0	"model161"
0.0266666666666667	0.0292569150490837	0.937777777777778	0.0292569150490837	0.0888888888888889	0	"model162"
0.02	0.0194576674615758	0.953333333333333	0.0194576674615758	0.0666666666666667	0	"model163"
-0.08	0.0434455653292302	0.831111111111111	0.0434455653292302	0.0888888888888889	0	"model164"
-0.0511111111111111	0.0445061300319994	0.86	0.0445061300319994	0.0888888888888889	0	"model165"
-0.00888888888888889	0.0317742379104107	0.946666666666667	0.0317742379104107	0.0444444444444444	0	"model166"
-0.12	0.0470822180209502	0.791111111111111	0.0470822180209502	0.0888888888888889	0	"model167"
-0.0511111111111111	0.0257667068606312	0.748888888888889	0.0257667068606312	0.2	0	"model168"
-0.0155555555555556	0.0469070820710743	0.895555555555556	0.0469070820710743	0.0888888888888889	0	"model169"
0.493333333333333	0.0768373480289774	0.515555555555556	0.0768373480289774	0.977777777777778	0	"model170"
0.0111111111111111	0.040908744508101	0.944444444444444	0.040908744508101	0.0666666666666667	0	"model171"
-0.00222222222222222	0.00702728368926307	0.997777777777778	0.00702728368926308	0	0	"model172"
0.00222222222222222	0.0304515626534733	0.957777777777778	0.0304515626534733	0.0444444444444444	0	"model173"
0	0	1	0	0	0	"model174"
0	0	1	0	0	0	"model175"
-0.0266666666666667	0.0374788463427363	0.928888888888889	0.0374788463427364	0.0444444444444444	0	"model176"
0.208888888888889	0.060360144555447	0.697777777777778	0.060360144555447	0.511111111111111	0	"model177"
0	0	1	0	0	0	"model178"
-0.0555555555555556	0.0422287194481162	0.855555555555556	0.0422287194481162	0.0888888888888889	0	"model179"
0.5	0.0806353372484342	0.611111111111111	0.0806353372484342	0.888888888888889	0	"model180"
-0.00888888888888889	0.0350582505665162	0.924444444444444	0.0350582505665162	0.0666666666666667	0	"model181"
0.00888888888888889	0.0350582505665162	0.92	0.0350582505665163	0.0888888888888889	0	"model182"
-0.0333333333333333	0.0435086671276694	0.9	0.0435086671276694	0.0666666666666667	0	"model183"
0	0	1	0	0	0	"model184"
-0.0288888888888889	0.0457223684800325	0.882222222222222	0.0457223684800325	0.0888888888888889	0	"model185"
-0.00888888888888889	0.0281091347570523	0.902222222222222	0.0281091347570523	0.0888888888888889	0	"model186"
-0.00222222222222222	0.0338640872612221	0.931111111111111	0.0338640872612221	0.0666666666666667	0	"model187"
0	0	1	0	0	0	"model188"
-0.00666666666666667	0.0107343531453255	0.993333333333333	0.0107343531453255	0	0	"model189"
-0.0244444444444444	0.0266048666608414	0.975555555555556	0.0266048666608414	0	0	"model190"
0	0	1	0	0	0	"model191"
-0.00888888888888889	0.0187394231713682	0.968888888888889	0.0187394231713682	0.0222222222222222	0	"model192"
-0.113333333333333	0.0847492873183027	0.731111111111111	0.0847492873183027	0.155555555555556	0	"model193"
-0.0177777777777778	0.0140545673785261	0.982222222222222	0.0140545673785261	0	0	"model194"
0	0	1	0	0	0	"model195"
-0.0377777777777778	0.0419680458495268	0.873333333333333	0.0419680458495268	0.0888888888888889	0	"model196"
0.406666666666667	0.0791241492931946	0.406666666666667	0.0791241492931946	1	0	"model197"
-0.115555555555556	0.0477763422121396	0.751111111111111	0.0477763422121396	0.133333333333333	0	"model198"
0	0	1	0	0	0	"model199"
0.517777777777778	0.0583730023847275	0.673333333333333	0.0583730023847275	0.844444444444444	0	"model200"
-0.00222222222222222	0.00702728368926307	0.997777777777778	0.00702728368926308	0	0	"model201"
0.0222222222222222	0.0444444444444444	0.955555555555555	0.0444444444444445	0.0666666666666667	0	"model202"
0.00666666666666667	0.018294946718857	0.94	0.018294946718857	0.0666666666666667	0	"model203"
0	0	1	0	0	0	"model204"
0.482222222222222	0.0937263916319208	0.593333333333333	0.0937263916319208	0.888888888888889	0	"model205"
-0.00666666666666667	0.0315141442758261	0.926666666666667	0.0315141442758261	0.0666666666666667	0	"model206"
-0.0688888888888889	0.0605869779160845	0.842222222222222	0.0605869779160845	0.0888888888888889	0	"model207"
0.437777777777778	0.0554814320328119	0.437777777777778	0.0554814320328119	1	0	"model208"
0.02	0.0194576674615758	0.953333333333333	0.0194576674615758	0.0666666666666667	0	"model209"
-0.137777777777778	0.0652524905053192	0.728888888888889	0.0652524905053192	0.133333333333333	0	"model210"
-0.0311111111111111	0.036589893437714	0.88	0.036589893437714	0.0888888888888889	0	"model211"
-0.0133333333333333	0.0299977136760246	0.92	0.0299977136760246	0.0666666666666667	0	"model212"
0.0177777777777778	0.0466137265853401	0.951111111111111	0.0466137265853401	0.0666666666666667	0	"model213"
0.131111111111111	0.0449965705140369	0.731111111111111	0.0449965705140369	0.4	0	"model214"
-0.0377777777777778	0.0419680458495268	0.873333333333333	0.0419680458495268	0.0888888888888889	0	"model215"
0.464444444444444	0.0538758416176835	0.553333333333333	0.0538758416176835	0.911111111111111	0	"model216"
0.515555555555556	0.0652524905053192	0.56	0.0652524905053193	0.955555555555556	0	"model217"
-0.0377777777777778	0.0392662467576254	0.873333333333333	0.0392662467576254	0.0888888888888889	0	"model218"
0	0	1	0	0	0	"model219"
0.0666666666666667	0.0678900102956421	0.733333333333333	0.0678900102956421	0.333333333333333	0	"model220"
0.482222222222222	0.081177885586948	0.615555555555556	0.0811778855869481	0.866666666666667	0	"model221"
-0.0133333333333333	0.036589893437714	0.897777777777778	0.036589893437714	0.0888888888888889	0	"model222"
-0.0644444444444444	0.0398212742391574	0.846666666666667	0.0398212742391574	0.0888888888888889	0	"model223"
0.00666666666666667	0.0363642598774328	0.917777777777778	0.0363642598774329	0.0888888888888889	0	"model224"
-0.0355555555555556	0.0334565623426258	0.875555555555556	0.0334565623426258	0.0888888888888889	0	"model225"
0	0	1	0	0	0	"model226"
-0.0266666666666667	0.0403006533592161	0.906666666666667	0.0403006533592161	0.0666666666666667	0	"model227"
-0.0155555555555556	0.0502940598422754	0.895555555555556	0.0502940598422754	0.0888888888888889	0	"model228"
-0.0133333333333333	0.021468706290651	0.986666666666667	0.021468706290651	0	0	"model229"
0.504444444444444	0.062019068707954	0.593333333333333	0.062019068707954	0.911111111111111	0	"model230"
-0.0222222222222222	0.040572041296679	0.888888888888889	0.040572041296679	0.0888888888888889	0	"model231"
-0.0244444444444444	0.0384186740144887	0.908888888888889	0.0384186740144887	0.0666666666666667	0	"model232"
-0.0822222222222222	0.0611279438097119	0.828888888888889	0.0611279438097119	0.0888888888888889	0	"model233"
0.208888888888889	0.0792281004866426	0.742222222222222	0.0792281004866426	0.466666666666667	0	"model234"
-0.0755555555555556	0.036589893437714	0.835555555555556	0.036589893437714	0.0888888888888889	0	"model235"
-0.111111111111111	0.040572041296679	0.8	0.040572041296679	0.0888888888888889	0	"model236"
0.522222222222222	0.0785674201318386	0.655555555555556	0.0785674201318386	0.866666666666667	0	"model237"
0.0266666666666667	0.0204208129660596	0.96	0.0204208129660596	0.0666666666666667	0	"model238"
0.562222222222222	0.0784276203411344	0.717777777777778	0.0784276203411344	0.844444444444444	0	"model239"
-0.0133333333333333	0.0394752965762199	0.92	0.0394752965762199	0.0666666666666667	0	"model240"
-0.148888888888889	0.0710879591941338	0.762222222222222	0.0710879591941338	0.0888888888888889	0	"model241"
0.46	0.0907520779009883	0.482222222222222	0.0907520779009883	0.977777777777778	0	"model242"
0.448888888888889	0.0635484758208214	0.582222222222222	0.0635484758208214	0.866666666666667	0	"model243"
-0.00444444444444444	0.00936971158568409	0.995555555555556	0.0093697115856841	0	0	"model244"
-0.00666666666666667	0.0278147901563238	0.904444444444444	0.0278147901563238	0.0888888888888889	0	"model245"
-0.00222222222222222	0.00702728368926307	0.997777777777778	0.00702728368926308	0	0	"model246"
0	0.0148148148148148	0.977777777777778	0.0148148148148148	0.0222222222222222	0	"model247"
-0.0377777777777778	0.0432557076167598	0.873333333333333	0.0432557076167598	0.0888888888888889	0	"model248"
-0.0444444444444444	0.0296296296296296	0.866666666666667	0.0296296296296296	0.0888888888888889	0	"model249"
0.0133333333333333	0.03805994838123	0.946666666666667	0.03805994838123	0.0666666666666667	0	"model250"
-0.0266666666666667	0.0454213621237212	0.884444444444444	0.0454213621237212	0.0888888888888889	0	"model251"
-0.0955555555555556	0.0445061300319994	0.815555555555556	0.0445061300319994	0.0888888888888889	0	"model252"
0.535555555555556	0.0496351572377806	0.668888888888889	0.0496351572377806	0.866666666666667	0	"model253"
-0.00222222222222222	0.00702728368926307	0.997777777777778	0.00702728368926308	0	0	"model254"
0.473333333333333	0.0864162256775697	0.495555555555556	0.0864162256775697	0.977777777777778	0	"model255"
0.0311111111111111	0.021468706290651	0.964444444444444	0.021468706290651	0.0666666666666667	0	"model256"
0.213333333333333	0.0515334137212625	0.724444444444444	0.0515334137212625	0.488888888888889	0	"model257"
-0.0422222222222222	0.054884840156571	0.868888888888889	0.054884840156571	0.0888888888888889	0	"model258"
0	0	1	0	0	0	"model259"
0.446666666666667	0.0827841989389541	0.557777777777778	0.0827841989389541	0.888888888888889	0	"model260"
-0.0355555555555556	0.0482335425069621	0.875555555555556	0.0482335425069621	0.0888888888888889	0	"model261"
-0.0355555555555556	0.0556295803126477	0.875555555555556	0.0556295803126477	0.0888888888888889	0	"model262"
0	0	1	0	0	0	"model263"
0.0288888888888889	0.0524306322049967	0.74	0.0524306322049967	0.288888888888889	0	"model264"
0.42	0.0369628887403693	0.731111111111111	0.0369628887403693	0.688888888888889	0	"model265"
0.562222222222222	0.0687333967979973	0.717777777777778	0.0687333967979973	0.844444444444444	0	"model266"
-0.0377777777777778	0.0315141442758261	0.873333333333333	0.0315141442758261	0.0888888888888889	0	"model267"
0	0	1	0	0	0	"model268"
-0.0644444444444444	0.0354473662637197	0.846666666666667	0.0354473662637197	0.0888888888888889	0	"model269"
0.0155555555555556	0.0378430808131698	0.926666666666667	0.0378430808131698	0.0888888888888889	0	"model270"
-0.0422222222222222	0.054884840156571	0.868888888888889	0.054884840156571	0.0888888888888889	0	"model271"
-0.0244444444444444	0.0285929763935093	0.886666666666667	0.0285929763935093	0.0888888888888889	0	"model272"
-0.0333333333333333	0.040908744508101	0.922222222222222	0.040908744508101	0.0444444444444444	0	"model273"
-0.00444444444444444	0.00936971158568409	0.995555555555556	0.0093697115856841	0	0	"model274"
-0.0244444444444444	0.0304515626534733	0.886666666666667	0.0304515626534733	0.0888888888888889	0	"model275"
0.502222222222222	0.0727285197548656	0.635555555555556	0.0727285197548656	0.866666666666667	0	"model276"
0	0	1	0	0	0	"model277"
0	0.0148148148148148	0.977777777777778	0.0148148148148148	0.0222222222222222	0	"model278"
-0.0311111111111111	0.0260841731283837	0.902222222222222	0.0260841731283837	0.0666666666666667	0	"model279"
0.32	0.060360144555447	0.72	0.060360144555447	0.6	0	"model280"
-0.0644444444444444	0.0596744712922158	0.846666666666667	0.0596744712922158	0.0888888888888889	0	"model281"
-0.00222222222222222	0.00702728368926307	0.997777777777778	0.00702728368926308	0	0	"model282"
-0.0533333333333333	0.0299977136760246	0.857777777777778	0.0299977136760246	0.0888888888888889	0	"model283"
0.246666666666667	0.0674440274968298	0.691111111111111	0.0674440274968298	0.555555555555556	0	"model284"
0.0222222222222222	0.0181443684650606	0.955555555555556	0.0181443684650606	0.0666666666666667	0	"model285"
0	0.0148148148148148	0.977777777777778	0.0148148148148148	0.0222222222222222	0	"model286"
0	0	1	0	0	0	"model287"
0.00666666666666667	0.0297220779966502	0.94	0.0297220779966502	0.0666666666666667	0	"model288"
-0.1	0.0505117840629106	0.811111111111111	0.0505117840629106	0.0888888888888889	0	"model289"
0.0155555555555556	0.040639605109171	0.948888888888889	0.040639605109171	0.0666666666666667	0	"model290"
0	0	1	0	0	0	"model291"
-0.0355555555555556	0.0566073279245713	0.875555555555556	0.0566073279245713	0.0888888888888889	0	"model292"
0	0	1	0	0	0	"model293"
-0.00666666666666667	0.0348226941438316	0.926666666666667	0.0348226941438316	0.0666666666666667	0	"model294"
-0.0155555555555556	0.018294946718857	0.984444444444444	0.018294946718857	0	0	"model295"
0	0.0277159806427699	0.955555555555556	0.0277159806427699	0.0444444444444444	0	"model296"
-0.0111111111111111	0.0240027433274365	0.966666666666667	0.0240027433274365	0.0222222222222222	0	"model297"
-0.117777777777778	0.0583730023847275	0.793333333333333	0.0583730023847275	0.0888888888888889	0	"model298"
0.0955555555555556	0.0583730023847275	0.74	0.0583730023847275	0.355555555555556	0	"model299"
0	0	1	0	0	0	"model300"
0.533333333333333	0.0573775310549247	0.666666666666667	0.0573775310549247	0.866666666666667	0	"model301"
-0.0466666666666667	0.0496351572377806	0.864444444444444	0.0496351572377806	0.0888888888888889	0	"model302"
-0.0688888888888889	0.0517989147764358	0.842222222222222	0.0517989147764358	0.0888888888888889	0	"model303"
0.524444444444444	0.0585138300981674	0.568888888888889	0.0585138300981674	0.955555555555556	0	"model304"
0	0	1	0	0	0	"model305"
0	0	1	0	0	0	"model306"
0.466666666666667	0.0686934703370052	0.488888888888889	0.0686934703370052	0.977777777777778	0	"model307"
-0.0488888888888889	0.0542311265710315	0.862222222222222	0.0542311265710315	0.0888888888888889	0	"model308"
-0.0266666666666667	0.0252287205421132	0.973333333333333	0.0252287205421132	0	0	"model309"
0.0222222222222222	0.0234242789642102	0.977777777777778	0.0234242789642102	0.0444444444444444	0	"model310"
-0.02	0.0424877937768889	0.935555555555556	0.0424877937768888	0.0444444444444444	0	"model311"
-0.0711111111111111	0.0562182695141045	0.84	0.0562182695141045	0.0888888888888889	0	"model312"
0	0	1	0	0	0	"model313"
0	0	1	0	0	0	"model314"
-0.00444444444444444	0.0229510124219699	0.973333333333333	0.0229510124219699	0.0222222222222222	0	"model315"
-0.0466666666666667	0.0398212742391574	0.864444444444444	0.0398212742391574	0.0888888888888889	0	"model316"
-0.0822222222222222	0.0378430808131698	0.828888888888889	0.0378430808131698	0.0888888888888889	0	"model317"
-0.0111111111111111	0.0117121394821051	0.988888888888889	0.0117121394821051	0	0	"model318"
0.515555555555556	0.0644061188719531	0.648888888888889	0.064406118871953	0.866666666666667	0	"model319"
-0.111111111111111	0.0601780622565627	0.8	0.0601780622565627	0.0888888888888889	0	"model320"
-0.00666666666666667	0.0257667068606312	0.904444444444444	0.0257667068606313	0.0888888888888889	0	"model321"
0	0	1	0	0	0	"model322"
0	0	1	0	0	0	"model323"
-0.0111111111111111	0.0117121394821051	0.988888888888889	0.0117121394821051	0	0	"model324"
-0.02	0.0194576674615758	0.98	0.0194576674615758	0	0	"model325"
-0.00888888888888889	0.01553790886178	0.991111111111111	0.01553790886178	0	0	"model326"
-0.122222222222222	0.0395447342667826	0.788888888888889	0.0395447342667826	0.0888888888888889	0	"model327"
-0.02	0.0266048666608414	0.98	0.0266048666608414	0	0	"model328"
-0.0377777777777778	0.0554814320328119	0.74	0.0554814320328119	0.222222222222222	0	"model329"
-0.0266666666666667	0.0511057431426973	0.884444444444444	0.0511057431426973	0.0888888888888889	0	"model330"
0.515555555555556	0.0669131246852516	0.648888888888889	0.0669131246852516	0.866666666666667	0	"model331"
-0.0155555555555556	0.0149988568380123	0.984444444444444	0.0149988568380123	0	0	"model332"
0	0	1	0	0	0	"model333"
0.502222222222222	0.060360144555447	0.635555555555556	0.060360144555447	0.866666666666667	0	"model334"
0.0666666666666667	0.0523782800878924	0.733333333333333	0.0523782800878924	0.333333333333333	0	"model335"
-0.0133333333333333	0.0114755062109849	0.986666666666667	0.011475506210985	0	0	"model336"
0.504444444444444	0.0748478108389282	0.526666666666667	0.0748478108389282	0.977777777777778	0	"model337"
-0.0288888888888889	0.0392662467576254	0.882222222222222	0.0392662467576254	0.0888888888888889	0	"model338"
-0.00444444444444444	0.0292569150490837	0.928888888888889	0.0292569150490837	0.0666666666666667	0	"model339"
0.0111111111111111	0.033538463474583	0.922222222222222	0.0335384634745831	0.0888888888888889	0	"model340"
0.0377777777777778	0.0784276203411344	0.704444444444444	0.0784276203411344	0.333333333333333	0	"model341"
0.428888888888889	0.0777248497159981	0.428888888888889	0.0777248497159981	1	0	"model342"
-0.124444444444444	0.0546343375246986	0.742222222222222	0.0546343375246986	0.133333333333333	0	"model343"
-0.00222222222222222	0.00702728368926307	0.997777777777778	0.00702728368926308	0	0	"model344"
0	0	1	0	0	0	"model345"
-0.0155555555555556	0.0445061300319994	0.917777777777778	0.0445061300319994	0.0666666666666667	0	"model346"
-0.131111111111111	0.0354473662637197	0.78	0.0354473662637197	0.0888888888888889	0	"model347"
0	0	1	0	0	0	"model348"
0.457777777777778	0.0943972285752533	0.48	0.0943972285752533	0.977777777777778	0	"model349"
-0.00444444444444444	0.00936971158568409	0.995555555555556	0.0093697115856841	0	0	"model350"
0	0	1	0	0	0	"model351"
-0.0244444444444444	0.0384186740144887	0.908888888888889	0.0384186740144887	0.0666666666666667	0	"model352"
-0.02	0.0437601644081242	0.891111111111111	0.0437601644081242	0.0888888888888889	0	"model353"
0.0266666666666667	0.0292569150490837	0.96	0.0292569150490837	0.0666666666666667	0	"model354"
0.442222222222222	0.0690519774010158	0.464444444444444	0.0690519774010158	0.977777777777778	0	"model355"
-0.0155555555555556	0.0297220779966502	0.895555555555556	0.0297220779966502	0.0888888888888889	0	"model356"
0.517777777777778	0.0646187510742649	0.628888888888889	0.0646187510742649	0.888888888888889	0	"model357"
0	0	1	0	0	0	"model358"
0.517777777777778	0.082518651505977	0.651111111111111	0.082518651505977	0.866666666666667	0	"model359"
-0.0244444444444444	0.0338640872612221	0.886666666666667	0.0338640872612221	0.0888888888888889	0	"model360"
-0.0955555555555556	0.0574253257579683	0.815555555555556	0.0574253257579683	0.0888888888888889	0	"model361"
-0.00444444444444444	0.0175291252832581	0.973333333333333	0.0175291252832581	0.0222222222222222	0	"model362"
0	0.0331269329999969	0.911111111111111	0.0331269329999969	0.0888888888888889	0	"model363"
-0.0733333333333333	0.0502940598422754	0.837777777777778	0.0502940598422754	0.0888888888888889	0	"model364"
0.42	0.10288032921758	0.42	0.10288032921758	1	0	"model365"
-0.124444444444444	0.0704288256237316	0.786666666666667	0.0704288256237316	0.0888888888888889	0	"model366"
0	0	1	0	0	0	"model367"
0.542222222222222	0.0504574410842264	0.675555555555556	0.0504574410842264	0.866666666666667	0	"model368"
-0.0533333333333333	0.0504574410842264	0.857777777777778	0.0504574410842264	0.0888888888888889	0	"model369"
0.511111111111111	0.0740740740740741	0.644444444444444	0.0740740740740741	0.866666666666667	0	"model370"
0	0	1	0	0	0	"model371"
0	0	1	0	0	0	"model372"
-0.0222222222222222	0.0234242789642102	0.977777777777778	0.0234242789642102	0	0	"model373"
0	0	1	0	0	0	"model374"
-0.115555555555556	0.0571859527870186	0.795555555555556	0.0571859527870186	0.0888888888888889	0	"model375"
-0.00222222222222222	0.00702728368926307	0.997777777777778	0.00702728368926308	0	0	"model376"
-0.0155555555555556	0.0392662467576254	0.917777777777778	0.0392662467576254	0.0666666666666667	0	"model377"
0.477777777777778	0.033538463474583	0.611111111111111	0.033538463474583	0.866666666666667	0	"model378"
-0.0177777777777778	0.0229510124219699	0.893333333333333	0.0229510124219699	0.0888888888888889	0	"model379"
0.357777777777778	0.0773001205818937	0.357777777777778	0.0773001205818937	1	0	"model380"
0.531111111111111	0.0840993598784295	0.553333333333333	0.0840993598784295	0.977777777777778	0	"model381"
0	0	1	0	0	0	"model382"
-0.0422222222222222	0.0690519774010158	0.868888888888889	0.0690519774010158	0.0888888888888889	0	"model383"
0.1	0.0459617542444106	0.722222222222222	0.0459617542444106	0.377777777777778	0	"model384"
0.262222222222222	0.0617974921914495	0.728888888888889	0.0617974921914495	0.533333333333333	0	"model385"
-0.0377777777777778	0.0235411090104751	0.873333333333333	0.0235411090104751	0.0888888888888889	0	"model386"
0.384444444444444	0.0637639680493551	0.673333333333333	0.0637639680493551	0.711111111111111	0	"model387"
-0.0711111111111111	0.0500205718996567	0.84	0.0500205718996567	0.0888888888888889	0	"model388"
-0.133333333333333	0.069487640886273	0.777777777777778	0.069487640886273	0.0888888888888889	0	"model389"
-0.00222222222222222	0.022098420578039	0.975555555555556	0.0220984205780389	0.0222222222222222	0	"model390"
-0.0444444444444444	0.0513200239279667	0.866666666666667	0.0513200239279667	0.0888888888888889	0	"model391"
0.00666666666666667	0.0315141442758261	0.962222222222222	0.0315141442758261	0.0444444444444444	0	"model392"
0.482222222222222	0.054483483106469	0.504444444444444	0.054483483106469	0.977777777777778	0	"model393"
0.54	0.0574253257579683	0.673333333333333	0.0574253257579683	0.866666666666667	0	"model394"
0.0533333333333333	0.0890122600639988	0.72	0.0890122600639988	0.333333333333333	0	"model395"
0.00222222222222222	0.0827841989389541	0.713333333333333	0.0827841989389541	0.288888888888889	0	"model396"
-0.0822222222222222	0.0502940598422754	0.828888888888889	0.0502940598422754	0.0888888888888889	0	"model397"
0	0	1	0	0	0	"model398"
-0.0333333333333333	0.0351364184463153	0.877777777777778	0.0351364184463153	0.0888888888888889	0	"model399"
-0.0244444444444444	0.0194576674615758	0.975555555555556	0.0194576674615758	0	0	"model400"
0.364444444444444	0.102746908944591	0.675555555555556	0.102746908944591	0.688888888888889	0	"model401"
-0.0155555555555556	0.0210818510677892	0.917777777777778	0.0210818510677892	0.0666666666666667	0	"model402"
0.233333333333333	0.0576161080966816	0.744444444444444	0.0576161080966817	0.488888888888889	0	"model403"
0	0	1	0	0	0	"model404"
-0.0911111111111111	0.0623719538815434	0.82	0.0623719538815434	0.0888888888888889	0	"model405"
-0.0377777777777778	0.0363642598774328	0.873333333333333	0.0363642598774328	0.0888888888888889	0	"model406"
-0.0822222222222222	0.0733669956409741	0.828888888888889	0.0733669956409741	0.0888888888888889	0	"model407"
-0.12	0.0470822180209502	0.768888888888889	0.0470822180209502	0.111111111111111	0	"model408"
-0.00444444444444444	0.0140545673785261	0.995555555555556	0.0140545673785261	0	0	"model409"
-0.02	0.0163969952749472	0.98	0.0163969952749471	0	0	"model410"
-0.06	0.0524306322049967	0.851111111111111	0.0524306322049967	0.0888888888888889	0	"model411"
0.442222222222222	0.0338640872612221	0.686666666666667	0.0338640872612221	0.755555555555556	0	"model412"
0	0	1	0	0	0	"model413"
-0.0177777777777778	0.0140545673785261	0.982222222222222	0.0140545673785261	0	0	"model414"
0.497777777777778	0.0756861616263396	0.631111111111111	0.0756861616263395	0.866666666666667	0	"model415"
-0.0222222222222222	0.0419026240703139	0.911111111111111	0.0419026240703139	0.0666666666666667	0	"model416"
-0.124444444444444	0.0756861616263396	0.764444444444444	0.0756861616263396	0.111111111111111	0	"model417"
0.0133333333333333	0.036589893437714	0.946666666666667	0.036589893437714	0.0666666666666667	0	"model418"
-0.00444444444444444	0.0344265186329548	0.906666666666667	0.0344265186329548	0.0888888888888889	0	"model419"
-0.00666666666666667	0.0107343531453255	0.993333333333333	0.0107343531453255	0	0	"model420"
0.488888888888889	0.0513200239279667	0.511111111111111	0.0513200239279667	0.977777777777778	0	"model421"
0.497777777777778	0.0719701203051326	0.608888888888889	0.0719701203051326	0.888888888888889	0	"model422"
0.0555555555555556	0.0764435831131492	0.722222222222222	0.0764435831131492	0.333333333333333	0	"model423"
0.408888888888889	0.0712036435004321	0.408888888888889	0.0712036435004321	1	0	"model424"
-0.12	0.0546343375246986	0.791111111111111	0.0546343375246986	0.0888888888888889	0	"model425"
-0.0666666666666667	0.0637209279040195	0.844444444444444	0.0637209279040195	0.0888888888888889	0	"model426"
-0.0422222222222222	0.0398212742391574	0.868888888888889	0.0398212742391574	0.0888888888888889	0	"model427"
-0.0133333333333333	0.0281091347570523	0.897777777777778	0.0281091347570523	0.0888888888888889	0	"model428"
-0.00888888888888889	0.0408416259321192	0.902222222222222	0.0408416259321192	0.0888888888888889	0	"model429"
-0.08	0.0585138300981674	0.764444444444444	0.0585138300981674	0.155555555555556	0	"model430"
-0.00666666666666667	0.0378430808131698	0.948888888888889	0.0378430808131698	0.0444444444444444	0	"model431"
-0.00444444444444444	0.00936971158568409	0.995555555555556	0.0093697115856841	0	0	"model432"
0.224444444444444	0.0721604674249336	0.713333333333333	0.0721604674249337	0.511111111111111	0	"model433"
0	0	1	0	0	0	"model434"
0	0	1	0	0	0	"model435"
-6.95922269464133e-19	0.0513200239279667	0.911111111111111	0.0513200239279667	0.0888888888888889	0	"model436"
-0.128888888888889	0.0403006533592161	0.737777777777778	0.0403006533592161	0.133333333333333	0	"model437"
0.446666666666667	0.0657967940480073	0.468888888888889	0.0657967940480073	0.977777777777778	0	"model438"
0.504444444444444	0.0755773389077612	0.615555555555556	0.0755773389077612	0.888888888888889	0	"model439"
-0.0133333333333333	0.0187394231713682	0.964444444444444	0.0187394231713682	0.0222222222222222	0	"model440"
-0.02	0.0449965705140369	0.935555555555556	0.0449965705140369	0.0444444444444444	0	"model441"
-0.00222222222222222	0.0449965705140369	0.908888888888889	0.0449965705140369	0.0888888888888889	0	"model442"
-0.0488888888888889	0.0581375314676995	0.862222222222222	0.0581375314676995	0.0888888888888889	0	"model443"
-0.106666666666667	0.0669131246852517	0.804444444444444	0.0669131246852516	0.0888888888888889	0	"model444"
0	0	1	0	0	0	"model445"
-0.0622222222222222	0.0652524905053192	0.76	0.0652524905053192	0.177777777777778	0	"model446"
0.371111111111111	0.0687333967979973	0.371111111111111	0.0687333967979973	1	0	"model447"
0.546666666666667	0.0556295803126477	0.568888888888889	0.0556295803126477	0.977777777777778	0	"model448"
0.444444444444444	0.0740740740740741	0.466666666666667	0.0740740740740741	0.977777777777778	0	"model449"
-0.00222222222222222	0.00702728368926307	0.997777777777778	0.00702728368926308	0	0	"model450"
0.0222222222222222	0.0296296296296296	0.955555555555556	0.0296296296296296	0.0666666666666667	0	"model451"
0.511111111111111	0.0811440825933579	0.6	0.0811440825933579	0.911111111111111	0	"model452"
-0.0977777777777778	0.036589893437714	0.813333333333333	0.036589893437714	0.0888888888888889	0	"model453"
0.497777777777778	0.0785324935152508	0.631111111111111	0.0785324935152508	0.866666666666667	0	"model454"
-0.0755555555555556	0.0630282885516523	0.835555555555556	0.0630282885516523	0.0888888888888889	0	"model455"
-0.104444444444444	0.0534669109114625	0.762222222222222	0.0534669109114625	0.133333333333333	0	"model456"
-0.00666666666666667	0.0235411090104751	0.971111111111111	0.0235411090104751	0.0222222222222222	0	"model457"
0.537777777777778	0.0635484758208214	0.671111111111111	0.0635484758208214	0.866666666666667	0	"model458"
-0.0755555555555556	0.0566073279245713	0.835555555555556	0.0566073279245713	0.0888888888888889	0	"model459"
-0.0133333333333333	0.0299977136760246	0.942222222222222	0.0299977136760246	0.0444444444444444	0	"model460"
0.466666666666667	0.0863844725162266	0.488888888888889	0.0863844725162267	0.977777777777778	0	"model461"
0.473333333333333	0.0480626020666914	0.584444444444444	0.0480626020666914	0.888888888888889	0	"model462"
-0.0222222222222222	0.0148148148148148	0.977777777777778	0.0148148148148148	0	0	"model463"
-0.0155555555555556	0.0149988568380123	0.984444444444444	0.0149988568380123	0	0	"model464"
-0.0511111111111111	0.0392662467576254	0.86	0.0392662467576254	0.0888888888888889	0	"model465"
-0.04	0.0511057431426973	0.871111111111111	0.0511057431426973	0.0888888888888889	0	"model466"
-0.0933333333333333	0.0466137265853401	0.817777777777778	0.0466137265853401	0.0888888888888889	0	"model467"
-0.00222222222222222	0.00702728368926307	0.997777777777778	0.00702728368926308	0	0	"model468"
-0.00666666666666667	0.0419680458495268	0.904444444444444	0.0419680458495268	0.0888888888888889	0	"model469"
0.528888888888889	0.0441968411560779	0.684444444444444	0.0441968411560779	0.844444444444444	0	"model470"
-0.0288888888888889	0.0210818510677892	0.882222222222222	0.0210818510677892	0.0888888888888889	0	"model471"
-0.0244444444444444	0.0424877937768888	0.908888888888889	0.0424877937768889	0.0666666666666667	0	"model472"
-0.124444444444444	0.0680514612021088	0.786666666666667	0.0680514612021088	0.0888888888888889	0	"model473"
0	0	1	0	0	0	"model474"
-0.0644444444444444	0.0354473662637197	0.846666666666667	0.0354473662637197	0.0888888888888889	0	"model475"
-0.0888888888888889	0.0592592592592593	0.822222222222222	0.0592592592592593	0.0888888888888889	0	"model476"
-0.00888888888888889	0.0446906759377729	0.902222222222222	0.0446906759377729	0.0888888888888889	0	"model477"
-0.0222222222222222	0.0377705149155021	0.911111111111111	0.0377705149155021	0.0666666666666667	0	"model478"
0.0111111111111111	0.0282065670587552	0.944444444444444	0.0282065670587552	0.0666666666666667	0	"model479"
0.497777777777778	0.0638929145269565	0.564444444444444	0.0638929145269565	0.933333333333333	0	"model480"
0.00444444444444444	0.0389153349231517	0.937777777777778	0.0389153349231517	0.0666666666666667	0	"model481"
-0.0577777777777778	0.0394752965762199	0.853333333333333	0.0394752965762199	0.0888888888888889	0	"model482"
-0.00888888888888889	0.0493580185154302	0.902222222222222	0.0493580185154302	0.0888888888888889	0	"model483"
0.0133333333333333	0.0238881711060698	0.946666666666667	0.0238881711060698	0.0666666666666667	0	"model484"
0	0	1	0	0	0	"model485"
0	0.0277159806427699	0.955555555555556	0.0277159806427699	0.0444444444444444	0	"model486"
-0.00666666666666667	0.0297220779966502	0.948888888888889	0.0297220779966502	0.0444444444444444	0	"model487"
-0.0933333333333333	0.0635484758208214	0.817777777777778	0.0635484758208214	0.0888888888888889	0	"model488"
0.00222222222222222	0.0322030594359765	0.957777777777778	0.0322030594359765	0.0444444444444444	0	"model489"
0.00222222222222222	0.0411761247694438	0.935555555555556	0.0411761247694439	0.0666666666666667	0	"model490"
-0.108888888888889	0.0736655400915663	0.735555555555556	0.0736655400915663	0.155555555555556	0	"model491"
-0.00888888888888889	0.0299977136760246	0.902222222222222	0.0299977136760246	0.0888888888888889	0	"model492"
-0.0222222222222222	0.0181443684650606	0.977777777777778	0.0181443684650606	0	0	"model493"
-0.0355555555555556	0.0408416259321192	0.897777777777778	0.0408416259321192	0.0666666666666667	0	"model494"
0.52	0.0949767136285902	0.564444444444444	0.0949767136285903	0.955555555555556	0	"model495"
0.04	0.0416399091038672	0.706666666666667	0.0416399091038673	0.333333333333333	0	"model496"
0.0133333333333333	0.0281091347570523	0.946666666666667	0.0281091347570523	0.0666666666666667	0	"model497"
-0.115555555555556	0.0789505931524399	0.795555555555556	0.0789505931524399	0.0888888888888889	0	"model498"
-0.0422222222222222	0.0338640872612221	0.868888888888889	0.0338640872612221	0.0888888888888889	0	"model499"
0.182222222222222	0.0823522495388877	0.715555555555556	0.0823522495388877	0.466666666666667	0	"model500"
0.497777777777778	0.0792281004866426	0.608888888888889	0.0792281004866426	0.888888888888889	0	"model501"
-0.0977777777777778	0.036589893437714	0.813333333333333	0.036589893437714	0.0888888888888889	0	"model502"
0.00666666666666667	0.0378430808131698	0.94	0.0378430808131698	0.0666666666666667	0	"model503"
-0.04	0.0466137265853401	0.871111111111111	0.0466137265853401	0.0888888888888889	0	"model504"
-0.00666666666666667	0.0107343531453255	0.993333333333333	0.0107343531453255	0	0	"model505"
0.00444444444444444	0.0252287205421132	0.915555555555556	0.0252287205421132	0.0888888888888889	0	"model506"
0.00444444444444444	0.0511057431426973	0.937777777777778	0.0511057431426973	0.0666666666666667	0	"model507"
-0.02	0.0194576674615758	0.98	0.0194576674615758	0	0	"model508"
-0.0111111111111111	0.0471404520791032	0.9	0.0471404520791032	0.0888888888888889	0	"model509"
-0.126666666666667	0.0491909858248415	0.762222222222222	0.0491909858248415	0.111111111111111	0	"model510"
0.00888888888888889	0.01553790886178	0.964444444444444	0.01553790886178	0.0444444444444444	0	"model511"
0.477777777777778	0.0639358388949336	0.566666666666667	0.0639358388949336	0.911111111111111	0	"model512"
0.00888888888888889	0.0238881711060698	0.942222222222222	0.0238881711060698	0.0666666666666667	0	"model513"
-0.08	0.0421637021355784	0.808888888888889	0.0421637021355784	0.111111111111111	0	"model514"
0.451111111111111	0.0784276203411344	0.451111111111111	0.0784276203411344	1	0	"model515"
-0.00444444444444444	0.0273171687623493	0.928888888888889	0.0273171687623493	0.0666666666666667	0	"model516"
-0.128888888888889	0.0403006533592161	0.76	0.0403006533592161	0.111111111111111	0	"model517"
-0.0155555555555556	0.0210818510677892	0.984444444444444	0.0210818510677892	0	0	"model518"
-0.0111111111111111	0.0157134840263677	0.988888888888889	0.0157134840263677	0	0	"model519"
0.522222222222222	0.081312957037408	0.655555555555556	0.081312957037408	0.866666666666667	0	"model520"
0.195555555555556	0.0542311265710315	0.706666666666667	0.0542311265710315	0.488888888888889	0	"model521"
-0.0111111111111111	0.038131963485137	0.9	0.0381319634851371	0.0888888888888889	0	"model522"
0.00666666666666667	0.0363642598774328	0.94	0.0363642598774328	0.0666666666666667	0	"model523"
-0.144444444444444	0.0471404520791032	0.722222222222222	0.0471404520791032	0.133333333333333	0	"model524"
-0.102222222222222	0.0482335425069621	0.72	0.0482335425069621	0.177777777777778	0	"model525"
0	0	1	0	0	0	"model526"
0	0.020951312035157	0.955555555555556	0.020951312035157	0.0444444444444444	0	"model527"
-0.0222222222222222	0.0601780622565627	0.888888888888889	0.0601780622565627	0.0888888888888889	0	"model528"
-0.02	0.024455665213658	0.891111111111111	0.024455665213658	0.0888888888888889	0	"model529"
0.475555555555556	0.0826183318139181	0.697777777777778	0.0826183318139181	0.777777777777778	0	"model530"
0.502222222222222	0.0672403301802087	0.635555555555556	0.0672403301802087	0.866666666666667	0	"model531"
-0.0355555555555556	0.0408416259321192	0.897777777777778	0.0408416259321192	0.0666666666666667	0	"model532"
0	0	1	0	0	0	"model533"
-0.02	0.024455665213658	0.891111111111111	0.024455665213658	0.0888888888888889	0	"model534"
0	0.0456623259479183	0.911111111111111	0.0456623259479184	0.0888888888888889	0	"model535"
-0.0155555555555556	0.0297220779966502	0.94	0.0297220779966502	0.0444444444444444	0	"model536"
-0.0688888888888889	0.0596744712922158	0.842222222222222	0.0596744712922158	0.0888888888888889	0	"model537"
0.328888888888889	0.0652524905053192	0.706666666666667	0.0652524905053192	0.622222222222222	0	"model538"
-0.00222222222222222	0.0266048666608414	0.953333333333333	0.0266048666608414	0.0444444444444444	0	"model539"
-0.00222222222222222	0.0398212742391574	0.931111111111111	0.0398212742391574	0.0666666666666667	0	"model540"
-0.0733333333333333	0.0611279438097119	0.837777777777778	0.0611279438097119	0.0888888888888889	0	"model541"
-0.0311111111111111	0.0238881711060698	0.968888888888889	0.0238881711060698	0	0	"model542"
-0.0355555555555556	0.036589893437714	0.875555555555556	0.036589893437714	0.0888888888888889	0	"model543"
0.0333333333333333	0.0261891400439462	0.966666666666667	0.0261891400439462	0.0666666666666667	0	"model544"
-0.0822222222222222	0.0378430808131698	0.828888888888889	0.0378430808131698	0.0888888888888889	0	"model545"
-0.0711111111111111	0.0532097333216829	0.84	0.0532097333216829	0.0888888888888889	0	"model546"
-0.00444444444444444	0.042937412581302	0.906666666666667	0.042937412581302	0.0888888888888889	0	"model547"
-0.104444444444444	0.0628975695269742	0.806666666666667	0.0628975695269742	0.0888888888888889	0	"model548"
-0.0177777777777778	0.0140545673785261	0.982222222222222	0.0140545673785261	0	0	"model549"
0.00444444444444444	0.0273171687623493	0.937777777777778	0.0273171687623493	0.0666666666666667	0	"model550"
-0.00222222222222222	0.00702728368926307	0.997777777777778	0.00702728368926308	0	0	"model551"
-0.0155555555555556	0.0432557076167598	0.895555555555556	0.0432557076167598	0.0888888888888889	0	"model552"
-0.0155555555555556	0.0297220779966502	0.895555555555556	0.0297220779966502	0.0888888888888889	0	"model553"
-0.0755555555555556	0.0470822180209502	0.835555555555555	0.0470822180209502	0.0888888888888889	0	"model554"
0.195555555555556	0.0753956186666635	0.706666666666667	0.0753956186666635	0.488888888888889	0	"model555"
-0.104444444444444	0.054483483106469	0.806666666666667	0.054483483106469	0.0888888888888889	0	"model556"
-0.0155555555555556	0.0574253257579683	0.917777777777778	0.0574253257579683	0.0666666666666667	0	"model557"
-0.102222222222222	0.0281091347570523	0.808888888888889	0.0281091347570522	0.0888888888888889	0	"model558"
0.542222222222222	0.0799176530919181	0.675555555555556	0.0799176530919181	0.866666666666667	0	"model559"
-0.00888888888888889	0.0281091347570523	0.924444444444444	0.0281091347570523	0.0666666666666667	0	"model560"
0	0	1	0	0	0	"model561"
-0.0177777777777778	0.0204208129660596	0.982222222222222	0.0204208129660596	0	0	"model562"
-0.0133333333333333	0.0334565623426258	0.897777777777778	0.0334565623426258	0.0888888888888889	0	"model563"
0	0	1	0	0	0	"model564"
-0.06	0.0419680458495268	0.851111111111111	0.0419680458495268	0.0888888888888889	0	"model565"
0.395555555555556	0.0652524905053192	0.395555555555556	0.0652524905053192	1	0	"model566"
-0.133333333333333	0.0314269680527354	0.777777777777778	0.0314269680527354	0.0888888888888889	0	"model567"
0	0	1	0	0	0	"model568"
-0.00888888888888889	0.01553790886178	0.991111111111111	0.01553790886178	0	0	"model569"
-0.0355555555555556	0.0482335425069621	0.875555555555556	0.0482335425069621	0.0888888888888889	0	"model570"
-0.00222222222222222	0.022098420578039	0.931111111111111	0.022098420578039	0.0666666666666667	0	"model571"
0.0244444444444444	0.0163969952749472	0.98	0.0163969952749471	0.0444444444444444	0	"model572"
-0.0511111111111111	0.0480626020666914	0.86	0.0480626020666914	0.0888888888888889	0	"model573"
0	0	1	0	0	0	"model574"
0.0155555555555556	0.040639605109171	0.948888888888889	0.040639605109171	0.0666666666666667	0	"model575"
0.391111111111111	0.0734790919563689	0.391111111111111	0.0734790919563689	1	0	"model576"
0.546666666666667	0.0749576926854727	0.68	0.0749576926854727	0.866666666666667	0	"model577"
0.00888888888888889	0.0281091347570523	0.964444444444444	0.0281091347570522	0.0444444444444444	0	"model578"
-0.0511111111111111	0.054483483106469	0.86	0.054483483106469	0.0888888888888889	0	"model579"
0.00666666666666667	0.0332096470688295	0.962222222222222	0.0332096470688295	0.0444444444444444	0	"model580"
-0.0133333333333333	0.0515334137212625	0.92	0.0515334137212625	0.0666666666666667	0	"model581"
-0.0977777777777778	0.0546343375246986	0.813333333333333	0.0546343375246986	0.0888888888888889	0	"model582"
-0.106666666666667	0.0489113304273161	0.76	0.0489113304273161	0.133333333333333	0	"model583"
-0.00444444444444444	0.03107581772356	0.906666666666667	0.0310758177235601	0.0888888888888889	0	"model584"
0.408888888888889	0.0317742379104107	0.408888888888889	0.0317742379104107	1	0	"model585"
0	0	1	0	0	0	"model586"
-0.0955555555555556	0.0432557076167598	0.815555555555556	0.0432557076167598	0.0888888888888889	0	"model587"
-0.0866666666666667	0.055875621231544	0.78	0.055875621231544	0.133333333333333	0	"model588"
-0.0311111111111111	0.036589893437714	0.902222222222222	0.036589893437714	0.0666666666666667	0	"model589"
-0.0111111111111111	0.0157134840263677	0.988888888888889	0.0157134840263677	0	0	"model590"
-0.0244444444444444	0.0398212742391574	0.931111111111111	0.0398212742391574	0.0444444444444444	0	"model591"
-0.135555555555556	0.0437601644081242	0.731111111111111	0.0437601644081242	0.133333333333333	0	"model592"
-0.0555555555555556	0.0576161080966817	0.855555555555556	0.0576161080966817	0.0888888888888889	0	"model593"
0.497777777777778	0.0664192941376589	0.52	0.0664192941376589	0.977777777777778	0	"model594"
-0.0111111111111111	0.0157134840263677	0.988888888888889	0.0157134840263677	0	0	"model595"
-0.126666666666667	0.0457223684800325	0.74	0.0457223684800325	0.133333333333333	0	"model596"
-0.02	0.0354473662637197	0.891111111111111	0.0354473662637197	0.0888888888888889	0	"model597"
-0.0177777777777778	0.0403006533592161	0.915555555555556	0.0403006533592161	0.0666666666666667	0	"model598"
-0.0133333333333333	0.01553790886178	0.986666666666667	0.01553790886178	0	0	"model599"
-0.04	0.042937412581302	0.871111111111111	0.042937412581302	0.0888888888888889	0	"model600"
-0.0822222222222222	0.054483483106469	0.828888888888889	0.054483483106469	0.0888888888888889	0	"model601"
-0.0844444444444444	0.0500205718996567	0.826666666666667	0.0500205718996567	0.0888888888888889	0	"model602"
-0.00444444444444444	0.0344265186329548	0.928888888888889	0.0344265186329548	0.0666666666666667	0	"model603"
-0.0244444444444444	0.0411761247694438	0.908888888888889	0.0411761247694438	0.0666666666666667	0	"model604"
-0.0355555555555556	0.0350582505665162	0.875555555555556	0.0350582505665162	0.0888888888888889	0	"model605"
-0.124444444444444	0.0459020248439398	0.764444444444444	0.0459020248439398	0.111111111111111	0	"model606"
-0.00222222222222222	0.00702728368926307	0.997777777777778	0.00702728368926308	0	0	"model607"
-0.0111111111111111	0.0422287194481162	0.9	0.0422287194481162	0.0888888888888889	0	"model608"
0.188888888888889	0.0576161080966816	0.722222222222222	0.0576161080966817	0.466666666666667	0	"model609"
-0.124444444444444	0.0546343375246986	0.742222222222222	0.0546343375246986	0.133333333333333	0	"model610"
-0.0333333333333333	0.0157134840263677	0.966666666666667	0.0157134840263677	0	0	"model611"
0	0	1	0	0	0	"model612"
0.42	0.087300625295325	0.42	0.087300625295325	1	0	"model613"
-0.0511111111111111	0.0534669109114625	0.86	0.0534669109114625	0.0888888888888889	0	"model614"
-0.0133333333333333	0.0334565623426258	0.92	0.0334565623426258	0.0666666666666667	0	"model615"
0.548888888888889	0.0593055374851795	0.704444444444444	0.0593055374851795	0.844444444444444	0	"model616"
-0.0888888888888889	0.0523782800878924	0.822222222222222	0.0523782800878924	0.0888888888888889	0	"model617"
-0.00666666666666667	0.0149988568380123	0.993333333333333	0.0149988568380123	0	0	"model618"
-0.0511111111111111	0.0378430808131698	0.86	0.0378430808131698	0.0888888888888889	0	"model619"
0	0	1	0	0	0	"model620"
-0.0177777777777778	0.0204208129660596	0.982222222222222	0.0204208129660596	0	0	"model621"
0.486666666666667	0.0528475821681095	0.686666666666667	0.0528475821681096	0.8	0	"model622"
-0.0933333333333333	0.0609031253069466	0.817777777777778	0.0609031253069465	0.0888888888888889	0	"model623"
-0.00444444444444444	0.00936971158568409	0.995555555555556	0.0093697115856841	0	0	"model624"
-0.00666666666666667	0.018294946718857	0.926666666666667	0.018294946718857	0.0666666666666667	0	"model625"
-0.0244444444444444	0.022098420578039	0.886666666666667	0.0220984205780389	0.0888888888888889	0	"model626"
-0.0311111111111111	0.0408416259321192	0.88	0.0408416259321192	0.0888888888888889	0	"model627"
-0.0711111111111111	0.0552336352068363	0.84	0.0552336352068363	0.0888888888888889	0	"model628"
0.00666666666666667	0.0235411090104751	0.962222222222222	0.0235411090104751	0.0444444444444444	0	"model629"
0.393333333333333	0.040639605109171	0.682222222222222	0.040639605109171	0.711111111111111	0	"model630"
-0.0666666666666667	0.0678900102956421	0.844444444444444	0.0678900102956421	0.0888888888888889	0	"model631"
0.308888888888889	0.0614859436131767	0.308888888888889	0.0614859436131767	1	0	"model632"
-0.0844444444444444	0.0344265186329548	0.826666666666667	0.0344265186329548	0.0888888888888889	0	"model633"
0.484444444444444	0.064406118871953	0.573333333333333	0.0644061188719531	0.911111111111111	0	"model634"
-0.08	0.0647459952101101	0.831111111111111	0.0647459952101101	0.0888888888888889	0	"model635"
-0.153333333333333	0.0285929763935093	0.757777777777778	0.0285929763935093	0.0888888888888889	0	"model636"
-0.0244444444444444	0.024455665213658	0.975555555555556	0.024455665213658	0	0	"model637"
-0.0688888888888889	0.0322030594359765	0.842222222222222	0.0322030594359765	0.0888888888888889	0	"model638"
-0.00222222222222222	0.0163969952749472	0.953333333333333	0.0163969952749471	0.0444444444444444	0	"model639"
0.0133333333333333	0.0334565623426258	0.946666666666667	0.0334565623426258	0.0666666666666667	0	"model640"
0	0	1	0	0	0	"model641"
0.448888888888889	0.0511057431426973	0.693333333333333	0.0511057431426973	0.755555555555556	0	"model642"
-0.0311111111111111	0.0421637021355784	0.88	0.0421637021355784	0.0888888888888889	0	"model643"
0.397777777777778	0.06825273777653	0.397777777777778	0.06825273777653	1	0	"model644"
-0.14	0.0654623736156613	0.748888888888889	0.0654623736156613	0.111111111111111	0	"model645"
0.00222222222222222	0.0194576674615758	0.98	0.0194576674615758	0.0222222222222222	0	"model646"
-0.0266666666666667	0.0327939905498943	0.884444444444444	0.0327939905498943	0.0888888888888889	0	"model647"
-0.0177777777777778	0.0273171687623493	0.915555555555556	0.0273171687623493	0.0666666666666667	0	"model648"
-0.0155555555555556	0.0332096470688295	0.917777777777778	0.0332096470688295	0.0666666666666667	0	"model649"
-0.106666666666667	0.0768373480289774	0.804444444444444	0.0768373480289774	0.0888888888888889	0	"model650"
-0.0222222222222222	0.0296296296296296	0.911111111111111	0.0296296296296297	0.0666666666666667	0	"model651"
-0.00444444444444445	0.0359850601525663	0.906666666666667	0.0359850601525663	0.0888888888888889	0	"model652"
-0.0911111111111111	0.06825273777653	0.82	0.06825273777653	0.0888888888888889	0	"model653"
-0.12	0.0696453882876632	0.791111111111111	0.0696453882876632	0.0888888888888889	0	"model654"
-0.0622222222222222	0.0500205718996567	0.848888888888889	0.0500205718996567	0.0888888888888889	0	"model655"
0.0133333333333333	0.0281091347570523	0.968888888888889	0.0281091347570522	0.0444444444444444	0	"model656"
-0.0888888888888889	0.0544331053951817	0.822222222222222	0.0544331053951817	0.0888888888888889	0	"model657"
-0.0177777777777778	0.0344265186329548	0.915555555555556	0.0344265186329548	0.0666666666666667	0	"model658"
-0.00222222222222222	0.022098420578039	0.975555555555556	0.0220984205780389	0.0222222222222222	0	"model659"
-0.0177777777777778	0.0140545673785261	0.982222222222222	0.0140545673785261	0	0	"model660"
-0.0133333333333333	0.0350582505665162	0.942222222222222	0.0350582505665163	0.0444444444444444	0	"model661"
-0.04	0.0685335318887133	0.871111111111111	0.0685335318887133	0.0888888888888889	0	"model662"
0.386666666666667	0.060360144555447	0.386666666666667	0.060360144555447	1	0	"model663"
0.0111111111111111	0.0566557723732532	0.677777777777778	0.0566557723732532	0.333333333333333	0	"model664"
0.453333333333333	0.0742220743696317	0.697777777777778	0.0742220743696317	0.755555555555556	0	"model665"
-0.0266666666666667	0.0204208129660596	0.973333333333333	0.0204208129660596	0	0	"model666"
-0.0755555555555556	0.0504574410842264	0.835555555555556	0.0504574410842264	0.0888888888888889	0	"model667"
0.417777777777778	0.0571859527870186	0.44	0.0571859527870186	0.977777777777778	0	"model668"
0.48	0.0459020248439397	0.568888888888889	0.0459020248439397	0.911111111111111	0	"model669"
-0.0244444444444444	0.0411761247694438	0.908888888888889	0.0411761247694439	0.0666666666666667	0	"model670"
-0.0422222222222222	0.0517989147764358	0.868888888888889	0.0517989147764358	0.0888888888888889	0	"model671"
-0.0555555555555556	0.0604055793714818	0.855555555555556	0.0604055793714818	0.0888888888888889	0	"model672"
0.373333333333333	0.0644061188719531	0.706666666666667	0.0644061188719531	0.666666666666667	0	"model673"
-0.00444444444444444	0.0204208129660596	0.928888888888889	0.0204208129660596	0.0666666666666667	0	"model674"
0.404444444444444	0.0562182695141045	0.404444444444444	0.0562182695141045	1	0	"model675"
0.504444444444444	0.0662952617341169	0.593333333333333	0.0662952617341169	0.911111111111111	0	"model676"
-0.00222222222222222	0.0266048666608414	0.931111111111111	0.0266048666608415	0.0666666666666667	0	"model677"
-0.0955555555555556	0.0315141442758261	0.793333333333333	0.0315141442758261	0.111111111111111	0	"model678"
-0.00888888888888889	0.01553790886178	0.991111111111111	0.01553790886178	0	0	"model679"
-0.0177777777777778	0.0140545673785261	0.982222222222222	0.0140545673785261	0	0	"model680"
0.00222222222222222	0.0285929763935093	0.913333333333333	0.0285929763935093	0.0888888888888889	0	"model681"
0.0133333333333333	0.0446906759377729	0.924444444444444	0.0446906759377729	0.0888888888888889	0	"model682"
0.0155555555555556	0.0149988568380123	0.948888888888889	0.0149988568380123	0.0666666666666667	0	"model683"
0.00222222222222222	0.0322030594359765	0.957777777777778	0.0322030594359765	0.0444444444444444	0	"model684"
-0.00222222222222222	0.0322030594359765	0.975555555555556	0.0322030594359765	0.0222222222222222	0	"model685"
-0.02	0.022098420578039	0.98	0.022098420578039	0	0	"model686"
-0.00666666666666667	0.0363642598774328	0.948888888888889	0.0363642598774328	0.0444444444444444	0	"model687"
-0.0866666666666667	0.0596744712922158	0.824444444444444	0.0596744712922158	0.0888888888888889	0	"model688"
-0.0511111111111111	0.0564617451856578	0.86	0.0564617451856578	0.0888888888888889	0	"model689"
-0.00444444444444444	0.0441968411560779	0.928888888888889	0.0441968411560779	0.0666666666666667	0	"model690"
-0.0355555555555556	0.0317742379104107	0.875555555555556	0.0317742379104107	0.0888888888888889	0	"model691"
-0.0311111111111111	0.0421637021355784	0.902222222222222	0.0421637021355784	0.0666666666666667	0	"model692"
0.00666666666666667	0.0524306322049967	0.917777777777778	0.0524306322049967	0.0888888888888889	0	"model693"
-0.108888888888889	0.0847492873183027	0.802222222222222	0.0847492873183027	0.0888888888888889	0	"model694"
0.486666666666667	0.0398212742391574	0.508888888888889	0.0398212742391574	0.977777777777778	0	"model695"
0	0	1	0	0	0	"model696"
0.486666666666667	0.0632455532033676	0.575555555555555	0.0632455532033676	0.911111111111111	0	"model697"
0.506666666666667	0.0746643150717283	0.662222222222222	0.0746643150717283	0.844444444444444	0	"model698"
-0.0111111111111111	0.0117121394821051	0.988888888888889	0.0117121394821051	0	0	"model699"
0	0	1	0	0	0	"model700"
-0.0866666666666667	0.0304515626534733	0.824444444444444	0.0304515626534733	0.0888888888888889	0	"model701"
0.453333333333333	0.109469352307622	0.542222222222222	0.109469352307622	0.911111111111111	0	"model702"
-0.0955555555555556	0.0662952617341169	0.815555555555556	0.0662952617341169	0.0888888888888889	0	"model703"
0.0644444444444444	0.055875621231544	0.731111111111111	0.055875621231544	0.333333333333333	0	"model704"
0	0	1	0	0	0	"model705"
0.0266666666666667	0.0416399091038672	0.96	0.0416399091038672	0.0666666666666667	0	"model706"
0.0155555555555556	0.0297220779966502	0.948888888888889	0.0297220779966502	0.0666666666666667	0	"model707"
-0.00222222222222222	0.0354473662637197	0.931111111111111	0.0354473662637197	0.0666666666666667	0	"model708"
-0.00666666666666667	0.0149988568380123	0.993333333333333	0.0149988568380123	0	0	"model709"
0.0222222222222222	0.0181443684650606	0.955555555555556	0.0181443684650606	0.0666666666666667	0	"model710"
0.415555555555556	0.081177885586948	0.415555555555556	0.081177885586948	1	0	"model711"
-0.0377777777777778	0.0502940598422754	0.873333333333333	0.0502940598422754	0.0888888888888889	0	"model712"
-0.117777777777778	0.0432557076167598	0.793333333333333	0.0432557076167598	0.0888888888888889	0	"model713"
-0.0222222222222222	0.0362887369301212	0.911111111111111	0.0362887369301212	0.0666666666666667	0	"model714"
0.00666666666666667	0.018294946718857	0.984444444444444	0.018294946718857	0.0222222222222222	0	"model715"
0	0	1	0	0	0	"model716"
-0.0355555555555556	0.0408416259321192	0.875555555555556	0.0408416259321192	0.0888888888888889	0	"model717"
0.0377777777777778	0.0662952617341169	0.726666666666667	0.0662952617341169	0.311111111111111	0	"model718"
-0.0488888888888889	0.0374788463427363	0.862222222222222	0.0374788463427363	0.0888888888888889	0	"model719"
0.00222222222222222	0.0304515626534733	0.957777777777778	0.0304515626534733	0.0444444444444444	0	"model720"
-0.00666666666666667	0.0502940598422754	0.904444444444444	0.0502940598422754	0.0888888888888889	0	"model721"
-0.0533333333333333	0.0470822180209502	0.857777777777778	0.0470822180209502	0.0888888888888889	0	"model722"
-0.00222222222222222	0.00702728368926307	0.997777777777778	0.00702728368926308	0	0	"model723"
0	0	1	0	0	0	"model724"
0	0	1	0	0	0	"model725"
-0.0733333333333333	0.0710879591941338	0.837777777777778	0.0710879591941338	0.0888888888888889	0	"model726"
-0.00222222222222222	0.00702728368926307	0.997777777777778	0.00702728368926308	0	0	"model727"
-0.0288888888888889	0.0392662467576254	0.904444444444444	0.0392662467576254	0.0666666666666667	0	"model728"
0.00222222222222222	0.0449965705140369	0.913333333333333	0.0449965705140369	0.0888888888888889	0	"model729"
0	0	1	0	0	0	"model730"
-0.00444444444444444	0.0229510124219699	0.973333333333333	0.0229510124219699	0.0222222222222222	0	"model731"
-0.0133333333333333	0.0334565623426258	0.92	0.0334565623426259	0.0666666666666667	0	"model732"
0.00666666666666667	0.0445061300319994	0.94	0.0445061300319994	0.0666666666666667	0	"model733"
0	0	1	0	0	0	"model734"
0.415555555555556	0.0554814320328119	0.704444444444444	0.0554814320328119	0.711111111111111	0	"model735"
0	0	1	0	0	0	"model736"
-0.0311111111111111	0.0408416259321192	0.88	0.0408416259321192	0.0888888888888889	0	"model737"
0.504444444444444	0.0611279438097119	0.637777777777778	0.0611279438097119	0.866666666666667	0	"model738"
-0.0733333333333333	0.0593055374851795	0.837777777777778	0.0593055374851795	0.0888888888888889	0	"model739"
-0.00222222222222222	0.00702728368926307	0.997777777777778	0.00702728368926308	0	0	"model740"
0.00222222222222222	0.0338640872612221	0.935555555555556	0.0338640872612221	0.0666666666666667	0	"model741"
0.00222222222222222	0.0449965705140369	0.935555555555556	0.0449965705140369	0.0666666666666667	0	"model742"
0.517777777777778	0.0679304089962096	0.628888888888889	0.0679304089962096	0.888888888888889	0	"model743"
-0.0244444444444444	0.0285929763935093	0.975555555555556	0.0285929763935093	0	0	"model744"
0	0	1	0	0	0	"model745"
-0.02	0.0369628887403693	0.913333333333333	0.0369628887403693	0.0666666666666667	0	"model746"
0.0133333333333333	0.0260841731283837	0.924444444444444	0.0260841731283838	0.0888888888888889	0	"model747"
0.504444444444444	0.0798145999825243	0.637777777777778	0.0798145999825243	0.866666666666667	0	"model748"
-0.02	0.022098420578039	0.98	0.022098420578039	0	0	"model749"
-0.0444444444444444	0.0564131341175104	0.866666666666667	0.0564131341175104	0.0888888888888889	0	"model750"
-0.115555555555556	0.0685335318887133	0.795555555555556	0.0685335318887133	0.0888888888888889	0	"model751"
0.462222222222222	0.0454213621237212	0.462222222222222	0.0454213621237212	1	0	"model752"
0	0.0347438204431365	0.955555555555556	0.0347438204431365	0.0444444444444444	0	"model753"
-0.0533333333333333	0.036589893437714	0.857777777777778	0.036589893437714	0.0888888888888889	0	"model754"
0	0	1	0	0	0	"model755"
-0.131111111111111	0.0578062607855605	0.757777777777778	0.0578062607855605	0.111111111111111	0	"model756"
-0.00666666666666667	0.0235411090104751	0.971111111111111	0.0235411090104751	0.0222222222222222	0	"model757"
0	0	1	0	0	0	"model758"
0.544444444444444	0.0833127546607555	0.677777777777778	0.0833127546607555	0.866666666666667	0	"model759"
0	0	1	0	0	0	"model760"
-0.0666666666666667	0.0702728368926307	0.844444444444444	0.0702728368926307	0.0888888888888889	0	"model761"
0.493333333333333	0.0677281745224442	0.626666666666667	0.0677281745224442	0.866666666666667	0	"model762"
-0.0511111111111111	0.0419680458495268	0.86	0.0419680458495268	0.0888888888888889	0	"model763"
-0.00444444444444444	0.0344265186329548	0.928888888888889	0.0344265186329548	0.0666666666666667	0	"model764"
-0.0488888888888889	0.042937412581302	0.862222222222222	0.042937412581302	0.0888888888888889	0	"model765"
0.451111111111111	0.0628975695269742	0.473333333333333	0.0628975695269742	0.977777777777778	0	"model766"
-0.0177777777777778	0.03107581772356	0.915555555555556	0.0310758177235601	0.0666666666666667	0	"model767"
-0.128888888888889	0.05907378381445	0.76	0.05907378381445	0.111111111111111	0	"model768"
-0.00222222222222222	0.00702728368926307	0.997777777777778	0.00702728368926308	0	0	"model769"
0	0	1	0	0	0	"model770"
0.511111111111111	0.0762639269702741	0.666666666666667	0.0762639269702741	0.844444444444444	0	"model771"
-0.0577777777777778	0.0515334137212625	0.853333333333333	0.0515334137212625	0.0888888888888889	0	"model772"
0.0311111111111111	0.0260841731283837	0.964444444444444	0.0260841731283837	0.0666666666666667	0	"model773"
-0.00222222222222222	0.00702728368926307	0.997777777777778	0.00702728368926308	0	0	"model774"
-0.1	0.0482903881866863	0.811111111111111	0.0482903881866863	0.0888888888888889	0	"model775"
-0.00888888888888889	0.0114755062109849	0.991111111111111	0.011475506210985	0	0	"model776"
0.444444444444444	0.0851046318005634	0.444444444444444	0.0851046318005634	1	0	"model777"
-0.00444444444444444	0.00936971158568409	0.995555555555556	0.0093697115856841	0	0	"model778"
0.437777777777778	0.0919533489403421	0.437777777777778	0.0919533489403421	1	0	"model779"
-0.0711111111111111	0.0626790986705368	0.84	0.0626790986705368	0.0888888888888889	0	"model780"
0	0.0419026240703139	0.933333333333333	0.0419026240703139	0.0666666666666667	0	"model781"
-0.02	0.0354473662637197	0.913333333333333	0.0354473662637197	0.0666666666666667	0	"model782"
-0.0533333333333333	0.0575684717858532	0.857777777777778	0.0575684717858532	0.0888888888888889	0	"model783"
0.493333333333333	0.0856188638625179	0.604444444444444	0.0856188638625179	0.888888888888889	0	"model784"
-0.0866666666666667	0.0657967940480073	0.824444444444444	0.0657967940480073	0.0888888888888889	0	"model785"
-0.00222222222222222	0.022098420578039	0.931111111111111	0.022098420578039	0.0666666666666667	0	"model786"
-0.0822222222222222	0.0378430808131698	0.828888888888889	0.0378430808131698	0.0888888888888889	0	"model787"
-0.00666666666666667	0.0445061300319994	0.904444444444444	0.0445061300319994	0.0888888888888889	0	"model788"
-0.00888888888888889	0.0281091347570523	0.946666666666667	0.0281091347570523	0.0444444444444444	0	"model789"
0.404444444444444	0.0796425484783147	0.426666666666667	0.0796425484783147	0.977777777777778	0	"model790"
-0.0422222222222222	0.0485171048705565	0.868888888888889	0.0485171048705565	0.0888888888888889	0	"model791"
-0.0511111111111111	0.0513734544722954	0.86	0.0513734544722954	0.0888888888888889	0	"model792"
0	0	1	0	0	0	"model793"
-0.00222222222222222	0.00702728368926307	0.997777777777778	0.00702728368926308	0	0	"model794"
-0.0444444444444444	0.0502394813564835	0.866666666666667	0.0502394813564835	0.0888888888888889	0	"model795"
0.42	0.0485171048705565	0.42	0.0485171048705565	1	0	"model796"
0.36	0.0542311265710315	0.36	0.0542311265710315	1	0	"model797"
-0.0111111111111111	0.038131963485137	0.9	0.0381319634851371	0.0888888888888889	0	"model798"
-0.00222222222222222	0.00702728368926307	0.997777777777778	0.00702728368926308	0	0	"model799"
0.466666666666667	0.0851046318005634	0.488888888888889	0.0851046318005634	0.977777777777778	0	"model800"
-0.0155555555555556	0.0445061300319994	0.917777777777778	0.0445061300319994	0.0666666666666667	0	"model801"
0.0133333333333333	0.0260841731283837	0.946666666666667	0.0260841731283837	0.0666666666666667	0	"model802"
-0.0488888888888889	0.0416399091038672	0.862222222222222	0.0416399091038672	0.0888888888888889	0	"model803"
-0.0111111111111111	0.038131963485137	0.944444444444444	0.038131963485137	0.0444444444444444	0	"model804"
0	0	1	0	0	0	"model805"
0.491111111111111	0.0891662339899506	0.713333333333333	0.0891662339899506	0.777777777777778	0	"model806"
-0.113333333333333	0.0807713159913125	0.775555555555556	0.0807713159913125	0.111111111111111	0	"model807"
0.00444444444444445	0.03107581772356	0.96	0.03107581772356	0.0444444444444444	0	"model808"
0.0422222222222222	0.0485171048705565	0.664444444444444	0.0485171048705565	0.377777777777778	0	"model809"
0.486666666666667	0.0587477927671062	0.62	0.0587477927671062	0.866666666666667	0	"model810"
-0.0688888888888889	0.0587477927671062	0.842222222222222	0.0587477927671062	0.0888888888888889	0	"model811"
-0.131111111111111	0.06825273777653	0.735555555555556	0.06825273777653	0.133333333333333	0	"model812"
0.393333333333333	0.040639605109171	0.393333333333333	0.040639605109171	1	0	"model813"
-0.133333333333333	0.0654204508616878	0.755555555555556	0.0654204508616877	0.111111111111111	0	"model814"
-0.0422222222222222	0.0398212742391574	0.868888888888889	0.0398212742391574	0.0888888888888889	0	"model815"
-0.0444444444444444	0.0468485579284204	0.866666666666667	0.0468485579284204	0.0888888888888889	0	"model816"
-0.02	0.0163969952749472	0.98	0.0163969952749471	0	0	"model817"
-0.1	0.0422287194481162	0.811111111111111	0.0422287194481162	0.0888888888888889	0	"model818"
0.455555555555556	0.0735164194121452	0.588888888888889	0.0735164194121452	0.866666666666667	0	"model819"
-0.00222222222222222	0.0266048666608414	0.953333333333333	0.0266048666608414	0.0444444444444444	0	"model820"
-0.0422222222222222	0.0369628887403693	0.868888888888889	0.0369628887403693	0.0888888888888889	0	"model821"
0.00222222222222222	0.0398212742391574	0.913333333333333	0.0398212742391574	0.0888888888888889	0	"model822"
-0.0422222222222222	0.0398212742391574	0.868888888888889	0.0398212742391574	0.0888888888888889	0	"model823"
0.0222222222222222	0.0256600119639834	0.955555555555556	0.0256600119639834	0.0666666666666667	0	"model824"
0.00888888888888889	0.0299977136760246	0.942222222222222	0.0299977136760246	0.0666666666666667	0	"model825"
0	0	1	0	0	0	"model826"
-0.0222222222222222	0.0554319612855399	0.888888888888889	0.0554319612855399	0.0888888888888889	0	"model827"
0.464444444444444	0.0568491373462219	0.486666666666667	0.0568491373462219	0.977777777777778	0	"model828"
0.00222222222222222	0.054884840156571	0.913333333333333	0.054884840156571	0.0888888888888889	0	"model829"
-0.00444444444444444	0.00936971158568409	0.995555555555556	0.0093697115856841	0	0	"model830"
-0.02	0.0449965705140369	0.891111111111111	0.0449965705140369	0.0888888888888889	0	"model831"
-0.0377777777777778	0.0554814320328119	0.873333333333333	0.0554814320328119	0.0888888888888889	0	"model832"
-0.0266666666666667	0.0204208129660596	0.973333333333333	0.0204208129660596	0	0	"model833"
-0.0244444444444444	0.0538758416176835	0.886666666666667	0.0538758416176835	0.0888888888888889	0	"model834"
0	0	1	0	0	0	"model835"
0	0	1	0	0	0	"model836"
-0.0577777777777778	0.0688530372659096	0.853333333333333	0.0688530372659096	0.0888888888888889	0	"model837"
0.0133333333333333	0.0114755062109849	0.968888888888889	0.0114755062109849	0.0444444444444444	0	"model838"
-0.0133333333333333	0.0515334137212625	0.92	0.0515334137212625	0.0666666666666667	0	"model839"
0	0	1	0	0	0	"model840"
0	0	1	0	0	0	"model841"
0.453333333333333	0.0585138300981674	0.564444444444444	0.0585138300981674	0.888888888888889	0	"model842"
0.328888888888889	0.0716645133182093	0.328888888888889	0.0716645133182093	1	0	"model843"
0.54	0.0574253257579683	0.562222222222222	0.0574253257579683	0.977777777777778	0	"model844"
6.9524464310633e-19	0.0491351820793393	0.911111111111111	0.0491351820793393	0.0888888888888889	0	"model845"
0	0	1	0	0	0	"model846"
-0.0822222222222222	0.0513734544722954	0.828888888888889	0.0513734544722954	0.0888888888888889	0	"model847"
-0.0933333333333333	0.0273171687623493	0.817777777777778	0.0273171687623493	0.0888888888888889	0	"model848"
-0.0688888888888889	0.0736655400915663	0.842222222222222	0.0736655400915663	0.0888888888888889	0	"model849"
-0.0244444444444444	0.0485171048705565	0.886666666666667	0.0485171048705565	0.0888888888888889	0	"model850"
-0.0155555555555556	0.0457223684800325	0.895555555555556	0.0457223684800325	0.0888888888888889	0	"model851"
-0.153333333333333	0.0674440274968299	0.713333333333333	0.0674440274968298	0.133333333333333	0	"model852"
0	0	1	0	0	0	"model853"
-0.0688888888888889	0.0384186740144887	0.842222222222222	0.0384186740144887	0.0888888888888889	0	"model854"
-0.00444444444444444	0.0140545673785261	0.973333333333333	0.0140545673785261	0.0222222222222222	0	"model855"
-0.0133333333333333	0.0114755062109849	0.986666666666667	0.011475506210985	0	0	"model856"
0	0.0362887369301212	0.911111111111111	0.0362887369301212	0.0888888888888889	0	"model857"
0.0111111111111111	0.0215961181290567	0.944444444444444	0.0215961181290567	0.0666666666666667	0	"model858"
0.00666666666666667	0.0210818510677892	0.962222222222222	0.0210818510677892	0.0444444444444444	0	"model859"
0.391111111111111	0.0727285197548656	0.391111111111111	0.0727285197548656	1	0	"model860"
-0.0244444444444444	0.0194576674615758	0.975555555555556	0.0194576674615758	0	0	"model861"
-0.00666666666666667	0.0378430808131698	0.926666666666667	0.0378430808131698	0.0666666666666667	0	"model862"
0	0	1	0	0	0	"model863"
-0.0222222222222222	0.0468485579284204	0.911111111111111	0.0468485579284204	0.0666666666666667	0	"model864"
-0.0155555555555556	0.0149988568380123	0.984444444444444	0.0149988568380123	0	0	"model865"
0	0	1	0	0	0	"model866"
0	0	1	0	0	0	"model867"
-0.00666666666666667	0.0149988568380123	0.993333333333333	0.0149988568380123	0	0	"model868"
-0.00666666666666667	0.0419680458495268	0.904444444444444	0.0419680458495268	0.0888888888888889	0	"model869"
-0.00444444444444444	0.0273171687623493	0.951111111111111	0.0273171687623493	0.0444444444444444	0	"model870"
-0.00666666666666667	0.0107343531453255	0.993333333333333	0.0107343531453255	0	0	"model871"
-0.00888888888888889	0.0114755062109849	0.991111111111111	0.011475506210985	0	0	"model872"
-0.0711111111111111	0.0617974921914495	0.817777777777778	0.0617974921914495	0.111111111111111	0	"model873"
0.502222222222222	0.0536206253951225	0.591111111111111	0.0536206253951226	0.911111111111111	0	"model874"
-0.104444444444444	0.0445061300319994	0.762222222222222	0.0445061300319994	0.133333333333333	0	"model875"
0.00222222222222222	0.0538758416176835	0.935555555555556	0.0538758416176835	0.0666666666666667	0	"model876"
-0.0866666666666667	0.0354473662637197	0.735555555555556	0.0354473662637197	0.177777777777778	0	"model877"
0.46	0.0654623736156613	0.46	0.0654623736156613	1	0	"model878"
-0.0422222222222222	0.0736655400915663	0.868888888888889	0.0736655400915663	0.0888888888888889	0	"model879"
0.0222222222222222	0.0277159806427699	0.955555555555556	0.0277159806427699	0.0666666666666667	0	"model880"
0.00888888888888889	0.021468706290651	0.92	0.0214687062906511	0.0888888888888889	0	"model881"
0.0177777777777778	0.0229510124219699	0.973333333333333	0.0229510124219699	0.0444444444444444	0	"model882"
-0.0555555555555556	0.0482903881866863	0.855555555555556	0.0482903881866863	0.0888888888888889	0	"model883"
0	0	1	0	0	0	"model884"
-0.0577777777777778	0.0612624388981788	0.853333333333333	0.0612624388981788	0.0888888888888889	0	"model885"
-0.0111111111111111	0.0117121394821051	0.988888888888889	0.0117121394821051	0	0	"model886"
-0.0555555555555556	0.0505117840629106	0.855555555555556	0.0505117840629106	0.0888888888888889	0	"model887"
0	0	1	0	0	0	"model888"
-0.00444444444444444	0.00936971158568409	0.995555555555556	0.0093697115856841	0	0	"model889"
0.0133333333333333	0.0334565623426258	0.924444444444444	0.0334565623426259	0.0888888888888889	0	"model890"
-0.0133333333333333	0.03805994838123	0.92	0.03805994838123	0.0666666666666667	0	"model891"
-0.0311111111111111	0.0421637021355784	0.88	0.0421637021355784	0.0888888888888889	0	"model892"
0	0	1	0	0	0	"model893"
-0.0733333333333333	0.0602236344420084	0.815555555555556	0.0602236344420084	0.111111111111111	0	"model894"
0.0266666666666667	0.0252287205421132	0.96	0.0252287205421132	0.0666666666666667	0	"model895"
0.16	0.0644061188719531	0.693333333333333	0.064406118871953	0.466666666666667	0	"model896"
-0.102222222222222	0.0727285197548656	0.808888888888889	0.0727285197548657	0.0888888888888889	0	"model897"
0	0	1	0	0	0	"model898"
-0.0666666666666667	0.0637209279040195	0.844444444444444	0.0637209279040195	0.0888888888888889	0	"model899"
-0.0666666666666667	0.0554319612855399	0.844444444444444	0.0554319612855399	0.0888888888888889	0	"model900"
0	0.0296296296296296	0.933333333333333	0.0296296296296296	0.0666666666666667	0	"model901"
-0.124444444444444	0.0525873758497744	0.786666666666667	0.0525873758497744	0.0888888888888889	0	"model902"
0.375555555555556	0.0507285738318931	0.375555555555556	0.0507285738318931	1	0	"model903"
0.0244444444444444	0.0194576674615758	0.98	0.0194576674615758	0.0444444444444444	0	"model904"
0.00666666666666667	0.0332096470688295	0.917777777777778	0.0332096470688295	0.0888888888888889	0	"model905"
0.508888888888889	0.0587477927671062	0.642222222222222	0.0587477927671062	0.866666666666667	0	"model906"
-0.0333333333333333	0.0282065670587552	0.877777777777778	0.0282065670587552	0.0888888888888889	0	"model907"
-0.00444444444444444	0.00936971158568409	0.995555555555556	0.0093697115856841	0	0	"model908"
0	0	1	0	0	0	"model909"
-0.0866666666666667	0.0578062607855605	0.824444444444444	0.0578062607855605	0.0888888888888889	0	"model910"
0.475555555555556	0.0778306698463034	0.72	0.0778306698463034	0.755555555555556	0	"model911"
3.48299947910968e-19	0.0419026240703139	0.911111111111111	0.0419026240703139	0.0888888888888889	0	"model912"
0	0	1	0	0	0	"model913"
0.477777777777778	0.0757224011120773	0.544444444444444	0.0757224011120773	0.933333333333333	0	"model914"
-0.0177777777777778	0.0229510124219699	0.982222222222222	0.0229510124219699	0	0	"model915"
-0.00222222222222222	0.00702728368926307	0.997777777777778	0.00702728368926308	0	0	"model916"
-0.0177777777777778	0.042937412581302	0.915555555555556	0.042937412581302	0.0666666666666667	0	"model917"
-0.0622222222222222	0.0609031253069466	0.848888888888889	0.0609031253069466	0.0888888888888889	0	"model918"
-0.0377777777777778	0.0602236344420084	0.873333333333333	0.0602236344420084	0.0888888888888889	0	"model919"
0.493333333333333	0.0669131246852516	0.626666666666667	0.0669131246852517	0.866666666666667	0	"model920"
0.0133333333333333	0.0187394231713682	0.968888888888889	0.0187394231713682	0.0444444444444444	0	"model921"
-0.0488888888888889	0.0500205718996567	0.862222222222222	0.0500205718996567	0.0888888888888889	0	"model922"
-0.00222222222222222	0.0338640872612221	0.931111111111111	0.0338640872612221	0.0666666666666667	0	"model923"
0.484444444444444	0.0416399091038673	0.573333333333333	0.0416399091038673	0.911111111111111	0	"model924"
-0.00222222222222222	0.0285929763935093	0.953333333333333	0.0285929763935093	0.0444444444444444	0	"model925"
0.0177777777777778	0.0229510124219699	0.973333333333333	0.0229510124219699	0.0444444444444444	0	"model926"
-0.0844444444444444	0.042937412581302	0.826666666666667	0.042937412581302	0.0888888888888889	0	"model927"
-0.0933333333333333	0.0511057431426973	0.817777777777778	0.0511057431426973	0.0888888888888889	0	"model928"
0.468888888888889	0.055875621231544	0.468888888888889	0.055875621231544	1	0	"model929"
0.00888888888888889	0.0317742379104107	0.964444444444444	0.0317742379104107	0.0444444444444444	0	"model930"
0.06	0.0838379781743461	0.682222222222222	0.0838379781743462	0.377777777777778	0	"model931"
0.02	0.0285929763935093	0.953333333333333	0.0285929763935093	0.0666666666666667	0	"model932"
-0.0666666666666667	0.0347438204431365	0.844444444444444	0.0347438204431365	0.0888888888888889	0	"model933"
0.0155555555555556	0.0315141442758261	0.948888888888889	0.0315141442758262	0.0666666666666667	0	"model934"
-0.00222222222222222	0.0411761247694438	0.931111111111111	0.0411761247694438	0.0666666666666667	0	"model935"
-0.04	0.0571859527870186	0.871111111111111	0.0571859527870186	0.0888888888888889	0	"model936"
-0.106666666666667	0.0708947325274394	0.76	0.0708947325274394	0.133333333333333	0	"model937"
-0.0111111111111111	0.0435086671276694	0.922222222222222	0.0435086671276694	0.0666666666666667	0	"model938"
0	0	1	0	0	0	"model939"
-0.0444444444444444	0.0256600119639834	0.866666666666667	0.0256600119639834	0.0888888888888889	0	"model940"
0	0	1	0	0	0	"model941"
0.546666666666667	0.0704288256237316	0.635555555555556	0.0704288256237317	0.911111111111111	0	"model942"
0	0	1	0	0	0	"model943"
-0.0266666666666667	0.0204208129660596	0.973333333333333	0.0204208129660596	0	0	"model944"
-0.04	0.0229510124219699	0.871111111111111	0.0229510124219699	0.0888888888888889	0	"model945"
-0.0755555555555556	0.0459020248439398	0.835555555555556	0.0459020248439398	0.0888888888888889	0	"model946"
0.18	0.0853942683671384	0.713333333333333	0.0853942683671384	0.466666666666667	0	"model947"
0.00888888888888889	0.0334565623426258	0.942222222222222	0.0334565623426258	0.0666666666666667	0	"model948"
-0.0244444444444444	0.024455665213658	0.975555555555556	0.024455665213658	0	0	"model949"
0.517777777777778	0.0679304089962096	0.606666666666667	0.0679304089962096	0.911111111111111	0	"model950"
-0.0466666666666667	0.0780067177297823	0.864444444444444	0.0780067177297823	0.0888888888888889	0	"model951"
0	0	1	0	0	0	"model952"
-0.0111111111111111	0.0157134840263677	0.988888888888889	0.0157134840263677	0	0	"model953"
0.0155555555555556	0.0457223684800325	0.926666666666667	0.0457223684800325	0.0888888888888889	0	"model954"
-0.0777777777777778	0.0566557723732532	0.833333333333333	0.0566557723732532	0.0888888888888889	0	"model955"
-0.0355555555555556	0.0546343375246986	0.875555555555556	0.0546343375246986	0.0888888888888889	0	"model956"
0.0111111111111111	0.033538463474583	0.944444444444444	0.033538463474583	0.0666666666666667	0	"model957"
0.0155555555555556	0.0210818510677892	0.948888888888889	0.0210818510677892	0.0666666666666667	0	"model958"
0.0155555555555556	0.0363642598774328	0.926666666666667	0.0363642598774328	0.0888888888888889	0	"model959"
-0.0222222222222222	0.0256600119639834	0.977777777777778	0.0256600119639834	0	0	"model960"
-0.0177777777777778	0.0511057431426973	0.893333333333333	0.0511057431426973	0.0888888888888889	0	"model961"
0.466666666666667	0.0468485579284204	0.466666666666667	0.0468485579284204	1	0	"model962"
-0.122222222222222	0.0672811189799443	0.744444444444444	0.0672811189799443	0.133333333333333	0	"model963"
-0.0244444444444444	0.0411761247694438	0.908888888888889	0.0411761247694439	0.0666666666666667	0	"model964"
-0.0133333333333333	0.0470822180209502	0.92	0.0470822180209502	0.0666666666666667	0	"model965"
0.442222222222222	0.0751404720172786	0.442222222222222	0.0751404720172786	1	0	"model966"
-0.00222222222222222	0.0424877937768889	0.931111111111111	0.0424877937768889	0.0666666666666667	0	"model967"
0.244444444444444	0.0710493559009292	0.755555555555556	0.0710493559009292	0.488888888888889	0	"model968"
-0.104444444444444	0.0611279438097119	0.762222222222222	0.0611279438097119	0.133333333333333	0	"model969"
0.0111111111111111	0.0282065670587552	0.944444444444444	0.0282065670587552	0.0666666666666667	0	"model970"
0.513333333333333	0.0568491373462219	0.646666666666667	0.0568491373462219	0.866666666666667	0	"model971"
-0.111111111111111	0.0544331053951817	0.8	0.0544331053951817	0.0888888888888889	0	"model972"
0.388888888888889	0.0546845298527163	0.388888888888889	0.0546845298527163	1	0	"model973"
-0.00666666666666667	0.0348226941438316	0.926666666666667	0.0348226941438316	0.0666666666666667	0	"model974"
0.0155555555555556	0.0378430808131698	0.948888888888889	0.0378430808131698	0.0666666666666667	0	"model975"
-0.0133333333333333	0.036589893437714	0.92	0.036589893437714	0.0666666666666667	0	"model976"
0.00888888888888889	0.036589893437714	0.942222222222222	0.036589893437714	0.0666666666666667	0	"model977"
0.224444444444444	0.0449965705140368	0.735555555555556	0.0449965705140369	0.488888888888889	0	"model978"
-0.00666666666666667	0.0107343531453255	0.993333333333333	0.0107343531453255	0	0	"model979"
-0.00444444444444444	0.0466137265853401	0.928888888888889	0.0466137265853401	0.0666666666666667	0	"model980"
-0.0777777777777778	0.0672811189799443	0.833333333333333	0.0672811189799443	0.0888888888888889	0	"model981"
0.00222222222222222	0.0369628887403693	0.935555555555556	0.0369628887403693	0.0666666666666667	0	"model982"
0.00222222222222222	0.0304515626534733	0.935555555555556	0.0304515626534733	0.0666666666666667	0	"model983"
0.0177777777777778	0.03107581772356	0.951111111111111	0.03107581772356	0.0666666666666667	0	"model984"
0	0	1	0	0	0	"model985"
0	0	1	0	0	0	"model986"
0.464444444444444	0.0461998996430005	0.464444444444444	0.0461998996430005	1	0	"model987"
-0.0866666666666667	0.0496351572377806	0.824444444444444	0.0496351572377806	0.0888888888888889	0	"model988"
-0.0333333333333333	0.0459617542444106	0.877777777777778	0.0459617542444106	0.0888888888888889	0	"model989"
-0.00444444444444444	0.0252287205421132	0.951111111111111	0.0252287205421132	0.0444444444444444	0	"model990"
-0.00444444444444444	0.0542311265710315	0.906666666666667	0.0542311265710315	0.0888888888888889	0	"model991"
-0.128888888888889	0.0454213621237212	0.76	0.0454213621237212	0.111111111111111	0	"model992"
0.468888888888889	0.0517989147764358	0.646666666666667	0.0517989147764358	0.822222222222222	0	"model993"
0.486666666666667	0.0596744712922158	0.597777777777778	0.0596744712922158	0.888888888888889	0	"model994"
-0.0488888888888889	0.0344265186329548	0.862222222222222	0.0344265186329548	0.0888888888888889	0	"model995"
-0.00222222222222222	0.0424877937768888	0.908888888888889	0.0424877937768888	0.0888888888888889	0	"model996"
0.253333333333333	0.0655879810997886	0.72	0.0655879810997886	0.533333333333333	0	"model997"
0.468888888888889	0.0538758416176835	0.58	0.0538758416176835	0.888888888888889	0	"model998"
0.00666666666666667	0.0554814320328119	0.917777777777778	0.0554814320328119	0.0888888888888889	0	"model999"
-0.00222222222222222	0.00702728368926307	0.997777777777778	0.00702728368926308	0	0	"model1000"
