"TSS.MN"	"TSS.sd"	"speci.MN"	"speci.sd"	"sensi.MN"	"sensi.sd"	"model"
0.566666666666667	0.11653431646335	0.9	0.11653431646335	0.666666666666667	0	"model1"
0.883333333333333	0.137212100391427	0.883333333333333	0.137212100391427	1	0	"model2"
-0.0333333333333333	0.0702728368926306	0.966666666666667	0.0702728368926306	0	0	"model3"
-0.0833333333333333	0.0878410461157883	0.916666666666667	0.0878410461157883	0	0	"model4"
0.966666666666667	0.0702728368926306	0.966666666666667	0.0702728368926306	1	0	"model5"
0.5	0.111111111111111	0.833333333333333	0.111111111111111	0.666666666666667	0	"model6"
0	0	1	0	0	0	"model7"
-0.1	0.11653431646335	0.9	0.11653431646335	0	0	"model8"
0	0	1	0	0	0	"model9"
0	0	1	0	0	0	"model10"
0	0	1	0	0	0	"model11"
0	0	1	0	0	0	"model12"
0	0	1	0	0	0	"model13"
0.916666666666667	0.117851130197758	0.916666666666667	0.117851130197758	1	0	"model14"
0	0	1	0	0	0	"model15"
-0.1	0.11653431646335	0.9	0.11653431646335	0	0	"model16"
0	0	1	0	0	0	"model17"
0.916666666666667	0.117851130197758	0.916666666666667	0.117851130197758	1	0	"model18"
-0.0666666666666667	0.086066296582387	0.933333333333333	0.086066296582387	0	0	"model19"
0	0	1	0	0	0	"model20"
0	0	1	0	0	0	"model21"
0	0	1	0	0	0	"model22"
0	0	1	0	0	0	"model23"
0.9	0.179161283295523	0.9	0.179161283295523	1	0	"model24"
0	0	1	0	0	0	"model25"
0.25	0.117851130197758	0.916666666666667	0.117851130197758	0.333333333333333	0	"model26"
-0.05	0.0805076485899413	0.95	0.0805076485899413	0	0	"model27"
-0.0666666666666667	0.086066296582387	0.933333333333333	0.086066296582387	0	0	"model28"
0.5	0.136082763487954	0.5	0.136082763487954	1	0	"model29"
0.116666666666667	0.0805076485899413	0.95	0.0805076485899413	0.166666666666667	0	"model30"
0	0	1	0	0	0	"model31"
-0.0333333333333333	0.0702728368926306	0.966666666666667	0.0702728368926306	0	0	"model32"
0	0	1	0	0	0	"model33"
0	0	1	0	0	0	"model34"
0.866666666666667	0.105409255338946	0.866666666666667	0.105409255338946	1	0	"model35"
0.866666666666667	0.105409255338946	0.866666666666667	0.105409255338946	1	0	"model36"
0.533333333333333	0.153156097245447	0.866666666666667	0.153156097245447	0.666666666666667	0	"model37"
0	0	1	0	0	0	"model38"
0	0	1	0	0	0	"model39"
0	0	1	0	0	0	"model40"
0.583333333333333	0.0878410461157883	0.916666666666667	0.0878410461157883	0.666666666666667	0	"model41"
0	0	1	0	0	0	"model42"
0	0	1	0	0	0	"model43"
0.316666666666667	0.052704627669473	0.983333333333333	0.052704627669473	0.333333333333333	0	"model44"
0.816666666666667	0.122977464562104	0.816666666666667	0.122977464562104	1	0	"model45"
-0.0666666666666667	0.161015297179883	0.933333333333333	0.161015297179883	0	0	"model46"
0.833333333333333	0.235702260395516	0.833333333333333	0.235702260395516	1	0	"model47"
0	0	1	0	0	0	"model48"
0.833333333333333	0.0785674201318386	0.833333333333333	0.0785674201318386	1	0	"model49"
0	0	1	0	0	0	"model50"
0	0	1	0	0	0	"model51"
-0.0166666666666667	0.052704627669473	0.983333333333333	0.052704627669473	0	0	"model52"
0	0	1	0	0	0	"model53"
0	0	1	0	0	0	"model54"
-0.0333333333333333	0.0702728368926306	0.966666666666667	0.0702728368926306	0	0	"model55"
0.633333333333333	0.0702728368926306	0.966666666666667	0.0702728368926306	0.666666666666667	0	"model56"
0	0	1	0	0	0	"model57"
0	0	1	0	0	0	"model58"
0	0	1	0	0	0	"model59"
0.766666666666667	0.140545673785261	0.766666666666667	0.140545673785261	1	0	"model60"
0	0	1	0	0	0	"model61"
0	0	1	0	0	0	"model62"
-0.0833333333333333	0.141639430933133	0.916666666666667	0.141639430933133	0	0	"model63"
0	0	1	0	0	0	"model64"
0	0	1	0	0	0	"model65"
0.566666666666667	0.11653431646335	0.9	0.11653431646335	0.666666666666667	0	"model66"
0.1	0.086066296582387	0.933333333333333	0.086066296582387	0.166666666666667	0	"model67"
0	0	1	0	0	0	"model68"
-0.05	0.0805076485899413	0.95	0.0805076485899413	0	0	"model69"
0	0	1	0	0	0	"model70"
0	0	1	0	0	0	"model71"
0.0666666666666667	0.11653431646335	0.9	0.11653431646335	0.166666666666667	0	"model72"
0	0	1	0	0	0	"model73"
0	0	1	0	0	0	"model74"
0.25	0.0878410461157883	0.916666666666667	0.0878410461157883	0.333333333333333	0	"model75"
0	0	1	0	0	0	"model76"
0.233333333333333	0.086066296582387	0.9	0.086066296582387	0.333333333333333	0	"model77"
0	0	1	0	0	0	"model78"
-0.0333333333333333	0.0702728368926306	0.966666666666667	0.0702728368926306	0	0	"model79"
0	0	1	0	0	0	"model80"
0.833333333333333	0.157134840263677	0.833333333333333	0.157134840263677	1	0	"model81"
-0.0333333333333333	0.0702728368926306	0.966666666666667	0.0702728368926306	0	0	"model82"
0	0	1	0	0	0	"model83"
0.383333333333333	0.112491426285092	0.883333333333333	0.112491426285092	0.5	0	"model84"
-0.0833333333333333	0.0878410461157883	0.916666666666667	0.0878410461157883	0	0	"model85"
0	0	1	0	0	0	"model86"
0	0	1	0	0	0	"model87"
0	0	1	0	0	0	"model88"
0	0	1	0	0	0	"model89"
0	0	1	0	0	0	"model90"
0.516666666666667	0.241522945769824	0.516666666666667	0.241522945769824	1	0	"model91"
0	0	1	0	0	0	"model92"
0	0	1	0	0	0	"model93"
-0.0666666666666667	0.11653431646335	0.933333333333333	0.11653431646335	0	0	"model94"
0.616666666666667	0.0805076485899413	0.95	0.0805076485899413	0.666666666666667	0	"model95"
-0.0666666666666667	0.086066296582387	0.933333333333333	0.086066296582387	0	0	"model96"
0.25	0.117851130197758	0.916666666666667	0.117851130197758	0.333333333333333	0	"model97"
0	0	1	0	0	0	"model98"
0	0	1	0	0	0	"model99"
0.816666666666667	0.145932505961819	0.816666666666667	0.145932505961819	1	0	"model100"
0	0	1	0	0	0	"model101"
0.566666666666667	0.140545673785261	0.9	0.140545673785261	0.666666666666667	0	"model102"
0.8	0.153156097245447	0.8	0.153156097245447	1	0	"model103"
0	0	1	0	0	0	"model104"
0	0	1	0	0	0	"model105"
0	0	1	0	0	0	"model106"
-0.05	0.112491426285092	0.95	0.112491426285092	0	0	"model107"
0	0	1	0	0	0	"model108"
0	0	1	0	0	0	"model109"
0	0	1	0	0	0	"model110"
0.833333333333333	0.136082763487954	0.833333333333333	0.136082763487954	1	0	"model111"
0	0	1	0	0	0	"model112"
-0.0333333333333333	0.0702728368926306	0.966666666666667	0.0702728368926306	0	0	"model113"
0	0	1	0	0	0	"model114"
-0.05	0.0805076485899413	0.95	0.0805076485899413	0	0	"model115"
0.25	0.117851130197758	0.916666666666667	0.117851130197758	0.333333333333333	0	"model116"
-0.0333333333333333	0.0702728368926306	0.966666666666667	0.0702728368926306	0	0	"model117"
0.116666666666667	0.0805076485899413	0.95	0.0805076485899413	0.166666666666667	0	"model118"
0	0	1	0	0	0	"model119"
0.566666666666667	0.11653431646335	0.9	0.11653431646335	0.666666666666667	0	"model120"
0	0	1	0	0	0	"model121"
0.233333333333333	0.11653431646335	0.9	0.11653431646335	0.333333333333333	0	"model122"
0	0	1	0	0	0	"model123"
0	0	1	0	0	0	"model124"
0	0	1	0	0	0	"model125"
-0.0833333333333333	0.0878410461157883	0.916666666666667	0.0878410461157883	0	0	"model126"
0.8	0.172132593164774	0.8	0.172132593164774	1	0	"model127"
0.816666666666667	0.165738154335292	0.816666666666667	0.165738154335292	1	0	"model128"
-0.0666666666666667	0.11653431646335	0.933333333333333	0.11653431646335	0	0	"model129"
0	0	1	0	0	0	"model130"
0.783333333333333	0.137212100391427	0.783333333333333	0.137212100391427	1	0	"model131"
0.7	0.189215404065849	0.7	0.189215404065849	1	0	"model132"
0	0	1	0	0	0	"model133"
0.55	0.137212100391427	0.883333333333333	0.137212100391427	0.666666666666667	0	"model134"
0.6	0.086066296582387	0.933333333333333	0.086066296582387	0.666666666666667	0	"model135"
0.483333333333333	0.183417489102435	0.816666666666667	0.183417489102435	0.666666666666667	0	"model136"
0	0	1	0	0	0	"model137"
0	0	1	0	0	0	"model138"
0	0	1	0	0	0	"model139"
0	0	1	0	0	0	"model140"
0	0	1	0	0	0	"model141"
0	0	1	0	0	0	"model142"
0.05	0.137212100391427	0.883333333333333	0.137212100391427	0.166666666666667	0	"model143"
0	0	1	0	0	0	"model144"
0	0	1	0	0	0	"model145"
0.633333333333333	0.0702728368926306	0.966666666666667	0.0702728368926306	0.666666666666667	0	"model146"
0	0	1	0	0	0	"model147"
0	0	1	0	0	0	"model148"
0	0	1	0	0	0	"model149"
0	0	1	0	0	0	"model150"
0	0	1	0	0	0	"model151"
0	0	1	0	0	0	"model152"
0	0	1	0	0	0	"model153"
0	0	1	0	0	0	"model154"
0	0	1	0	0	0	"model155"
0	0	1	0	0	0	"model156"
0	0	1	0	0	0	"model157"
-0.0333333333333333	0.0702728368926306	0.966666666666667	0.0702728368926306	0	0	"model158"
0.266666666666667	0.086066296582387	0.933333333333333	0.086066296582387	0.333333333333333	0	"model159"
0.866666666666667	0.131468439624436	0.866666666666667	0.131468439624436	1	0	"model160"
0	0	1	0	0	0	"model161"
-0.0166666666666667	0.052704627669473	0.983333333333333	0.052704627669473	0	0	"model162"
0	0	1	0	0	0	"model163"
0.266666666666667	0.086066296582387	0.933333333333333	0.086066296582387	0.333333333333333	0	"model164"
0	0	1	0	0	0	"model165"
0.45	0.0805076485899413	0.95	0.0805076485899413	0.5	0	"model166"
0	0	1	0	0	0	"model167"
0.8	0.219426862868128	0.8	0.219426862868128	1	0	"model168"
0	0	1	0	0	0	"model169"
0	0	1	0	0	0	"model170"
0	0	1	0	0	0	"model171"
-0.0333333333333333	0.0702728368926306	0.966666666666667	0.0702728368926306	0	0	"model172"
0.816666666666667	0.165738154335292	0.816666666666667	0.165738154335292	1	0	"model173"
0	0	1	0	0	0	"model174"
0	0	1	0	0	0	"model175"
0.9	0.11653431646335	0.9	0.11653431646335	1	0	"model176"
0	0	1	0	0	0	"model177"
0	0	1	0	0	0	"model178"
0	0	1	0	0	0	"model179"
-0.0333333333333333	0.0702728368926306	0.966666666666667	0.0702728368926306	0	0	"model180"
0	0	1	0	0	0	"model181"
0	0	1	0	0	0	"model182"
0.2	0.172132593164774	0.866666666666667	0.172132593164774	0.333333333333333	0	"model183"
0	0	1	0	0	0	"model184"
0	0	1	0	0	0	"model185"
-0.0333333333333333	0.105409255338946	0.966666666666667	0.105409255338946	0	0	"model186"
-0.0166666666666667	0.052704627669473	0.983333333333333	0.052704627669473	0	0	"model187"
-0.0666666666666667	0.086066296582387	0.933333333333333	0.086066296582387	0	0	"model188"
-0.0666666666666667	0.086066296582387	0.933333333333333	0.086066296582387	0	0	"model189"
0.916666666666667	0.0878410461157883	0.916666666666667	0.0878410461157883	1	0	"model190"
0	0	1	0	0	0	"model191"
0	0	1	0	0	0	"model192"
0.0666666666666667	0.086066296582387	0.9	0.086066296582387	0.166666666666667	0	"model193"
0	0	1	0	0	0	"model194"
0.866666666666667	0.131468439624436	0.866666666666667	0.131468439624436	1	0	"model195"
0	0	1	0	0	0	"model196"
0.383333333333333	0.112491426285092	0.883333333333333	0.112491426285092	0.5	0	"model197"
-0.0166666666666667	0.052704627669473	0.983333333333333	0.052704627669473	0	0	"model198"
-0.0333333333333333	0.0702728368926306	0.966666666666667	0.0702728368926306	0	0	"model199"
0.466666666666667	0.189215404065849	0.8	0.189215404065849	0.666666666666667	0	"model200"
0.466666666666667	0.172132593164774	0.466666666666667	0.172132593164774	1	0	"model201"
0	0	1	0	0	0	"model202"
0	0	1	0	0	0	"model203"
0	0	1	0	0	0	"model204"
-0.0333333333333333	0.0702728368926306	0.966666666666667	0.0702728368926306	0	0	"model205"
0	0	1	0	0	0	"model206"
0	0	1	0	0	0	"model207"
0.85	0.145932505961819	0.85	0.145932505961819	1	0	"model208"
0	0	1	0	0	0	"model209"
0	0	1	0	0	0	"model210"
-0.0833333333333333	0.0878410461157883	0.916666666666667	0.0878410461157883	0	0	"model211"
0.65	0.165738154335292	0.65	0.165738154335292	1	0	"model212"
0	0	1	0	0	0	"model213"
-0.05	0.0805076485899413	0.95	0.0805076485899413	0	0	"model214"
0	0	1	0	0	0	"model215"
0	0	1	0	0	0	"model216"
0	0	1	0	0	0	"model217"
0.566666666666667	0.140545673785261	0.9	0.140545673785261	0.666666666666667	0	"model218"
0	0	1	0	0	0	"model219"
0	0	1	0	0	0	"model220"
0	0	1	0	0	0	"model221"
0.916666666666667	0.141639430933133	0.916666666666667	0.141639430933133	1	0	"model222"
0	0	1	0	0	0	"model223"
0	0	1	0	0	0	"model224"
0	0	1	0	0	0	"model225"
0.5	0	0.833333333333333	0	0.666666666666667	0	"model226"
0.883333333333333	0.112491426285092	0.883333333333333	0.112491426285092	1	0	"model227"
0	0	1	0	0	0	"model228"
-0.166666666666667	0.136082763487954	0.833333333333333	0.136082763487954	0	0	"model229"
0	0	1	0	0	0	"model230"
0	0	1	0	0	0	"model231"
0	0	1	0	0	0	"model232"
0.6	0.11653431646335	0.933333333333333	0.11653431646335	0.666666666666667	0	"model233"
0	0	1	0	0	0	"model234"
0	0	1	0	0	0	"model235"
0.55	0.112491426285092	0.883333333333333	0.112491426285092	0.666666666666667	0	"model236"
0	0	1	0	0	0	"model237"
-0.0833333333333333	0.0878410461157883	0.916666666666667	0.0878410461157883	0	0	"model238"
0.266666666666667	0.11653431646335	0.933333333333333	0.11653431646335	0.333333333333333	0	"model239"
0	0	1	0	0	0	"model240"
0	0	1	0	0	0	"model241"
0	0	1	0	0	0	"model242"
0	0	1	0	0	0	"model243"
-0.0833333333333333	0.0878410461157883	0.916666666666667	0.0878410461157883	0	0	"model244"
-0.05	0.112491426285092	0.95	0.112491426285092	0	0	"model245"
0.833333333333333	0.192450089729875	0.833333333333333	0.192450089729875	1	0	"model246"
0.55	0.112491426285092	0.883333333333333	0.112491426285092	0.666666666666667	0	"model247"
0	0	1	0	0	0	"model248"
-0.0166666666666667	0.052704627669473	0.983333333333333	0.052704627669473	0	0	"model249"
-0.05	0.0805076485899413	0.95	0.0805076485899413	0	0	"model250"
0	0	1	0	0	0	"model251"
0	0	1	0	0	0	"model252"
0	0	1	0	0	0	"model253"
0	0	1	0	0	0	"model254"
0.6	0.161015297179883	0.6	0.161015297179883	1	0	"model255"
0.8	0.189215404065849	0.8	0.189215404065849	1	0	"model256"
0	0	1	0	0	0	"model257"
0	0	1	0	0	0	"model258"
0	0	1	0	0	0	"model259"
0.6	0.086066296582387	0.933333333333333	0.086066296582387	0.666666666666667	0	"model260"
0	0	1	0	0	0	"model261"
0.316666666666667	0.052704627669473	0.983333333333333	0.052704627669473	0.333333333333333	0	"model262"
-0.0166666666666667	0.052704627669473	0.983333333333333	0.052704627669473	0	0	"model263"
0	0	1	0	0	0	"model264"
0.783333333333333	0.158113883008419	0.783333333333333	0.158113883008419	1	0	"model265"
0.6	0.140545673785261	0.933333333333333	0.140545673785261	0.666666666666667	0	"model266"
0.816666666666667	0.183417489102435	0.816666666666667	0.183417489102435	1	0	"model267"
0	0	1	0	0	0	"model268"
0.783333333333333	0.137212100391427	0.783333333333333	0.137212100391427	1	0	"model269"
-0.0666666666666667	0.086066296582387	0.933333333333333	0.086066296582387	0	0	"model270"
0.216666666666667	0.112491426285092	0.883333333333333	0.112491426285092	0.333333333333333	0	"model271"
0	0	1	0	0	0	"model272"
0	0	1	0	0	0	"model273"
0	0	1	0	0	0	"model274"
0	0	1	0	0	0	"model275"
0	0	1	0	0	0	"model276"
0	0	1	0	0	0	"model277"
0	0	1	0	0	0	"model278"
0.233333333333333	0.086066296582387	0.9	0.086066296582387	0.333333333333333	0	"model279"
0	0	1	0	0	0	"model280"
0	0	1	0	0	0	"model281"
0	0	1	0	0	0	"model282"
0	0	1	0	0	0	"model283"
0.583333333333333	0.0878410461157883	0.916666666666667	0.0878410461157883	0.666666666666667	0	"model284"
0	0	1	0	0	0	"model285"
0	0	1	0	0	0	"model286"
0.816666666666667	0.0946077020329245	0.816666666666667	0.0946077020329245	1	0	"model287"
0	0	1	0	0	0	"model288"
0.866666666666667	0.105409255338946	0.866666666666667	0.105409255338946	1	0	"model289"
0.6	0.11653431646335	0.933333333333333	0.11653431646335	0.666666666666667	0	"model290"
0	0	1	0	0	0	"model291"
0.583333333333333	0.117851130197758	0.916666666666667	0.117851130197758	0.666666666666667	0	"model292"
0	0	1	0	0	0	"model293"
0	0	1	0	0	0	"model294"
-0.0333333333333333	0.0702728368926306	0.966666666666667	0.0702728368926306	0	0	"model295"
0	0	1	0	0	0	"model296"
0.233333333333333	0.161015297179883	0.9	0.161015297179883	0.333333333333333	0	"model297"
0	0	1	0	0	0	"model298"
0.566666666666667	0.086066296582387	0.9	0.086066296582387	0.666666666666667	0	"model299"
0	0	1	0	0	0	"model300"
-0.05	0.0805076485899413	0.95	0.0805076485899413	0	0	"model301"
-0.1	0.11653431646335	0.9	0.11653431646335	0	0	"model302"
0.116666666666667	0.112491426285092	0.95	0.112491426285092	0.166666666666667	0	"model303"
0.666666666666667	0.207869854820775	0.666666666666667	0.207869854820775	1	0	"model304"
0.55	0.158113883008419	0.55	0.158113883008419	1	0	"model305"
-0.0333333333333333	0.0702728368926306	0.966666666666667	0.0702728368926306	0	0	"model306"
0	0	1	0	0	0	"model307"
0	0	1	0	0	0	"model308"
0.816666666666667	0.165738154335292	0.816666666666667	0.165738154335292	1	0	"model309"
0	0	1	0	0	0	"model310"
0.233333333333333	0.11653431646335	0.9	0.11653431646335	0.333333333333333	0	"model311"
0.916666666666667	0.117851130197758	0.916666666666667	0.117851130197758	1	0	"model312"
-0.1	0.086066296582387	0.9	0.086066296582387	0	0	"model313"
0	0	1	0	0	0	"model314"
-0.0666666666666667	0.11653431646335	0.933333333333333	0.11653431646335	0	0	"model315"
0	0	1	0	0	0	"model316"
0	0	1	0	0	0	"model317"
-0.0666666666666667	0.086066296582387	0.933333333333333	0.086066296582387	0	0	"model318"
0.866666666666667	0.131468439624436	0.866666666666667	0.131468439624436	1	0	"model319"
0	0	1	0	0	0	"model320"
0.2	0.153156097245447	0.866666666666667	0.153156097245447	0.333333333333333	0	"model321"
-0.0166666666666667	0.052704627669473	0.983333333333333	0.052704627669473	0	0	"model322"
0	0	1	0	0	0	"model323"
0.0333333333333333	0.105409255338946	0.866666666666667	0.105409255338946	0.166666666666667	0	"model324"
0	0	1	0	0	0	"model325"
0	0	1	0	0	0	"model326"
0	0	1	0	0	0	"model327"
-0.116666666666667	0.0805076485899413	0.883333333333333	0.0805076485899413	0	0	"model328"
0	0	1	0	0	0	"model329"
0	0	1	0	0	0	"model330"
0	0	1	0	0	0	"model331"
0	0	1	0	0	0	"model332"
0.866666666666667	0.131468439624436	0.866666666666667	0.131468439624436	1	0	"model333"
-0.1	0.086066296582387	0.9	0.086066296582387	0	0	"model334"
-0.0333333333333333	0.0702728368926306	0.966666666666667	0.0702728368926306	0	0	"model335"
0	0	1	0	0	0	"model336"
0	0	1	0	0	0	"model337"
0	0	1	0	0	0	"model338"
0.566666666666667	0.11653431646335	0.9	0.11653431646335	0.666666666666667	0	"model339"
-0.0666666666666667	0.086066296582387	0.933333333333333	0.086066296582387	0	0	"model340"
0.516666666666667	0.165738154335292	0.85	0.165738154335292	0.666666666666667	0	"model341"
-0.0166666666666667	0.052704627669473	0.983333333333333	0.052704627669473	0	0	"model342"
0	0	1	0	0	0	"model343"
-0.0666666666666667	0.086066296582387	0.933333333333333	0.086066296582387	0	0	"model344"
0	0	1	0	0	0	"model345"
0	0	1	0	0	0	"model346"
0	0	1	0	0	0	"model347"
0.783333333333333	0.112491426285092	0.783333333333333	0.112491426285092	1	0	"model348"
0	0	1	0	0	0	"model349"
0.55	0.176558317578563	0.55	0.176558317578563	1	0	"model350"
0	0	1	0	0	0	"model351"
0	0	1	0	0	0	"model352"
0	0	1	0	0	0	"model353"
0	0	1	0	0	0	"model354"
-0.05	0.0805076485899413	0.95	0.0805076485899413	0	0	"model355"
0.316666666666667	0.052704627669473	0.983333333333333	0.052704627669473	0.333333333333333	0	"model356"
-0.0666666666666667	0.086066296582387	0.933333333333333	0.086066296582387	0	0	"model357"
0	0	1	0	0	0	"model358"
0	0	1	0	0	0	"model359"
0	0	1	0	0	0	"model360"
-0.1	0.086066296582387	0.9	0.086066296582387	0	0	"model361"
0.883333333333333	0.137212100391427	0.883333333333333	0.137212100391427	1	0	"model362"
0	0	1	0	0	0	"model363"
0	0	1	0	0	0	"model364"
0	0	1	0	0	0	"model365"
0	0	1	0	0	0	"model366"
0.85	0.122977464562104	0.85	0.122977464562104	1	0	"model367"
0.55	0.137212100391427	0.883333333333333	0.137212100391427	0.666666666666667	0	"model368"
-0.0833333333333333	0.117851130197758	0.916666666666667	0.117851130197758	0	0	"model369"
0	0	1	0	0	0	"model370"
0	0	1	0	0	0	"model371"
0	0	1	0	0	0	"model372"
0.866666666666667	0.131468439624436	0.866666666666667	0.131468439624436	1	0	"model373"
0	0	1	0	0	0	"model374"
0.283333333333333	0.0805076485899413	0.95	0.0805076485899413	0.333333333333333	0	"model375"
0	0	1	0	0	0	"model376"
0.533333333333333	0.153156097245447	0.866666666666667	0.153156097245447	0.666666666666667	0	"model377"
0.85	0.122977464562104	0.85	0.122977464562104	1	0	"model378"
0	0	1	0	0	0	"model379"
0	0	1	0	0	0	"model380"
0	0	1	0	0	0	"model381"
0	0	1	0	0	0	"model382"
0.666666666666667	0.0785674201318386	0.666666666666667	0.0785674201318386	1	0	"model383"
0	0	1	0	0	0	"model384"
-0.05	0.0805076485899413	0.95	0.0805076485899413	0	0	"model385"
0	0	1	0	0	0	"model386"
0	0	1	0	0	0	"model387"
0	0	1	0	0	0	"model388"
-0.0166666666666667	0.052704627669473	0.983333333333333	0.052704627669473	0	0	"model389"
0	0	1	0	0	0	"model390"
0	0	1	0	0	0	"model391"
-0.0166666666666667	0.052704627669473	0.983333333333333	0.052704627669473	0	0	"model392"
-0.05	0.0805076485899413	0.95	0.0805076485899413	0	0	"model393"
0.6	0.086066296582387	0.933333333333333	0.086066296582387	0.666666666666667	0	"model394"
-0.0833333333333333	0.117851130197758	0.916666666666667	0.117851130197758	0	0	"model395"
0	0	1	0	0	0	"model396"
0.766666666666667	0.140545673785261	0.766666666666667	0.140545673785261	1	0	"model397"
-0.0166666666666667	0.052704627669473	0.983333333333333	0.052704627669473	0	0	"model398"
0.533333333333333	0.105409255338946	0.866666666666667	0.105409255338946	0.666666666666667	0	"model399"
0.566666666666667	0.086066296582387	0.9	0.086066296582387	0.666666666666667	0	"model400"
0.816666666666667	0.122977464562104	0.816666666666667	0.122977464562104	1	0	"model401"
0	0	1	0	0	0	"model402"
0	0	1	0	0	0	"model403"
0	0	1	0	0	0	"model404"
0	0	1	0	0	0	"model405"
0	0	1	0	0	0	"model406"
0	0	1	0	0	0	"model407"
0	0	1	0	0	0	"model408"
0.55	0.112491426285092	0.883333333333333	0.112491426285092	0.666666666666667	0	"model409"
0.866666666666667	0.131468439624436	0.866666666666667	0.131468439624436	1	0	"model410"
0	0	1	0	0	0	"model411"
0	0	1	0	0	0	"model412"
-0.0833333333333333	0.117851130197758	0.916666666666667	0.117851130197758	0	0	"model413"
-0.0333333333333333	0.105409255338946	0.966666666666667	0.105409255338946	0	0	"model414"
-0.05	0.112491426285092	0.95	0.112491426285092	0	0	"model415"
0	0	1	0	0	0	"model416"
0	0	1	0	0	0	"model417"
0	0	1	0	0	0	"model418"
-0.0833333333333333	0.117851130197758	0.916666666666667	0.117851130197758	0	0	"model419"
0.533333333333333	0.105409255338946	0.866666666666667	0.105409255338946	0.666666666666667	0	"model420"
0	0	1	0	0	0	"model421"
0.466666666666667	0.153156097245447	0.8	0.153156097245447	0.666666666666667	0	"model422"
0.266666666666667	0.086066296582387	0.933333333333333	0.086066296582387	0.333333333333333	0	"model423"
0	0	1	0	0	0	"model424"
0	0	1	0	0	0	"model425"
-0.0333333333333333	0.0702728368926306	0.966666666666667	0.0702728368926306	0	0	"model426"
0.633333333333333	0.0702728368926306	0.966666666666667	0.0702728368926306	0.666666666666667	0	"model427"
0.483333333333333	0.145932505961819	0.816666666666667	0.145932505961819	0.666666666666667	0	"model428"
-0.0666666666666667	0.086066296582387	0.933333333333333	0.086066296582387	0	0	"model429"
-0.0333333333333333	0.0702728368926306	0.966666666666667	0.0702728368926306	0	0	"model430"
0	0	1	0	0	0	"model431"
0.6	0.086066296582387	0.933333333333333	0.086066296582387	0.666666666666667	0	"model432"
0	0	1	0	0	0	"model433"
0	0	1	0	0	0	"model434"
0	0	1	0	0	0	"model435"
0	0	1	0	0	0	"model436"
0	0	1	0	0	0	"model437"
0	0	1	0	0	0	"model438"
-0.0833333333333333	0.0878410461157883	0.916666666666667	0.0878410461157883	0	0	"model439"
0	0	1	0	0	0	"model440"
0.916666666666667	0.141639430933133	0.916666666666667	0.141639430933133	1	0	"model441"
0	0	1	0	0	0	"model442"
-0.0333333333333333	0.0702728368926306	0.966666666666667	0.0702728368926306	0	0	"model443"
0	0	1	0	0	0	"model444"
0	0	1	0	0	0	"model445"
0	0	1	0	0	0	"model446"
0	0	1	0	0	0	"model447"
0	0	1	0	0	0	"model448"
0	0	1	0	0	0	"model449"
0.933333333333333	0.086066296582387	0.933333333333333	0.086066296582387	1	0	"model450"
0.6	0.11653431646335	0.933333333333333	0.11653431646335	0.666666666666667	0	"model451"
0	0	1	0	0	0	"model452"
0.7	0.105409255338946	0.7	0.105409255338946	1	0	"model453"
0	0	1	0	0	0	"model454"
-0.05	0.0805076485899413	0.95	0.0805076485899413	0	0	"model455"
0.116666666666667	0.0805076485899413	0.95	0.0805076485899413	0.166666666666667	0	"model456"
0.566666666666667	0.140545673785261	0.9	0.140545673785261	0.666666666666667	0	"model457"
0.866666666666667	0.153156097245447	0.866666666666667	0.153156097245447	1	0	"model458"
0.516666666666667	0.122977464562104	0.85	0.122977464562104	0.666666666666667	0	"model459"
0.583333333333333	0.117851130197758	0.916666666666667	0.117851130197758	0.666666666666667	0	"model460"
0	0	1	0	0	0	"model461"
0.216666666666667	0.137212100391427	0.883333333333333	0.137212100391427	0.333333333333333	0	"model462"
0	0	1	0	0	0	"model463"
0	0	1	0	0	0	"model464"
0	0	1	0	0	0	"model465"
0	0	1	0	0	0	"model466"
0.783333333333333	0.158113883008419	0.783333333333333	0.158113883008419	1	0	"model467"
0.9	0.086066296582387	0.9	0.086066296582387	1	0	"model468"
0	0	1	0	0	0	"model469"
0.433333333333333	0.11653431646335	0.933333333333333	0.11653431646335	0.5	0	"model470"
0	0	1	0	0	0	"model471"
0	0	1	0	0	0	"model472"
0	0	1	0	0	0	"model473"
-0.0166666666666667	0.052704627669473	0.983333333333333	0.052704627669473	0	0	"model474"
0	0	1	0	0	0	"model475"
0.7	0.131468439624436	0.866666666666667	0.131468439624436	0.833333333333333	0	"model476"
0.633333333333333	0.219426862868128	0.633333333333333	0.219426862868128	1	0	"model477"
0	0	1	0	0	0	"model478"
0	0	1	0	0	0	"model479"
0	0	1	0	0	0	"model480"
0	0	1	0	0	0	"model481"
0.55	0.112491426285092	0.883333333333333	0.112491426285092	0.666666666666667	0	"model482"
0	0	1	0	0	0	"model483"
0.866666666666667	0.105409255338946	0.866666666666667	0.105409255338946	1	0	"model484"
0	0	1	0	0	0	"model485"
0.916666666666667	0.117851130197758	0.916666666666667	0.117851130197758	1	0	"model486"
0	0	1	0	0	0	"model487"
0.133333333333333	0.0702728368926306	0.966666666666667	0.0702728368926306	0.166666666666667	0	"model488"
0.816666666666667	0.145932505961819	0.816666666666667	0.145932505961819	1	0	"model489"
0	0	1	0	0	0	"model490"
0	0	1	0	0	0	"model491"
0	0	1	0	0	0	"model492"
0	0	1	0	0	0	"model493"
0	0	1	0	0	0	"model494"
0	0	1	0	0	0	"model495"
0.85	0.183417489102435	0.85	0.183417489102435	1	0	"model496"
0	0	1	0	0	0	"model497"
0	0	1	0	0	0	"model498"
0	0	1	0	0	0	"model499"
-0.0666666666666667	0.086066296582387	0.933333333333333	0.086066296582387	0	0	"model500"
0	0	1	0	0	0	"model501"
0.0166666666666667	0.122977464562104	0.85	0.122977464562104	0.166666666666667	0	"model502"
0	0	1	0	0	0	"model503"
0	0	1	0	0	0	"model504"
0	0	1	0	0	0	"model505"
0	0	1	0	0	0	"model506"
0	0	1	0	0	0	"model507"
0	0	1	0	0	0	"model508"
0	0	1	0	0	0	"model509"
0	0	1	0	0	0	"model510"
0	0	1	0	0	0	"model511"
0	0	1	0	0	0	"model512"
0	0	1	0	0	0	"model513"
-0.0333333333333333	0.0702728368926306	0.966666666666667	0.0702728368926306	0	0	"model514"
0	0	1	0	0	0	"model515"
0.55	0.137212100391427	0.883333333333333	0.137212100391427	0.666666666666667	0	"model516"
0.533333333333333	0.105409255338946	0.866666666666667	0.105409255338946	0.666666666666667	0	"model517"
0.216666666666667	0.158113883008419	0.883333333333333	0.158113883008419	0.333333333333333	0	"model518"
-0.0833333333333333	0.117851130197758	0.916666666666667	0.117851130197758	0	0	"model519"
0	0	1	0	0	0	"model520"
0	0	1	0	0	0	"model521"
-0.0333333333333333	0.0702728368926306	0.966666666666667	0.0702728368926306	0	0	"model522"
0.883333333333333	0.137212100391427	0.883333333333333	0.137212100391427	1	0	"model523"
0.833333333333333	0.111111111111111	0.833333333333333	0.111111111111111	1	0	"model524"
0	0	1	0	0	0	"model525"
0.866666666666667	0.131468439624436	0.866666666666667	0.131468439624436	1	0	"model526"
0.816666666666667	0.199536499956311	0.816666666666667	0.199536499956311	1	0	"model527"
-0.0166666666666667	0.052704627669473	0.983333333333333	0.052704627669473	0	0	"model528"
0.816666666666667	0.165738154335292	0.816666666666667	0.165738154335292	1	0	"model529"
0	0	1	0	0	0	"model530"
0	0	1	0	0	0	"model531"
0.566666666666667	0.11653431646335	0.9	0.11653431646335	0.666666666666667	0	"model532"
-0.0666666666666667	0.086066296582387	0.933333333333333	0.086066296582387	0	0	"model533"
0	0	1	0	0	0	"model534"
0.766666666666667	0.11653431646335	0.766666666666667	0.11653431646335	1	0	"model535"
0	0	1	0	0	0	"model536"
0	0	1	0	0	0	"model537"
0	0	1	0	0	0	"model538"
0	0	1	0	0	0	"model539"
0.283333333333333	0.0805076485899413	0.95	0.0805076485899413	0.333333333333333	0	"model540"
0.633333333333333	0.0702728368926306	0.966666666666667	0.0702728368926306	0.666666666666667	0	"model541"
-0.0166666666666667	0.052704627669473	0.983333333333333	0.052704627669473	0	0	"model542"
0	0	1	0	0	0	"model543"
0	0	1	0	0	0	"model544"
0.533333333333333	0.2330686329267	0.533333333333333	0.2330686329267	1	0	"model545"
0	0	1	0	0	0	"model546"
0	0	1	0	0	0	"model547"
0	0	1	0	0	0	"model548"
0	0	1	0	0	0	"model549"
0.116666666666667	0.112491426285092	0.95	0.112491426285092	0.166666666666667	0	"model550"
0	0	1	0	0	0	"model551"
-0.0333333333333333	0.0702728368926306	0.966666666666667	0.0702728368926306	0	0	"model552"
0	0	1	0	0	0	"model553"
0	0	1	0	0	0	"model554"
0.25	0.0878410461157883	0.916666666666667	0.0878410461157883	0.333333333333333	0	"model555"
0	0	1	0	0	0	"model556"
0.583333333333333	0.0878410461157883	0.916666666666667	0.0878410461157883	0.666666666666667	0	"model557"
0	0	1	0	0	0	"model558"
0.116666666666667	0.0805076485899413	0.95	0.0805076485899413	0.166666666666667	0	"model559"
0.866666666666667	0.131468439624436	0.866666666666667	0.131468439624436	1	0	"model560"
0	0	1	0	0	0	"model561"
0.25	0.117851130197758	0.916666666666667	0.117851130197758	0.333333333333333	0	"model562"
0	0	1	0	0	0	"model563"
0	0	1	0	0	0	"model564"
0	0	1	0	0	0	"model565"
0	0	1	0	0	0	"model566"
0	0	1	0	0	0	"model567"
0	0	1	0	0	0	"model568"
0.833333333333333	0.157134840263677	0.833333333333333	0.157134840263677	1	0	"model569"
0	0	1	0	0	0	"model570"
0	0	1	0	0	0	"model571"
-0.05	0.0805076485899413	0.95	0.0805076485899413	0	0	"model572"
0	0	1	0	0	0	"model573"
0	0	1	0	0	0	"model574"
0	0	1	0	0	0	"model575"
0.216666666666667	0.137212100391427	0.883333333333333	0.137212100391427	0.333333333333333	0	"model576"
0	0	1	0	0	0	"model577"
0	0	1	0	0	0	"model578"
0	0	1	0	0	0	"model579"
0.15	0.052704627669473	0.983333333333333	0.052704627669473	0.166666666666667	0	"model580"
0	0	1	0	0	0	"model581"
0	0	1	0	0	0	"model582"
-0.0333333333333333	0.0702728368926306	0.966666666666667	0.0702728368926306	0	0	"model583"
0.866666666666667	0.131468439624436	0.866666666666667	0.131468439624436	1	0	"model584"
0.283333333333333	0.0805076485899413	0.95	0.0805076485899413	0.333333333333333	0	"model585"
0	0	1	0	0	0	"model586"
0.1	0.086066296582387	0.933333333333333	0.086066296582387	0.166666666666667	0	"model587"
0.583333333333333	0.117851130197758	0.916666666666667	0.117851130197758	0.666666666666667	0	"model588"
0	0	1	0	0	0	"model589"
0.866666666666667	0.153156097245447	0.866666666666667	0.153156097245447	1	0	"model590"
0	0	1	0	0	0	"model591"
0	0	1	0	0	0	"model592"
0	0	1	0	0	0	"model593"
0	0	1	0	0	0	"model594"
0	0	1	0	0	0	"model595"
0	0	1	0	0	0	"model596"
-0.05	0.0805076485899413	0.95	0.0805076485899413	0	0	"model597"
0	0	1	0	0	0	"model598"
0	0	1	0	0	0	"model599"
0	0	1	0	0	0	"model600"
0	0	1	0	0	0	"model601"
-0.05	0.0805076485899413	0.95	0.0805076485899413	0	0	"model602"
0.566666666666667	0.086066296582387	0.9	0.086066296582387	0.666666666666667	0	"model603"
-0.05	0.112491426285092	0.95	0.112491426285092	0	0	"model604"
0.9	0.140545673785261	0.9	0.140545673785261	1	0	"model605"
0.6	0.11653431646335	0.933333333333333	0.11653431646335	0.666666666666667	0	"model606"
0.816666666666667	0.165738154335292	0.816666666666667	0.165738154335292	1	0	"model607"
0.466666666666667	0.20487876571762	0.466666666666667	0.20487876571762	1	0	"model608"
0.8	0.172132593164774	0.8	0.172132593164774	1	0	"model609"
0.6	0.210818510677892	0.6	0.210818510677892	1	0	"model610"
0.6	0.086066296582387	0.933333333333333	0.086066296582387	0.666666666666667	0	"model611"
0.85	0.0946077020329245	0.85	0.0946077020329245	1	0	"model612"
0	0	1	0	0	0	"model613"
0.85	0.145932505961819	0.85	0.145932505961819	1	0	"model614"
0	0	1	0	0	0	"model615"
0.15	0.052704627669473	0.983333333333333	0.052704627669473	0.166666666666667	0	"model616"
0	0	1	0	0	0	"model617"
0.6	0.161015297179883	0.6	0.161015297179883	1	0	"model618"
0	0	1	0	0	0	"model619"
-0.1	0.140545673785261	0.9	0.140545673785261	0	0	"model620"
0	0	1	0	0	0	"model621"
0	0	1	0	0	0	"model622"
0	0	1	0	0	0	"model623"
-0.0333333333333333	0.0702728368926306	0.966666666666667	0.0702728368926306	0	0	"model624"
0.883333333333333	0.137212100391427	0.883333333333333	0.137212100391427	1	0	"model625"
0	0	1	0	0	0	"model626"
0	0	1	0	0	0	"model627"
0	0	1	0	0	0	"model628"
-0.0333333333333333	0.0702728368926306	0.966666666666667	0.0702728368926306	0	0	"model629"
0.583333333333333	0.0878410461157883	0.916666666666667	0.0878410461157883	0.666666666666667	0	"model630"
-0.0166666666666667	0.052704627669473	0.983333333333333	0.052704627669473	0	0	"model631"
0	0	1	0	0	0	"model632"
0	0	1	0	0	0	"model633"
-0.0833333333333333	0.117851130197758	0.916666666666667	0.117851130197758	0	0	"model634"
0	0	1	0	0	0	"model635"
0	0	1	0	0	0	"model636"
0	0	1	0	0	0	"model637"
0.583333333333333	0.0878410461157883	0.916666666666667	0.0878410461157883	0.666666666666667	0	"model638"
0	0	1	0	0	0	"model639"
0.25	0.0878410461157883	0.916666666666667	0.0878410461157883	0.333333333333333	0	"model640"
0	0	1	0	0	0	"model641"
0	0	1	0	0	0	"model642"
-0.0333333333333333	0.0702728368926306	0.966666666666667	0.0702728368926306	0	0	"model643"
0	0	1	0	0	0	"model644"
0	0	1	0	0	0	"model645"
0	0	1	0	0	0	"model646"
0.1	0.086066296582387	0.933333333333333	0.086066296582387	0.166666666666667	0	"model647"
0	0	1	0	0	0	"model648"
0	0	1	0	0	0	"model649"
0.233333333333333	0.11653431646335	0.9	0.11653431646335	0.333333333333333	0	"model650"
0.65	0.22838671990105	0.65	0.22838671990105	1	0	"model651"
0	0	1	0	0	0	"model652"
0	0	1	0	0	0	"model653"
0.6	0.210818510677892	0.6	0.210818510677892	1	0	"model654"
0.433333333333333	0.11653431646335	0.933333333333333	0.11653431646335	0.5	0	"model655"
-0.133333333333333	0.153156097245447	0.866666666666667	0.153156097245447	0	0	"model656"
0	0	1	0	0	0	"model657"
-0.05	0.0805076485899413	0.95	0.0805076485899413	0	0	"model658"
0	0	1	0	0	0	"model659"
0.633333333333333	0.291865011923638	0.633333333333333	0.291865011923638	1	0	"model660"
0	0	1	0	0	0	"model661"
0.283333333333333	0.0805076485899413	0.95	0.0805076485899413	0.333333333333333	0	"model662"
0	0	1	0	0	0	"model663"
0	0	1	0	0	0	"model664"
0	0	1	0	0	0	"model665"
0.233333333333333	0.11653431646335	0.9	0.11653431646335	0.333333333333333	0	"model666"
-0.0333333333333333	0.0702728368926306	0.966666666666667	0.0702728368926306	0	0	"model667"
-0.0333333333333333	0.0702728368926306	0.966666666666667	0.0702728368926306	0	0	"model668"
0	0	1	0	0	0	"model669"
0	0	1	0	0	0	"model670"
0.866666666666667	0.189215404065849	0.866666666666667	0.189215404065849	1	0	"model671"
0	0	1	0	0	0	"model672"
-0.1	0.11653431646335	0.9	0.11653431646335	0	0	"model673"
-0.0666666666666667	0.086066296582387	0.933333333333333	0.086066296582387	0	0	"model674"
0	0	1	0	0	0	"model675"
0	0	1	0	0	0	"model676"
0	0	1	0	0	0	"model677"
0.566666666666667	0.11653431646335	0.9	0.11653431646335	0.666666666666667	0	"model678"
0	0	1	0	0	0	"model679"
0	0	1	0	0	0	"model680"
0.85	0.122977464562104	0.85	0.122977464562104	1	0	"model681"
-0.05	0.112491426285092	0.95	0.112491426285092	0	0	"model682"
0.6	0.086066296582387	0.933333333333333	0.086066296582387	0.666666666666667	0	"model683"
0.783333333333333	0.208610926172429	0.783333333333333	0.208610926172429	1	0	"model684"
0	0	1	0	0	0	"model685"
0	0	1	0	0	0	"model686"
-0.0833333333333333	0.0878410461157883	0.916666666666667	0.0878410461157883	0	0	"model687"
-0.0333333333333333	0.0702728368926306	0.966666666666667	0.0702728368926306	0	0	"model688"
0	0	1	0	0	0	"model689"
-0.05	0.112491426285092	0.95	0.112491426285092	0	0	"model690"
0	0	1	0	0	0	"model691"
0	0	1	0	0	0	"model692"
0	0	1	0	0	0	"model693"
0.833333333333333	0.136082763487954	0.833333333333333	0.136082763487954	1	0	"model694"
-0.133333333333333	0.131468439624436	0.866666666666667	0.131468439624436	0	0	"model695"
0	0	1	0	0	0	"model696"
0	0	1	0	0	0	"model697"
-0.0333333333333333	0.0702728368926306	0.966666666666667	0.0702728368926306	0	0	"model698"
-0.05	0.0805076485899413	0.95	0.0805076485899413	0	0	"model699"
0	0	1	0	0	0	"model700"
0	0	1	0	0	0	"model701"
0	0	1	0	0	0	"model702"
0	0	1	0	0	0	"model703"
0.566666666666667	0.11653431646335	0.9	0.11653431646335	0.666666666666667	0	"model704"
0	0	1	0	0	0	"model705"
-0.0666666666666667	0.086066296582387	0.933333333333333	0.086066296582387	0	0	"model706"
0	0	1	0	0	0	"model707"
0	0	1	0	0	0	"model708"
0	0	1	0	0	0	"model709"
0	0	1	0	0	0	"model710"
0	0	1	0	0	0	"model711"
0	0	1	0	0	0	"model712"
0	0	1	0	0	0	"model713"
0	0	1	0	0	0	"model714"
0	0	1	0	0	0	"model715"
0	0	1	0	0	0	"model716"
0	0	1	0	0	0	"model717"
0.583333333333333	0.117851130197758	0.583333333333333	0.117851130197758	1	0	"model718"
0	0	1	0	0	0	"model719"
0.55	0.158113883008419	0.883333333333333	0.158113883008419	0.666666666666667	0	"model720"
0	0	1	0	0	0	"model721"
0	0	1	0	0	0	"model722"
0.866666666666667	0.131468439624436	0.866666666666667	0.131468439624436	1	0	"model723"
0	0	1	0	0	0	"model724"
0	0	1	0	0	0	"model725"
0.766666666666667	0.140545673785261	0.766666666666667	0.140545673785261	1	0	"model726"
0	0	1	0	0	0	"model727"
0	0	1	0	0	0	"model728"
0.65	0.21444732295132	0.65	0.21444732295132	1	0	"model729"
0	0	1	0	0	0	"model730"
0	0	1	0	0	0	"model731"
0	0	1	0	0	0	"model732"
0	0	1	0	0	0	"model733"
-0.0333333333333333	0.0702728368926306	0.966666666666667	0.0702728368926306	0	0	"model734"
0.866666666666667	0.131468439624436	0.866666666666667	0.131468439624436	1	0	"model735"
0.666666666666667	0	1	0	0.666666666666667	0	"model736"
-0.116666666666667	0.158113883008419	0.883333333333333	0.158113883008419	0	0	"model737"
0.533333333333333	0.105409255338946	0.866666666666667	0.105409255338946	0.666666666666667	0	"model738"
0	0	1	0	0	0	"model739"
0	0	1	0	0	0	"model740"
0	0	1	0	0	0	"model741"
0.566666666666667	0.086066296582387	0.9	0.086066296582387	0.666666666666667	0	"model742"
0.916666666666667	0.117851130197758	0.916666666666667	0.117851130197758	1	0	"model743"
0.916666666666667	0.161970885967925	0.916666666666667	0.161970885967925	1	0	"model744"
0	0	1	0	0	0	"model745"
0	0	1	0	0	0	"model746"
0	0	1	0	0	0	"model747"
0.716666666666667	0.193250301454734	0.716666666666667	0.193250301454734	1	0	"model748"
-0.0166666666666667	0.052704627669473	0.983333333333333	0.052704627669473	0	0	"model749"
0.466666666666667	0.2330686329267	0.466666666666667	0.2330686329267	1	0	"model750"
-0.05	0.0805076485899413	0.95	0.0805076485899413	0	0	"model751"
0	0	1	0	0	0	"model752"
0	0	1	0	0	0	"model753"
0	0	1	0	0	0	"model754"
0.883333333333333	0.137212100391427	0.883333333333333	0.137212100391427	1	0	"model755"
0	0	1	0	0	0	"model756"
0	0	1	0	0	0	"model757"
0	0	1	0	0	0	"model758"
-0.0666666666666667	0.11653431646335	0.933333333333333	0.11653431646335	0	0	"model759"
0.883333333333333	0.0805076485899413	0.883333333333333	0.0805076485899413	1	0	"model760"
0.566666666666667	0.140545673785261	0.9	0.140545673785261	0.666666666666667	0	"model761"
0	0	1	0	0	0	"model762"
0	0	1	0	0	0	"model763"
0.7	0.131468439624436	0.866666666666667	0.131468439624436	0.833333333333333	0	"model764"
0.583333333333333	0.0878410461157883	0.916666666666667	0.0878410461157883	0.666666666666667	0	"model765"
0.833333333333333	0.157134840263677	0.833333333333333	0.157134840263677	1	0	"model766"
-0.0166666666666667	0.052704627669473	0.983333333333333	0.052704627669473	0	0	"model767"
0.283333333333333	0.0805076485899413	0.95	0.0805076485899413	0.333333333333333	0	"model768"
0	0	1	0	0	0	"model769"
0	0	1	0	0	0	"model770"
0	0	1	0	0	0	"model771"
0	0	1	0	0	0	"model772"
0	0	1	0	0	0	"model773"
0	0	1	0	0	0	"model774"
0	0	1	0	0	0	"model775"
0.583333333333333	0.180020574955774	0.583333333333333	0.180020574955774	1	0	"model776"
-0.0666666666666667	0.11653431646335	0.933333333333333	0.11653431646335	0	0	"model777"
0	0	1	0	0	0	"model778"
-0.0833333333333333	0.117851130197758	0.916666666666667	0.117851130197758	0	0	"model779"
0	0	1	0	0	0	"model780"
0.65	0.199536499956311	0.65	0.199536499956311	1	0	"model781"
0	0	1	0	0	0	"model782"
0	0	1	0	0	0	"model783"
0.766666666666667	0.140545673785261	0.766666666666667	0.140545673785261	1	0	"model784"
0	0	1	0	0	0	"model785"
0	0	1	0	0	0	"model786"
0	0	1	0	0	0	"model787"
0	0	1	0	0	0	"model788"
0	0	1	0	0	0	"model789"
0	0	1	0	0	0	"model790"
0	0	1	0	0	0	"model791"
0	0	1	0	0	0	"model792"
0	0	1	0	0	0	"model793"
-0.05	0.0805076485899413	0.95	0.0805076485899413	0	0	"model794"
0	0	1	0	0	0	"model795"
0.583333333333333	0.161970885967925	0.583333333333333	0.161970885967925	1	0	"model796"
0	0	1	0	0	0	"model797"
0.6	0.086066296582387	0.933333333333333	0.086066296582387	0.666666666666667	0	"model798"
0	0	1	0	0	0	"model799"
-0.05	0.0805076485899413	0.95	0.0805076485899413	0	0	"model800"
-0.05	0.0805076485899413	0.95	0.0805076485899413	0	0	"model801"
-0.0166666666666667	0.052704627669473	0.983333333333333	0.052704627669473	0	0	"model802"
0	0	1	0	0	0	"model803"
0	0	1	0	0	0	"model804"
0	0	1	0	0	0	"model805"
0.75	0.141639430933133	0.75	0.141639430933133	1	0	"model806"
-0.05	0.0805076485899413	0.95	0.0805076485899413	0	0	"model807"
0	0	1	0	0	0	"model808"
0	0	1	0	0	0	"model809"
0	0	1	0	0	0	"model810"
-0.05	0.0805076485899413	0.95	0.0805076485899413	0	0	"model811"
0.683333333333333	0.122977464562104	0.683333333333333	0.122977464562104	1	0	"model812"
0	0	1	0	0	0	"model813"
-0.0333333333333333	0.189215404065849	0.8	0.189215404065849	0.166666666666667	0	"model814"
0	0	1	0	0	0	"model815"
0.883333333333333	0.137212100391427	0.883333333333333	0.137212100391427	1	0	"model816"
0	0	1	0	0	0	"model817"
0	0	1	0	0	0	"model818"
0	0	1	0	0	0	"model819"
-0.05	0.0805076485899413	0.95	0.0805076485899413	0	0	"model820"
0	0	1	0	0	0	"model821"
0.616666666666667	0.112491426285092	0.95	0.112491426285092	0.666666666666667	0	"model822"
0	0	1	0	0	0	"model823"
0	0	1	0	0	0	"model824"
0	0	1	0	0	0	"model825"
0	0	1	0	0	0	"model826"
0.866666666666667	0.153156097245447	0.866666666666667	0.153156097245447	1	0	"model827"
0	0	1	0	0	0	"model828"
0	0	1	0	0	0	"model829"
0	0	1	0	0	0	"model830"
0.533333333333333	0.131468439624436	0.866666666666667	0.131468439624436	0.666666666666667	0	"model831"
-0.0833333333333333	0.117851130197758	0.916666666666667	0.117851130197758	0	0	"model832"
0	0	1	0	0	0	"model833"
0	0	1	0	0	0	"model834"
0	0	1	0	0	0	"model835"
-0.0333333333333333	0.0702728368926306	0.966666666666667	0.0702728368926306	0	0	"model836"
0.3	0.0702728368926306	0.966666666666667	0.0702728368926306	0.333333333333333	0	"model837"
0.3	0.0702728368926306	0.966666666666667	0.0702728368926306	0.333333333333333	0	"model838"
0.516666666666667	0.165738154335292	0.85	0.165738154335292	0.666666666666667	0	"model839"
0	0	1	0	0	0	"model840"
0.416666666666667	0.0878410461157883	0.916666666666667	0.0878410461157883	0.5	0	"model841"
0	0	1	0	0	0	"model842"
0.883333333333333	0.137212100391427	0.883333333333333	0.137212100391427	1	0	"model843"
0	0	1	0	0	0	"model844"
0.116666666666667	0.112491426285092	0.95	0.112491426285092	0.166666666666667	0	"model845"
0.5	0.157134840263677	0.833333333333333	0.157134840263677	0.666666666666667	0	"model846"
0.95	0.0805076485899413	0.95	0.0805076485899413	1	0	"model847"
0	0	1	0	0	0	"model848"
0.416666666666667	0.0878410461157883	0.916666666666667	0.0878410461157883	0.5	0	"model849"
0	0	1	0	0	0	"model850"
0	0	1	0	0	0	"model851"
0	0	1	0	0	0	"model852"
0	0	1	0	0	0	"model853"
0.516666666666667	0.145932505961819	0.85	0.145932505961819	0.666666666666667	0	"model854"
-0.0833333333333333	0.180020574955774	0.916666666666667	0.180020574955774	0	0	"model855"
0.516666666666667	0.145932505961819	0.85	0.145932505961819	0.666666666666667	0	"model856"
-0.0166666666666667	0.052704627669473	0.983333333333333	0.052704627669473	0	0	"model857"
0	0	1	0	0	0	"model858"
0	0	1	0	0	0	"model859"
0	0	1	0	0	0	"model860"
0.666666666666667	0.157134840263677	0.666666666666667	0.157134840263677	1	0	"model861"
0.216666666666667	0.112491426285092	0.883333333333333	0.112491426285092	0.333333333333333	0	"model862"
0	0	1	0	0	0	"model863"
0	0	1	0	0	0	"model864"
0	0	1	0	0	0	"model865"
0.85	0.122977464562104	0.85	0.122977464562104	1	0	"model866"
0	0	1	0	0	0	"model867"
0.533333333333333	0.105409255338946	0.866666666666667	0.105409255338946	0.666666666666667	0	"model868"
-0.0666666666666667	0.086066296582387	0.933333333333333	0.086066296582387	0	0	"model869"
0.3	0.0702728368926306	0.966666666666667	0.0702728368926306	0.333333333333333	0	"model870"
0.883333333333333	0.137212100391427	0.883333333333333	0.137212100391427	1	0	"model871"
0.6	0.195631298462878	0.6	0.195631298462878	1	0	"model872"
0	0	1	0	0	0	"model873"
0	0	1	0	0	0	"model874"
0.516666666666667	0.145932505961819	0.85	0.145932505961819	0.666666666666667	0	"model875"
0.866666666666667	0.131468439624436	0.866666666666667	0.131468439624436	1	0	"model876"
0	0	1	0	0	0	"model877"
0.9	0.140545673785261	0.9	0.140545673785261	1	0	"model878"
0.766666666666667	0.161015297179883	0.766666666666667	0.161015297179883	1	0	"model879"
0	0	1	0	0	0	"model880"
-0.05	0.0805076485899413	0.95	0.0805076485899413	0	0	"model881"
0	0	1	0	0	0	"model882"
0	0	1	0	0	0	"model883"
0	0	1	0	0	0	"model884"
0.283333333333333	0.0805076485899413	0.95	0.0805076485899413	0.333333333333333	0	"model885"
0	0	1	0	0	0	"model886"
0	0	1	0	0	0	"model887"
-0.0166666666666667	0.052704627669473	0.983333333333333	0.052704627669473	0	0	"model888"
0.0833333333333333	0.117851130197758	0.916666666666667	0.117851130197758	0.166666666666667	0	"model889"
0	0	1	0	0	0	"model890"
0	0	1	0	0	0	"model891"
0	0	1	0	0	0	"model892"
0	0	1	0	0	0	"model893"
0	0	1	0	0	0	"model894"
0	0	1	0	0	0	"model895"
0	0	1	0	0	0	"model896"
0.566666666666667	0.086066296582387	0.9	0.086066296582387	0.666666666666667	0	"model897"
0	0	1	0	0	0	"model898"
0.1	0.11653431646335	0.933333333333333	0.11653431646335	0.166666666666667	0	"model899"
0	0	1	0	0	0	"model900"
0.516666666666667	0.0946077020329244	0.85	0.0946077020329245	0.666666666666667	0	"model901"
0.65	0.241522945769824	0.65	0.241522945769824	1	0	"model902"
0	0	1	0	0	0	"model903"
0.866666666666667	0.131468439624436	0.866666666666667	0.131468439624436	1	0	"model904"
-0.0166666666666667	0.052704627669473	0.983333333333333	0.052704627669473	0	0	"model905"
0.566666666666667	0.140545673785261	0.9	0.140545673785261	0.666666666666667	0	"model906"
0	0	1	0	0	0	"model907"
-0.0333333333333333	0.0702728368926306	0.966666666666667	0.0702728368926306	0	0	"model908"
0	0	1	0	0	0	"model909"
0.883333333333333	0.112491426285092	0.883333333333333	0.112491426285092	1	0	"model910"
0	0	1	0	0	0	"model911"
-0.0333333333333333	0.0702728368926306	0.966666666666667	0.0702728368926306	0	0	"model912"
0	0	1	0	0	0	"model913"
0	0	1	0	0	0	"model914"
0	0	1	0	0	0	"model915"
0	0	1	0	0	0	"model916"
0	0	1	0	0	0	"model917"
0	0	1	0	0	0	"model918"
0	0	1	0	0	0	"model919"
0	0	1	0	0	0	"model920"
-0.05	0.0805076485899413	0.95	0.0805076485899413	0	0	"model921"
0	0	1	0	0	0	"model922"
0	0	1	0	0	0	"model923"
0.4	0.11653431646335	0.9	0.11653431646335	0.5	0	"model924"
-0.0833333333333333	0.117851130197758	0.916666666666667	0.117851130197758	0	0	"model925"
-0.0333333333333333	0.0702728368926306	0.966666666666667	0.0702728368926306	0	0	"model926"
0	0	1	0	0	0	"model927"
0	0	1	0	0	0	"model928"
-0.0333333333333333	0.0702728368926306	0.966666666666667	0.0702728368926306	0	0	"model929"
0	0	1	0	0	0	"model930"
0	0	1	0	0	0	"model931"
0	0	1	0	0	0	"model932"
-0.1	0.140545673785261	0.9	0.140545673785261	0	0	"model933"
0	0	1	0	0	0	"model934"
0	0	1	0	0	0	"model935"
-0.0833333333333333	0.0878410461157883	0.916666666666667	0.0878410461157883	0	0	"model936"
0.566666666666667	0.086066296582387	0.9	0.086066296582387	0.666666666666667	0	"model937"
-0.0833333333333333	0.0878410461157883	0.916666666666667	0.0878410461157883	0	0	"model938"
0	0	1	0	0	0	"model939"
0	0	1	0	0	0	"model940"
0	0	1	0	0	0	"model941"
0	0	1	0	0	0	"model942"
0.5	0.157134840263677	0.833333333333333	0.157134840263677	0.666666666666667	0	"model943"
0.233333333333333	0.086066296582387	0.9	0.086066296582387	0.333333333333333	0	"model944"
0	0	1	0	0	0	"model945"
0	0	1	0	0	0	"model946"
0.616666666666667	0.0805076485899413	0.95	0.0805076485899413	0.666666666666667	0	"model947"
0.716666666666667	0.0805076485899414	0.716666666666667	0.0805076485899414	1	0	"model948"
0	0	1	0	0	0	"model949"
0	0	1	0	0	0	"model950"
0	0	1	0	0	0	"model951"
0	0	1	0	0	0	"model952"
-0.0666666666666667	0.086066296582387	0.933333333333333	0.086066296582387	0	0	"model953"
0.233333333333333	0.11653431646335	0.9	0.11653431646335	0.333333333333333	0	"model954"
0.866666666666667	0.131468439624436	0.866666666666667	0.131468439624436	1	0	"model955"
0	0	1	0	0	0	"model956"
-0.0666666666666667	0.086066296582387	0.933333333333333	0.086066296582387	0	0	"model957"
0	0	1	0	0	0	"model958"
0	0	1	0	0	0	"model959"
0	0	1	0	0	0	"model960"
0	0	1	0	0	0	"model961"
0	0	1	0	0	0	"model962"
0.583333333333333	0.117851130197758	0.916666666666667	0.117851130197758	0.666666666666667	0	"model963"
0	0	1	0	0	0	"model964"
0	0	1	0	0	0	"model965"
0.5	0.0785674201318386	0.833333333333333	0.0785674201318386	0.666666666666667	0	"model966"
0.866666666666667	0.153156097245447	0.866666666666667	0.153156097245447	1	0	"model967"
0	0	1	0	0	0	"model968"
0.0833333333333333	0.117851130197758	0.916666666666667	0.117851130197758	0.166666666666667	0	"model969"
0	0	1	0	0	0	"model970"
0	0	1	0	0	0	"model971"
0.933333333333333	0.086066296582387	0.933333333333333	0.086066296582387	1	0	"model972"
0	0	1	0	0	0	"model973"
-0.05	0.0805076485899413	0.95	0.0805076485899413	0	0	"model974"
0	0	1	0	0	0	"model975"
0.566666666666667	0.11653431646335	0.9	0.11653431646335	0.666666666666667	0	"model976"
0	0	1	0	0	0	"model977"
0.6	0.11653431646335	0.933333333333333	0.11653431646335	0.666666666666667	0	"model978"
0	0	1	0	0	0	"model979"
0	0	1	0	0	0	"model980"
0.666666666666667	0.136082763487954	0.666666666666667	0.136082763487954	1	0	"model981"
0.666666666666667	0.207869854820775	0.666666666666667	0.207869854820775	1	0	"model982"
0.9	0.086066296582387	0.9	0.086066296582387	1	0	"model983"
0.8	0.20487876571762	0.8	0.20487876571762	1	0	"model984"
-0.05	0.0805076485899413	0.95	0.0805076485899413	0	0	"model985"
0	0	1	0	0	0	"model986"
0	0	1	0	0	0	"model987"
0	0	1	0	0	0	"model988"
0	0	1	0	0	0	"model989"
0.266666666666667	0.086066296582387	0.933333333333333	0.086066296582387	0.333333333333333	0	"model990"
0.85	0.145932505961819	0.85	0.145932505961819	1	0	"model991"
-0.0166666666666667	0.052704627669473	0.983333333333333	0.052704627669473	0	0	"model992"
0	0	1	0	0	0	"model993"
-0.0333333333333333	0.0702728368926306	0.966666666666667	0.0702728368926306	0	0	"model994"
0	0	1	0	0	0	"model995"
0.583333333333333	0.117851130197758	0.916666666666667	0.117851130197758	0.666666666666667	0	"model996"
-0.0333333333333333	0.0702728368926306	0.966666666666667	0.0702728368926306	0	0	"model997"
0.666666666666667	0.222222222222222	0.666666666666667	0.222222222222222	1	0	"model998"
0	0	1	0	0	0	"model999"
0	0	1	0	0	0	"model1000"
