"TSS.MN"	"TSS.sd"	"speci.MN"	"speci.sd"	"sensi.MN"	"sensi.sd"	"model"
0	0	1	0	0	0	"model1"
0.7	0.0134576791522332	0.973170731707317	0.0134576791522332	0.726829268292683	0	"model2"
0.304390243902439	0.00734412344106421	0.99219512195122	0.00734412344106421	0.31219512195122	0	"model3"
0	0	1	0	0	0	"model4"
0.465853658536585	0.0120039211871816	0.978048780487805	0.0120039211871816	0.48780487804878	0	"model5"
0	0	1	0	0	0	"model6"
0	0	1	0	0	0	"model7"
0.25609756097561	0.00414554431999414	0.992682926829268	0.00414554431999414	0.263414634146341	0	"model8"
0	0	1	0	0	0	"model9"
0.12	0.00251901355850888	0.998048780487805	0.00251901355850889	0.121951219512195	0	"model10"
0.503414634146341	0.00755704067552667	0.976585365853659	0.00755704067552667	0.526829268292683	0	"model11"
0.481463414634146	0.00728992252730403	0.98390243902439	0.00728992252730404	0.497560975609756	0	"model12"
0	0	1	0	0	0	"model13"
0	0	1	0	0	0	"model14"
0	0	1	0	0	0	"model15"
0	0	1	0	0	0	"model16"
0.889756097560976	0.0175428994592015	0.948292682926829	0.0175428994592015	0.941463414634146	0	"model17"
0.113658536585366	0.00329243198883197	0.996585365853659	0.00329243198883197	0.117073170731707	0	"model18"
0	0	1	0	0	0	"model19"
0	0	1	0	0	0	"model20"
0.658048780487805	0.00903866153475597	0.970243902439024	0.00903866153475597	0.68780487804878	0	"model21"
0.326341463414634	0.00584009268164813	0.989756097560976	0.00584009268164813	0.336585365853659	0	"model22"
0	0	1	0	0	0	"model23"
0.294146341463415	0.00610568564407109	0.991707317073171	0.00610568564407109	0.302439024390244	0	"model24"
0.811707317073171	0.018850571377157	0.811707317073171	0.018850571377157	1	0	"model25"
0	0	1	0	0	0	"model26"
0	0	1	0	0	0	"model27"
0	0	1	0	0	0	"model28"
0.739512195121951	0.00803192782779088	0.973658536585366	0.00803192782779088	0.765853658536585	0	"model29"
0.887317073170732	0.0190250851099561	0.931219512195122	0.0190250851099561	0.95609756097561	0	"model30"
0	0	1	0	0	0	"model31"
0	0	1	0	0	0	"model32"
0.662439024390244	0.00854239059288697	0.979512195121951	0.00854239059288697	0.682926829268293	0	"model33"
0	0	1	0	0	0	"model34"
0	0	1	0	0	0	"model35"
0.488292682926829	0.00359934042620791	0.985853658536585	0.00359934042620791	0.502439024390244	0	"model36"
0	0	1	0	0	0	"model37"
0.0048780487804878	0	1	0	0.0048780487804878	0	"model38"
0.877560975609756	0.0166537725256187	0.921463414634146	0.0166537725256187	0.95609756097561	0	"model39"
0	0	1	0	0	0	"model40"
0.302926829268293	0.00668448936295756	0.990731707317073	0.00668448936295756	0.31219512195122	0	"model41"
0	0	1	0	0	0	"model42"
0	0	1	0	0	0	"model43"
0	0	1	0	0	0	"model44"
0.0048780487804878	0	1	0	0.0048780487804878	0	"model45"
0.0239024390243902	0.00154257446837482	0.999512195121951	0.00154257446837482	0.024390243902439	0	"model46"
0.213658536585366	0.00553801182631753	0.994146341463415	0.00553801182631753	0.219512195121951	0	"model47"
0	0	1	0	0	0	"model48"
0.399024390243902	0.00854239059288695	0.984390243902439	0.00854239059288697	0.414634146341463	0	"model49"
0	0	1	0	0	0	"model50"
0	0	1	0	0	0	"model51"
0	0	1	0	0	0	"model52"
0.0146341463414634	0	1	0	0.0146341463414634	0	"model53"
0	0	1	0	0	0	"model54"
0	0	1	0	0	0	"model55"
0	0	1	0	0	0	"model56"
0.421951219512195	0.00982361461267852	0.978048780487805	0.00982361461267852	0.44390243902439	0	"model57"
0	0	1	0	0	0	"model58"
0.121951219512195	0.0032520325203252	0.995121951219512	0.00325203252032521	0.126829268292683	0	"model59"
0	0	1	0	0	0	"model60"
0	0	1	0	0	0	"model61"
0	0	1	0	0	0	"model62"
0	0	1	0	0	0	"model63"
0	0	1	0	0	0	"model64"
0	0	1	0	0	0	"model65"
0	0	1	0	0	0	"model66"
0.0678048780487805	0.00154257446837482	0.999512195121951	0.00154257446837482	0.0682926829268293	0	"model67"
0.00975609756097561	0	1	0	0.00975609756097561	0	"model68"
0.88390243902439	0.0177824040513721	0.932682926829268	0.0177824040513721	0.951219512195122	0	"model69"
0	0	1	0	0	0	"model70"
0.602439024390244	0.0126474383626862	0.978048780487805	0.0126474383626862	0.624390243902439	0	"model71"
0.511219512195122	0.00682152096370831	0.984390243902439	0.00682152096370831	0.526829268292683	0	"model72"
0	0	1	0	0	0	"model73"
0.288292682926829	0.00811380484544692	0.985853658536585	0.00811380484544693	0.302439024390244	0	"model74"
0	0	1	0	0	0	"model75"
0	0	1	0	0	0	"model76"
0.189756097560976	0.00359934042620791	0.994634146341463	0.00359934042620791	0.195121951219512	0	"model77"
0.885853658536585	0.0136430419274166	0.944390243902439	0.0136430419274166	0.941463414634146	0	"model78"
0	0	1	0	0	0	"model79"
0	0	1	0	0	0	"model80"
0.340975609756098	0.00811380484544691	0.984878048780488	0.00811380484544693	0.35609756097561	0	"model81"
0.132682926829268	0.00308514893674964	0.99609756097561	0.00308514893674964	0.136585365853659	0	"model82"
0.880975609756098	0.0198080550671103	0.924878048780488	0.0198080550671103	0.95609756097561	0	"model83"
0.0239024390243902	0.00154257446837482	0.999512195121951	0.00154257446837482	0.024390243902439	0	"model84"
0	0	1	0	0	0	"model85"
0	0	1	0	0	0	"model86"
0	0	1	0	0	0	"model87"
0.0434146341463415	0.00154257446837482	0.999512195121951	0.00154257446837482	0.0439024390243902	0	"model88"
0.214634146341463	0.00459906849552226	0.995121951219512	0.00459906849552226	0.219512195121951	0	"model89"
0	0	1	0	0	0	"model90"
0.109756097560976	0.0034493013716417	0.997560975609756	0.0034493013716417	0.11219512195122	0	"model91"
0	0	1	0	0	0	"model92"
0	0	1	0	0	0	"model93"
0.239024390243902	0.0032520325203252	0.995121951219512	0.00325203252032521	0.24390243902439	0	"model94"
0.14	0.00462772340512445	0.993658536585366	0.00462772340512446	0.146341463414634	0	"model95"
0.82780487804878	0.00610568564407109	0.964390243902439	0.00610568564407109	0.863414634146341	0	"model96"
0	0	1	0	0	0	"model97"
0.651219512195122	0.00897996830665632	0.973170731707317	0.00897996830665632	0.678048780487805	0	"model98"
0.151707317073171	0.00485087280981343	0.995609756097561	0.00485087280981343	0.15609756097561	0	"model99"
0.101951219512195	0.00154257446837482	0.999512195121951	0.00154257446837482	0.102439024390244	0	"model100"
0.0292682926829268	0	1	0	0.0292682926829268	0	"model101"
0	0	1	0	0	0	"model102"
0.37219512195122	0.00610568564407109	0.981951219512195	0.00610568564407109	0.390243902439024	0	"model103"
0	0	1	0	0	0	"model104"
0	0	1	0	0	0	"model105"
0	0	1	0	0	0	"model106"
0.889756097560976	0.0136430419274166	0.948292682926829	0.0136430419274166	0.941463414634146	0	"model107"
0	0	1	0	0	0	"model108"
0	0	1	0	0	0	"model109"
0	0	1	0	0	0	"model110"
0.890731707317073	0.0205933531043741	0.944390243902439	0.020593353104374	0.946341463414634	0	"model111"
0.206341463414634	0.00516756051449454	0.991707317073171	0.00516756051449454	0.214634146341463	0	"model112"
0.158048780487805	0.00341076048185415	0.997073170731707	0.00341076048185415	0.160975609756098	0	"model113"
0	0	1	0	0	0	"model114"
0.787317073170732	0.0122113712881422	0.96780487804878	0.0122113712881422	0.819512195121951	0	"model115"
0.2	0.00398291015086695	0.995121951219512	0.00398291015086696	0.204878048780488	0	"model116"
0	0	1	0	0	0	"model117"
0.00975609756097561	0	1	0	0.00975609756097561	0	"model118"
0.41609756097561	0.0117366389805649	0.977073170731707	0.0117366389805649	0.439024390243902	0	"model119"
0.0190243902439024	0.00154257446837482	0.999512195121951	0.00154257446837482	0.0195121951219512	0	"model120"
0	0	1	0	0	0	"model121"
0	0	1	0	0	0	"model122"
0	0	1	0	0	0	"model123"
0	0	1	0	0	0	"model124"
0.704390243902439	0.00896523496070909	0.972682926829268	0.00896523496070909	0.731707317073171	0	"model125"
0	0	1	0	0	0	"model126"
0.208780487804878	0.00553801182631752	0.994146341463415	0.00553801182631753	0.214634146341463	0	"model127"
0.833658536585366	0.0132995805181649	0.965365853658537	0.0132995805181649	0.868292682926829	0	"model128"
0	0	1	0	0	0	"model129"
0.822439024390244	0.013048717169261	0.968780487804878	0.0130487171692611	0.853658536585366	0	"model130"
0.0731707317073171	0	1	0	0.0731707317073171	0	"model131"
0	0	1	0	0	0	"model132"
0	0	1	0	0	0	"model133"
0.188780487804878	0.00610568564407109	0.993658536585366	0.00610568564407109	0.195121951219512	0	"model134"
0.0487804878048781	0	1	0	0.0487804878048781	0	"model135"
0	0	1	0	0	0	"model136"
0.485853658536585	0.00697483271204138	0.983414634146341	0.00697483271204138	0.502439024390244	0	"model137"
0.0678048780487805	0.00154257446837482	0.999512195121951	0.00154257446837482	0.0682926829268293	0	"model138"
0	0	1	0	0	0	"model139"
0.88780487804878	0.0189624451864888	0.931707317073171	0.0189624451864888	0.95609756097561	0	"model140"
0.0439024390243902	0	1	0	0.0439024390243902	0	"model141"
0	0	1	0	0	0	"model142"
0.840487804878049	0.0119597889745908	0.957560975609756	0.0119597889745907	0.882926829268293	0	"model143"
0	0	1	0	0	0	"model144"
0	0	1	0	0	0	"model145"
0	0	1	0	0	0	"model146"
0.784390243902439	0.00942528568857851	0.964878048780488	0.00942528568857851	0.819512195121951	0	"model147"
0.0434146341463415	0.00154257446837482	0.999512195121951	0.00154257446837482	0.0439024390243902	0	"model148"
0.545853658536585	0.010398879320533	0.975121951219512	0.010398879320533	0.570731707317073	0	"model149"
0.243414634146341	0.00485087280981343	0.994634146341463	0.00485087280981343	0.248780487804878	0	"model150"
0.0048780487804878	0	1	0	0.0048780487804878	0	"model151"
0	0	1	0	0	0	"model152"
0	0	1	0	0	0	"model153"
0.165853658536585	0.00563268555306952	0.995121951219512	0.00563268555306952	0.170731707317073	0	"model154"
0.746829268292683	0.0106500961910978	0.971219512195122	0.0106500961910978	0.775609756097561	0	"model155"
0.0048780487804878	0	1	0	0.0048780487804878	0	"model156"
0.0048780487804878	0	1	0	0.0048780487804878	0	"model157"
0	0	1	0	0	0	"model158"
0.0336585365853659	0.00154257446837482	0.999512195121951	0.00154257446837482	0.0341463414634146	0	"model159"
0.724878048780488	0.00572579410135253	0.978536585365854	0.00572579410135253	0.746341463414634	0	"model160"
0	0	1	0	0	0	"model161"
0	0	1	0	0	0	"model162"
0	0	1	0	0	0	"model163"
0	0	1	0	0	0	"model164"
0	0	1	0	0	0	"model165"
0	0	1	0	0	0	"model166"
0	0	1	0	0	0	"model167"
0	0	1	0	0	0	"model168"
0	0	1	0	0	0	"model169"
0	0	1	0	0	0	"model170"
0.0048780487804878	0	1	0	0.0048780487804878	0	"model171"
0.0234146341463415	0.00205676595783309	0.999024390243902	0.00205676595783309	0.024390243902439	0	"model172"
0	0	1	0	0	0	"model173"
0.498536585365854	0.00789915954568529	0.986341463414634	0.00789915954568529	0.51219512195122	0	"model174"
0	0	1	0	0	0	"model175"
0.73609756097561	0.0132995805181649	0.965365853658537	0.0132995805181649	0.770731707317073	0	"model176"
0.275609756097561	0.00699376037970944	0.992682926829268	0.00699376037970946	0.282926829268293	0	"model177"
0	0	1	0	0	0	"model178"
0.308780487804878	0.00565610638404101	0.991707317073171	0.00565610638404101	0.317073170731707	0	"model179"
0.0902439024390244	0.00344930137164169	0.997560975609756	0.0034493013716417	0.0926829268292683	0	"model180"
0.346341463414634	0.00689860274328338	0.985365853658537	0.0068986027432834	0.360975609756098	0	"model181"
0.282926829268293	0.0091981369910445	0.990243902439024	0.00919813699104453	0.292682926829268	0	"model182"
0	0	1	0	0	0	"model183"
0	0	1	0	0	0	"model184"
0	0	1	0	0	0	"model185"
0.864390243902439	0.0213001923821955	0.903414634146341	0.0213001923821955	0.960975609756098	0	"model186"
0	0	1	0	0	0	"model187"
0	0	1	0	0	0	"model188"
0	0	1	0	0	0	"model189"
0.884390243902439	0.0214547900878644	0.928292682926829	0.0214547900878644	0.95609756097561	0	"model190"
0	0	1	0	0	0	"model191"
0	0	1	0	0	0	"model192"
0	0	1	0	0	0	"model193"
0	0	1	0	0	0	"model194"
0.499512195121951	0.0151140813510533	0.977560975609756	0.0151140813510533	0.521951219512195	0	"model195"
0	0	1	0	0	0	"model196"
0.808780487804878	0.0282384303689007	0.808780487804878	0.0282384303689007	1	0	"model197"
0.0619512195121951	0.00235632142214462	0.998536585365854	0.00235632142214463	0.0634146341463415	0	"model198"
0	0	1	0	0	0	"model199"
0.12	0.00341076048185415	0.998048780487805	0.00341076048185415	0.121951219512195	0	"model200"
0.308780487804878	0.00691773898737648	0.977073170731707	0.00691773898737648	0.331707317073171	0	"model201"
0	0	1	0	0	0	"model202"
0	0	1	0	0	0	"model203"
0	0	1	0	0	0	"model204"
0	0	1	0	0	0	"model205"
0	0	1	0	0	0	"model206"
0.222439024390244	0.00769571353899138	0.993170731707317	0.00769571353899138	0.229268292682927	0	"model207"
0	0	1	0	0	0	"model208"
0.122439024390244	0.00584009268164812	0.995609756097561	0.00584009268164813	0.126829268292683	0	"model209"
0.845853658536585	0.0172388400399331	0.953170731707317	0.0172388400399331	0.892682926829268	0	"model210"
0.385365853658537	0.00727176578048713	0.980487804878049	0.00727176578048713	0.404878048780488	0	"model211"
0	0	1	0	0	0	"model212"
0	0	1	0	0	0	"model213"
0.874146341463415	0.0131697279553279	0.947317073170732	0.0131697279553278	0.926829268292683	0	"model214"
0.369756097560976	0.0104874897538843	0.979512195121951	0.0104874897538843	0.390243902439024	0	"model215"
0.0721951219512195	0.00205676595783309	0.999024390243902	0.00205676595783309	0.0731707317073171	0	"model216"
0.0536585365853659	0	1	0	0.0536585365853659	0	"model217"
0	0	1	0	0	0	"model218"
0.024390243902439	0	1	0	0.024390243902439	0	"model219"
0	0	1	0	0	0	"model220"
0.0048780487804878	0	1	0	0.0048780487804878	0	"model221"
0	0	1	0	0	0	"model222"
0	0	1	0	0	0	"model223"
0.0629268292682927	0.00154257446837482	0.999512195121951	0.00154257446837482	0.0634146341463415	0	"model224"
0	0	1	0	0	0	"model225"
0	0	1	0	0	0	"model226"
0	0	1	0	0	0	"model227"
0	0	1	0	0	0	"model228"
0	0	1	0	0	0	"model229"
0	0	1	0	0	0	"model230"
0.850731707317073	0.0152880120631456	0.958048780487805	0.0152880120631456	0.892682926829268	0	"model231"
0	0	1	0	0	0	"model232"
0.894146341463415	0.0213312015591644	0.918536585365854	0.0213312015591644	0.975609756097561	0	"model233"
0.875609756097561	0.0307871483394496	0.875609756097561	0.0307871483394496	1	0	"model234"
0	0	1	0	0	0	"model235"
0	0	1	0	0	0	"model236"
0	0	1	0	0	0	"model237"
0	0	1	0	0	0	"model238"
0	0	1	0	0	0	"model239"
0.308292682926829	0.00642224964492082	0.991219512195122	0.00642224964492082	0.317073170731707	0	"model240"
0	0	1	0	0	0	"model241"
0	0	1	0	0	0	"model242"
0	0	1	0	0	0	"model243"
0	0	1	0	0	0	"model244"
0.863414634146341	0.0215715433519051	0.907317073170732	0.0215715433519051	0.95609756097561	0	"model245"
0	0	1	0	0	0	"model246"
0.759512195121951	0.00921249786940833	0.969268292682927	0.00921249786940833	0.790243902439024	0	"model247"
0.0858536585365854	0.00341076048185415	0.998048780487805	0.00341076048185415	0.0878048780487805	0	"model248"
0	0	1	0	0	0	"model249"
0	0	1	0	0	0	"model250"
0	0	1	0	0	0	"model251"
0	0	1	0	0	0	"model252"
0	0	1	0	0	0	"model253"
0	0	1	0	0	0	"model254"
0.254634146341463	0.00970174561962686	0.991219512195122	0.00970174561962687	0.263414634146341	0	"model255"
0	0	1	0	0	0	"model256"
0	0	1	0	0	0	"model257"
0.805365853658537	0.0122653802703389	0.956585365853658	0.0122653802703389	0.848780487804878	0	"model258"
0	0	1	0	0	0	"model259"
0.0048780487804878	0	1	0	0.0048780487804878	0	"model260"
0	0	1	0	0	0	"model261"
0.834146341463415	0.00919813699104453	0.970731707317073	0.00919813699104453	0.863414634146341	0	"model262"
0	0	1	0	0	0	"model263"
0.549756097560976	0.0112770997622112	0.979024390243902	0.0112770997622112	0.570731707317073	0	"model264"
0	0	1	0	0	0	"model265"
0	0	1	0	0	0	"model266"
0.235609756097561	0.00691773898737646	0.991707317073171	0.00691773898737648	0.24390243902439	0	"model267"
0	0	1	0	0	0	"model268"
0	0	1	0	0	0	"model269"
0.172195121951219	0.00462772340512445	0.996585365853659	0.00462772340512446	0.175609756097561	0	"model270"
0.0239024390243902	0.00154257446837482	0.999512195121951	0.00154257446837482	0.024390243902439	0	"model271"
0	0	1	0	0	0	"model272"
0	0	1	0	0	0	"model273"
0.0048780487804878	0	1	0	0.0048780487804878	0	"model274"
0	0	1	0	0	0	"model275"
0	0	1	0	0	0	"model276"
0.324390243902439	0.00897996830665632	0.98780487804878	0.00897996830665632	0.336585365853659	0	"model277"
0.282439024390244	0.0058400926816481	0.989756097560976	0.00584009268164813	0.292682926829268	0	"model278"
0	0	1	0	0	0	"model279"
0	0	1	0	0	0	"model280"
0	0	1	0	0	0	"model281"
0	0	1	0	0	0	"model282"
0.0707317073170732	0.00344930137164169	0.997560975609756	0.0034493013716417	0.0731707317073171	0	"model283"
0.871219512195122	0.0176929697674608	0.915121951219512	0.0176929697674607	0.95609756097561	0	"model284"
0.307317073170732	0.00650406504065041	0.990243902439024	0.00650406504065041	0.317073170731707	0	"model285"
0.211707317073171	0.00524374487694215	0.99219512195122	0.00524374487694215	0.219512195121951	0	"model286"
0.878536585365854	0.0204968363110985	0.912682926829268	0.0204968363110984	0.965853658536585	0	"model287"
0	0	1	0	0	0	"model288"
0	0	1	0	0	0	"model289"
0.524390243902439	0.00804836986716396	0.973170731707317	0.00804836986716396	0.551219512195122	0	"model290"
0	0	1	0	0	0	"model291"
0	0	1	0	0	0	"model292"
0.169268292682927	0.00401596391389543	0.993658536585366	0.00401596391389544	0.175609756097561	0	"model293"
0.882439024390244	0.0188856031326629	0.926341463414634	0.0188856031326629	0.95609756097561	0	"model294"
0	0	1	0	0	0	"model295"
0	0	1	0	0	0	"model296"
0	0	1	0	0	0	"model297"
0	0	1	0	0	0	"model298"
0.50780487804878	0.00987729596649591	0.985853658536585	0.00987729596649591	0.521951219512195	0	"model299"
0	0	1	0	0	0	"model300"
0	0	1	0	0	0	"model301"
0	0	1	0	0	0	"model302"
0	0	1	0	0	0	"model303"
0	0	1	0	0	0	"model304"
0	0	1	0	0	0	"model305"
0.74390243902439	0.0167802987321547	0.963414634146341	0.0167802987321547	0.780487804878049	0	"model306"
0	0	1	0	0	0	"model307"
0.0048780487804878	0	1	0	0.0048780487804878	0	"model308"
0.87219512195122	0.0162276096908939	0.91609756097561	0.0162276096908939	0.95609756097561	0	"model309"
0.72780487804878	0.00682152096370831	0.971707317073171	0.00682152096370831	0.75609756097561	0	"model310"
0	0	1	0	0	0	"model311"
0	0	1	0	0	0	"model312"
0.401463414634146	0.0100366174712266	0.981951219512195	0.0100366174712267	0.419512195121951	0	"model313"
0.86390243902439	0.0198413963717484	0.86390243902439	0.0198413963717484	1	0	"model314"
0	0	1	0	0	0	"model315"
0.00975609756097561	0	1	0	0.00975609756097561	0	"model316"
0	0	1	0	0	0	"model317"
0	0	1	0	0	0	"model318"
0	0	1	0	0	0	"model319"
0	0	1	0	0	0	"model320"
0	0	1	0	0	0	"model321"
0	0	1	0	0	0	"model322"
0	0	1	0	0	0	"model323"
0	0	1	0	0	0	"model324"
0	0	1	0	0	0	"model325"
0.88	0.0185679381120263	0.919024390243902	0.0185679381120263	0.960975609756098	0	"model326"
0	0	1	0	0	0	"model327"
0	0	1	0	0	0	"model328"
0	0	1	0	0	0	"model329"
0	0	1	0	0	0	"model330"
0	0	1	0	0	0	"model331"
0	0	1	0	0	0	"model332"
0.890243902439024	0.0144065407696499	0.94390243902439	0.0144065407696498	0.946341463414634	0	"model333"
0	0	1	0	0	0	"model334"
0.884390243902439	0.0157731958540199	0.928292682926829	0.0157731958540198	0.95609756097561	0	"model335"
0	0	1	0	0	0	"model336"
0	0	1	0	0	0	"model337"
0	0	1	0	0	0	"model338"
0.0814634146341463	0.00235632142214463	0.998536585365854	0.00235632142214463	0.0829268292682927	0	"model339"
0	0	1	0	0	0	"model340"
0	0	1	0	0	0	"model341"
0.0048780487804878	0	1	0	0.0048780487804878	0	"model342"
0.0048780487804878	0	1	0	0.0048780487804878	0	"model343"
0.26	0.00652435858463054	0.986829268292683	0.00652435858463054	0.273170731707317	0	"model344"
0	0	1	0	0	0	"model345"
0	0	1	0	0	0	"model346"
0.0629268292682927	0.00154257446837482	0.999512195121951	0.00154257446837482	0.0634146341463415	0	"model347"
0	0	1	0	0	0	"model348"
0.446341463414634	0.0047406112966222	0.98780487804878	0.0047406112966222	0.458536585365854	0	"model349"
0.771219512195122	0.00778112917984092	0.971219512195122	0.00778112917984092	0.8	0	"model350"
0	0	1	0	0	0	"model351"
0.407317073170732	0.00837043100893251	0.982926829268293	0.00837043100893253	0.424390243902439	0	"model352"
0.0048780487804878	0	1	0	0.0048780487804878	0	"model353"
0	0	1	0	0	0	"model354"
0.878048780487805	0.0160967397343279	0.921951219512195	0.0160967397343279	0.95609756097561	0	"model355"
0	0	1	0	0	0	"model356"
0.871707317073171	0.023456376522749	0.871707317073171	0.023456376522749	1	0	"model357"
0	0	1	0	0	0	"model358"
0.822926829268293	0.0199211878319242	0.954634146341463	0.0199211878319243	0.868292682926829	0	"model359"
0	0	1	0	0	0	"model360"
0	0	1	0	0	0	"model361"
0.0048780487804878	0	1	0	0.0048780487804878	0	"model362"
0	0	1	0	0	0	"model363"
0	0	1	0	0	0	"model364"
0.258536585365854	0.00398291015086696	0.990243902439024	0.00398291015086696	0.268292682926829	0	"model365"
0.88780487804878	0.0200468748064032	0.946341463414634	0.0200468748064032	0.941463414634146	0	"model366"
0	0	1	0	0	0	"model367"
0	0	1	0	0	0	"model368"
0	0	1	0	0	0	"model369"
0.198048780487805	0.00803192782779087	0.993170731707317	0.00803192782779088	0.204878048780488	0	"model370"
0.884878048780488	0.0105878507942112	0.914146341463415	0.0105878507942112	0.970731707317073	0	"model371"
0.206341463414634	0.00861942001996655	0.991707317073171	0.00861942001996656	0.214634146341463	0	"model372"
0.0682926829268293	0	1	0	0.0682926829268293	0	"model373"
0.00975609756097561	0	1	0	0.00975609756097561	0	"model374"
0.881951219512195	0.0177824040513721	0.945365853658537	0.0177824040513721	0.936585365853659	0	"model375"
0	0	1	0	0	0	"model376"
0.658048780487805	0.00843336746659509	0.98	0.00843336746659509	0.678048780487805	0	"model377"
0	0	1	0	0	0	"model378"
0	0	1	0	0	0	"model379"
0	0	1	0	0	0	"model380"
0.132682926829268	0.00448261748035455	0.99609756097561	0.00448261748035455	0.136585365853659	0	"model381"
0.875609756097561	0.016137750602666	0.963414634146341	0.016137750602666	0.91219512195122	0	"model382"
0	0	1	0	0	0	"model383"
0	0	1	0	0	0	"model384"
0	0	1	0	0	0	"model385"
0	0	1	0	0	0	"model386"
0.269756097560976	0.00764400603157279	0.991707317073171	0.00764400603157279	0.278048780487805	0	"model387"
0	0	1	0	0	0	"model388"
0	0	1	0	0	0	"model389"
0	0	1	0	0	0	"model390"
0.105853658536585	0.00235632142214463	0.998536585365854	0.00235632142214463	0.107317073170732	0	"model391"
0.690731707317073	0.00835462281539191	0.973658536585366	0.00835462281539196	0.717073170731707	0	"model392"
0.0917073170731707	0.00205676595783309	0.999024390243902	0.00205676595783309	0.0926829268292683	0	"model393"
0.896585365853659	0.0121244565088177	0.955121951219512	0.0121244565088177	0.941463414634146	0	"model394"
0	0	1	0	0	0	"model395"
0	0	1	0	0	0	"model396"
0.08	0.00341076048185415	0.997073170731707	0.00341076048185415	0.0829268292682927	0	"model397"
0	0	1	0	0	0	"model398"
0	0	1	0	0	0	"model399"
0	0	1	0	0	0	"model400"
0.880487804878049	0.0231386170256223	0.885365853658537	0.0231386170256223	0.995121951219512	0	"model401"
0.881463414634146	0.0138067835547017	0.925365853658537	0.0138067835547016	0.95609756097561	0	"model402"
0	0	1	0	0	0	"model403"
0	0	1	0	0	0	"model404"
0	0	1	0	0	0	"model405"
0.853170731707317	0.00987729596649591	0.960487804878049	0.00987729596649591	0.892682926829268	0	"model406"
0.238536585365854	0.00485087280981342	0.989756097560976	0.00485087280981343	0.248780487804878	0	"model407"
0	0	1	0	0	0	"model408"
0.884390243902439	0.00798239850968038	0.942926829268293	0.00798239850968034	0.941463414634146	0	"model409"
0	0	1	0	0	0	"model410"
0	0	1	0	0	0	"model411"
0.86	0.0296318878994877	0.884390243902439	0.0296318878994877	0.975609756097561	0	"model412"
0.890243902439024	0.0163007623217589	0.934146341463415	0.0163007623217588	0.95609756097561	0	"model413"
0.352195121951219	0.00942528568857848	0.986341463414634	0.00942528568857851	0.365853658536585	0	"model414"
0	0	1	0	0	0	"model415"
0.861463414634146	0.0136430419274166	0.96390243902439	0.0136430419274166	0.897560975609756	0	"model416"
0	0	1	0	0	0	"model417"
0.568780487804878	0.00617029787349926	0.978536585365854	0.00617029787349928	0.590243902439024	0	"model418"
0	0	1	0	0	0	"model419"
0	0	1	0	0	0	"model420"
0	0	1	0	0	0	"model421"
0	0	1	0	0	0	"model422"
0	0	1	0	0	0	"model423"
0	0	1	0	0	0	"model424"
0	0	1	0	0	0	"model425"
0.0287804878048781	0.00154257446837482	0.999512195121951	0.00154257446837482	0.0292682926829268	0	"model426"
0	0	1	0	0	0	"model427"
0.155609756097561	0.00427119529644348	0.994634146341463	0.00427119529644348	0.160975609756098	0	"model428"
0	0	1	0	0	0	"model429"
0.886829268292683	0.020797758641066	0.935609756097561	0.020797758641066	0.951219512195122	0	"model430"
0	0	1	0	0	0	"model431"
0	0	1	0	0	0	"model432"
0.406829268292683	0.00411353191566616	0.987317073170732	0.00411353191566619	0.419512195121951	0	"model433"
0	0	1	0	0	0	"model434"
0.630731707317073	0.00691773898737648	0.977073170731707	0.00691773898737648	0.653658536585366	0	"model435"
0.166829268292683	0.00503802711701778	0.99609756097561	0.00503802711701778	0.170731707317073	0	"model436"
0.208780487804878	0.00503802711701778	0.994146341463415	0.00503802711701778	0.214634146341463	0	"model437"
0.741463414634146	0.0105377897535087	0.965853658536585	0.0105377897535087	0.775609756097561	0	"model438"
0.889756097560976	0.0189903106610165	0.933658536585366	0.0189903106610165	0.95609756097561	0	"model439"
0.0048780487804878	0	1	0	0.0048780487804878	0	"model440"
0	0	1	0	0	0	"model441"
0	0	1	0	0	0	"model442"
0.0048780487804878	0	1	0	0.0048780487804878	0	"model443"
0	0	1	0	0	0	"model444"
0	0	1	0	0	0	"model445"
0.0526829268292683	0.00205676595783309	0.999024390243902	0.00205676595783309	0.0536585365853659	0	"model446"
0	0	1	0	0	0	"model447"
0	0	1	0	0	0	"model448"
0	0	1	0	0	0	"model449"
0	0	1	0	0	0	"model450"
0	0	1	0	0	0	"model451"
0	0	1	0	0	0	"model452"
0.855609756097561	0.00866530900453609	0.962926829268293	0.00866530900453609	0.892682926829268	0	"model453"
0.337073170731707	0.00485087280981343	0.990731707317073	0.00485087280981343	0.346341463414634	0	"model454"
0.880975609756098	0.00617029787349928	0.939512195121951	0.00617029787349923	0.941463414634146	0	"model455"
0.889268292682927	0.0219421842290331	0.933170731707317	0.0219421842290331	0.95609756097561	0	"model456"
0	0	1	0	0	0	"model457"
0	0	1	0	0	0	"model458"
0	0	1	0	0	0	"model459"
0.875121951219512	0.0264396443891745	0.919024390243902	0.0264396443891744	0.95609756097561	0	"model460"
0	0	1	0	0	0	"model461"
0.568292682926829	0.0115550165882535	0.973170731707317	0.0115550165882536	0.595121951219512	0	"model462"
0	0	1	0	0	0	"model463"
0.330243902439024	0.00610568564407109	0.988780487804878	0.00610568564407109	0.341463414634146	0	"model464"
0.205365853658537	0.00359934042620791	0.995609756097561	0.00359934042620791	0.209756097560976	0	"model465"
0	0	1	0	0	0	"model466"
0.0048780487804878	0	1	0	0.0048780487804878	0	"model467"
0.588292682926829	0.0105878507942112	0.973658536585366	0.0105878507942112	0.614634146341463	0	"model468"
0.886341463414634	0.0100366174712267	0.915609756097561	0.0100366174712267	0.970731707317073	0	"model469"
0	0	1	0	0	0	"model470"
0	0	1	0	0	0	"model471"
0	0	1	0	0	0	"model472"
0	0	1	0	0	0	"model473"
0.260975609756098	0.00804836986716396	0.98780487804878	0.00804836986716396	0.273170731707317	0	"model474"
0.871219512195122	0.00866530900453609	0.959024390243902	0.00866530900453609	0.91219512195122	0	"model475"
0.195121951219512	0.00608399575085194	0.995121951219512	0.00608399575085194	0.2	0	"model476"
0.810243902439024	0.0156723001756377	0.961463414634146	0.0156723001756377	0.848780487804878	0	"model477"
0.332682926829268	0.0104874897538843	0.986341463414634	0.0104874897538843	0.346341463414634	0	"model478"
0	0	1	0	0	0	"model479"
0.0190243902439024	0.00154257446837482	0.999512195121951	0.00154257446837482	0.0195121951219512	0	"model480"
0	0	1	0	0	0	"model481"
0	0	1	0	0	0	"model482"
0	0	1	0	0	0	"model483"
0.309268292682927	0.00866530900453609	0.987317073170732	0.00866530900453609	0.321951219512195	0	"model484"
0.888780487804878	0.0143237174279969	0.932682926829268	0.0143237174279969	0.95609756097561	0	"model485"
0	0	1	0	0	0	"model486"
0	0	1	0	0	0	"model487"
0	0	1	0	0	0	"model488"
0	0	1	0	0	0	"model489"
0.876585365853659	0.0218213563048726	0.910731707317073	0.0218213563048726	0.965853658536585	0	"model490"
0.0048780487804878	0	1	0	0.0048780487804878	0	"model491"
0.0048780487804878	0	1	0	0.0048780487804878	0	"model492"
0	0	1	0	0	0	"model493"
0.881463414634146	0.0233433875395227	0.905853658536585	0.0233433875395227	0.975609756097561	0	"model494"
0	0	1	0	0	0	"model495"
0.0048780487804878	0	1	0	0.0048780487804878	0	"model496"
0	0	1	0	0	0	"model497"
0.593170731707317	0.00835462281539196	0.978536585365854	0.00835462281539196	0.614634146341463	0	"model498"
0.478536585365854	0.0101414413850489	0.980975609756098	0.0101414413850489	0.497560975609756	0	"model499"
0.0048780487804878	0	1	0	0.0048780487804878	0	"model500"
0.0439024390243902	0	1	0	0.0439024390243902	0	"model501"
0	0	1	0	0	0	"model502"
0	0	1	0	0	0	"model503"
0.0048780487804878	0	1	0	0.0048780487804878	0	"model504"
0.0048780487804878	0	1	0	0.0048780487804878	0	"model505"
0	0	1	0	0	0	"model506"
0.869268292682927	0.0143237174279969	0.957073170731707	0.0143237174279969	0.91219512195122	0	"model507"
0	0	1	0	0	0	"model508"
0	0	1	0	0	0	"model509"
0	0	1	0	0	0	"model510"
0	0	1	0	0	0	"model511"
0.0048780487804878	0	1	0	0.0048780487804878	0	"model512"
0	0	1	0	0	0	"model513"
0.859024390243902	0.0101414413850489	0.961463414634146	0.0101414413850489	0.897560975609756	0	"model514"
0.341463414634146	0.00398291015086694	0.985365853658537	0.00398291015086696	0.35609756097561	0	"model515"
0	0	1	0	0	0	"model516"
0.212682926829268	0.00658486397766393	0.993170731707317	0.00658486397766394	0.219512195121951	0	"model517"
0.845365853658537	0.0199211878319243	0.957560975609756	0.0199211878319242	0.88780487804878	0	"model518"
0	0	1	0	0	0	"model519"
0.0229268292682927	0.00235632142214462	0.998536585365854	0.00235632142214463	0.024390243902439	0	"model520"
0	0	1	0	0	0	"model521"
0	0	1	0	0	0	"model522"
0	0	1	0	0	0	"model523"
0.0048780487804878	0	1	0	0.0048780487804878	0	"model524"
0.880487804878049	0.0152966566847372	0.924390243902439	0.0152966566847372	0.95609756097561	0	"model525"
0.880487804878049	0.0134576791522332	0.958536585365854	0.0134576791522332	0.921951219512195	0	"model526"
0	0	1	0	0	0	"model527"
0	0	1	0	0	0	"model528"
0	0	1	0	0	0	"model529"
0	0	1	0	0	0	"model530"
0.586341463414634	0.00884648488373038	0.981463414634146	0.00884648488373038	0.604878048780488	0	"model531"
0	0	1	0	0	0	"model532"
0	0	1	0	0	0	"model533"
0.119512195121951	0.00257095744729136	0.997560975609756	0.00257095744729137	0.121951219512195	0	"model534"
0.348292682926829	0.0105878507942112	0.982439024390244	0.0105878507942112	0.365853658536585	0	"model535"
0.246829268292683	0.00572579410135253	0.993170731707317	0.00572579410135253	0.253658536585366	0	"model536"
0	0	1	0	0	0	"model537"
0.47219512195122	0.00822706383133235	0.979512195121951	0.00822706383133238	0.492682926829268	0	"model538"
0	0	1	0	0	0	"model539"
0.0629268292682927	0.00154257446837482	0.999512195121951	0.00154257446837482	0.0634146341463415	0	"model540"
0	0	1	0	0	0	"model541"
0.0673170731707317	0.00205676595783309	0.999024390243902	0.00205676595783309	0.0682926829268293	0	"model542"
0	0	1	0	0	0	"model543"
0.0619512195121951	0.00235632142214462	0.998536585365854	0.00235632142214463	0.0634146341463415	0	"model544"
0.0765853658536585	0.00235632142214463	0.998536585365854	0.00235632142214463	0.0780487804878049	0	"model545"
0	0	1	0	0	0	"model546"
0.893658536585366	0.0213001923821955	0.966829268292683	0.0213001923821955	0.926829268292683	0	"model547"
0.0146341463414634	0	1	0	0.0146341463414634	0	"model548"
0.164878048780488	0.00503802711701778	0.994146341463415	0.00503802711701778	0.170731707317073	0	"model549"
0	0	1	0	0	0	"model550"
0.659512195121951	0.00755704067552667	0.971707317073171	0.00755704067552667	0.68780487804878	0	"model551"
0	0	1	0	0	0	"model552"
0	0	1	0	0	0	"model553"
0	0	1	0	0	0	"model554"
0	0	1	0	0	0	"model555"
0	0	1	0	0	0	"model556"
0.860487804878049	0.0142125355339266	0.962926829268293	0.0142125355339266	0.897560975609756	0	"model557"
0	0	1	0	0	0	"model558"
0.885853658536585	0.0176929697674608	0.915121951219512	0.0176929697674607	0.970731707317073	0	"model559"
0	0	1	0	0	0	"model560"
0.885853658536585	0.0166140354789526	0.885853658536585	0.0166140354789526	1	0	"model561"
0	0	1	0	0	0	"model562"
0	0	1	0	0	0	"model563"
0.877560975609756	0.0168117814966671	0.921463414634146	0.0168117814966671	0.95609756097561	0	"model564"
0	0	1	0	0	0	"model565"
0.282926829268293	0.00650406504065039	0.990243902439024	0.00650406504065041	0.292682926829268	0	"model566"
0.885365853658537	0.0156385236273751	0.948780487804878	0.0156385236273751	0.936585365853659	0	"model567"
0	0	1	0	0	0	"model568"
0	0	1	0	0	0	"model569"
0	0	1	0	0	0	"model570"
0	0	1	0	0	0	"model571"
0.841463414634146	0.0199477140591631	0.841463414634146	0.0199477140591631	1	0	"model572"
0	0	1	0	0	0	"model573"
0	0	1	0	0	0	"model574"
0.0682926829268293	0	1	0	0.0682926829268293	0	"model575"
0	0	1	0	0	0	"model576"
0.15609756097561	0.00514191489458274	0.995121951219512	0.00514191489458274	0.160975609756098	0	"model577"
0.64	0.00970174561962687	0.981463414634146	0.00970174561962687	0.658536585365854	0	"model578"
0.0136585365853659	0.00205676595783309	0.999024390243902	0.00205676595783309	0.0146341463414634	0	"model579"
0	0	1	0	0	0	"model580"
0	0	1	0	0	0	"model581"
0	0	1	0	0	0	"model582"
0	0	1	0	0	0	"model583"
0	0	1	0	0	0	"model584"
0	0	1	0	0	0	"model585"
0	0	1	0	0	0	"model586"
0.144390243902439	0.00341076048185415	0.998048780487805	0.00341076048185415	0.146341463414634	0	"model587"
0.0048780487804878	0	1	0	0.0048780487804878	0	"model588"
0.839024390243902	0.0154257446837482	0.970731707317073	0.0154257446837482	0.868292682926829	0	"model589"
0.277073170731707	0.00503802711701776	0.994146341463415	0.00503802711701778	0.282926829268293	0	"model590"
0	0	1	0	0	0	"model591"
0	0	1	0	0	0	"model592"
0.27609756097561	0.00572579410135251	0.993170731707317	0.00572579410135253	0.282926829268293	0	"model593"
0.875121951219512	0.0195392765994144	0.899512195121951	0.0195392765994144	0.975609756097561	0	"model594"
0	0	1	0	0	0	"model595"
0	0	1	0	0	0	"model596"
0	0	1	0	0	0	"model597"
0	0	1	0	0	0	"model598"
0.0673170731707317	0.00205676595783309	0.999024390243902	0.00205676595783309	0.0682926829268293	0	"model599"
0	0	1	0	0	0	"model600"
0.0487804878048781	0	1	0	0.0487804878048781	0	"model601"
0	0	1	0	0	0	"model602"
0.14390243902439	0.00414554431999413	0.992682926829268	0.00414554431999414	0.151219512195122	0	"model603"
0.169756097560976	0.00553801182631752	0.994146341463415	0.00553801182631753	0.175609756097561	0	"model604"
0	0	1	0	0	0	"model605"
0.494146341463415	0.0097696382997072	0.981951219512195	0.0097696382997072	0.51219512195122	0	"model606"
0	0	1	0	0	0	"model607"
0	0	1	0	0	0	"model608"
0	0	1	0	0	0	"model609"
0.712195121951219	0.0102838297891655	0.970731707317073	0.0102838297891655	0.741463414634146	0	"model610"
0.889268292682927	0.0178195358605496	0.938048780487805	0.0178195358605495	0.951219512195122	0	"model611"
0	0	1	0	0	0	"model612"
0.886829268292683	0.0259959270136083	0.930731707317073	0.0259959270136082	0.95609756097561	0	"model613"
0.315609756097561	0.00462772340512446	0.993658536585366	0.00462772340512446	0.321951219512195	0	"model614"
0	0	1	0	0	0	"model615"
0.0048780487804878	0	1	0	0.0048780487804878	0	"model616"
0.229756097560976	0.00584009268164813	0.990731707317073	0.00584009268164813	0.239024390243902	0	"model617"
0.130243902439024	0.00235632142214463	0.998536585365854	0.00235632142214463	0.131707317073171	0	"model618"
0	0	1	0	0	0	"model619"
0.0048780487804878	0	1	0	0.0048780487804878	0	"model620"
0	0	1	0	0	0	"model621"
0.0682926829268293	0	1	0	0.0682926829268293	0	"model622"
0	0	1	0	0	0	"model623"
0	0	1	0	0	0	"model624"
0	0	1	0	0	0	"model625"
0.50780487804878	0.00536831675421762	0.980975609756098	0.00536831675421762	0.526829268292683	0	"model626"
0.548292682926829	0.0119929033590802	0.982439024390244	0.0119929033590802	0.565853658536585	0	"model627"
0	0	1	0	0	0	"model628"
0	0	1	0	0	0	"model629"
0	0	1	0	0	0	"model630"
0.885853658536585	0.0124259988127108	0.944390243902439	0.0124259988127107	0.941463414634146	0	"model631"
0	0	1	0	0	0	"model632"
0	0	1	0	0	0	"model633"
0	0	1	0	0	0	"model634"
0	0	1	0	0	0	"model635"
0.419024390243902	0.0101414413850489	0.984878048780488	0.0101414413850489	0.434146341463415	0	"model636"
0	0	1	0	0	0	"model637"
0.870731707317073	0.0189972706431674	0.9	0.0189972706431674	0.970731707317073	0	"model638"
0	0	1	0	0	0	"model639"
0	0	1	0	0	0	"model640"
0	0	1	0	0	0	"model641"
0	0	1	0	0	0	"model642"
0	0	1	0	0	0	"model643"
0	0	1	0	0	0	"model644"
0.529756097560976	0.00896523496070909	0.978536585365854	0.00896523496070909	0.551219512195122	0	"model645"
0	0	1	0	0	0	"model646"
0.873658536585366	0.0194375265070161	0.888292682926829	0.0194375265070161	0.985365853658537	0	"model647"
0	0	1	0	0	0	"model648"
0.138536585365854	0.00251901355850888	0.997073170731707	0.00251901355850889	0.141463414634146	0	"model649"
0.16	0.00503802711701778	0.994146341463415	0.00503802711701778	0.165853658536585	0	"model650"
0.654146341463415	0.00811380484544693	0.97609756097561	0.00811380484544693	0.678048780487805	0	"model651"
0.886829268292683	0.0177824040513721	0.935609756097561	0.0177824040513721	0.951219512195122	0	"model652"
0.819512195121951	0.0136042280737248	0.960975609756098	0.0136042280737248	0.858536585365854	0	"model653"
0	0	1	0	0	0	"model654"
0.864390243902439	0.00970174561962687	0.966829268292683	0.00970174561962687	0.897560975609756	0	"model655"
0	0	1	0	0	0	"model656"
0.25219512195122	0.00565610638404101	0.993658536585366	0.00565610638404101	0.258536585365854	0	"model657"
0	0	1	0	0	0	"model658"
0	0	1	0	0	0	"model659"
0	0	1	0	0	0	"model660"
0	0	1	0	0	0	"model661"
0.877560975609756	0.014443198693465	0.921463414634146	0.014443198693465	0.95609756097561	0	"model662"
0	0	1	0	0	0	"model663"
0	0	1	0	0	0	"model664"
0	0	1	0	0	0	"model665"
0	0	1	0	0	0	"model666"
0	0	1	0	0	0	"model667"
0	0	1	0	0	0	"model668"
0	0	1	0	0	0	"model669"
0.873170731707317	0.0159316406034678	0.897560975609756	0.0159316406034678	0.975609756097561	0	"model670"
0	0	1	0	0	0	"model671"
0	0	1	0	0	0	"model672"
0	0	1	0	0	0	"model673"
0.88	0.0179893550386203	0.92390243902439	0.0179893550386203	0.95609756097561	0	"model674"
0	0	1	0	0	0	"model675"
0	0	1	0	0	0	"model676"
0	0	1	0	0	0	"model677"
0.0678048780487805	0.00154257446837482	0.999512195121951	0.00154257446837482	0.0682926829268293	0	"model678"
0.0575609756097561	0.00205676595783309	0.999024390243902	0.00205676595783309	0.0585365853658537	0	"model679"
0.102926829268293	0.00359934042620791	0.995609756097561	0.00359934042620791	0.107317073170732	0	"model680"
0	0	1	0	0	0	"model681"
0.674634146341463	0.0112770997622112	0.972195121951219	0.0112770997622112	0.702439024390244	0	"model682"
0.325365853658537	0.00652435858463054	0.988780487804878	0.00652435858463054	0.336585365853659	0	"model683"
0	0	1	0	0	0	"model684"
0.0136585365853659	0.00205676595783309	0.999024390243902	0.00205676595783309	0.0146341463414634	0	"model685"
0	0	1	0	0	0	"model686"
0	0	1	0	0	0	"model687"
0	0	1	0	0	0	"model688"
0	0	1	0	0	0	"model689"
0	0	1	0	0	0	"model690"
0	0	1	0	0	0	"model691"
0.0146341463414634	0	1	0	0.0146341463414634	0	"model692"
0	0	1	0	0	0	"model693"
0	0	1	0	0	0	"model694"
0	0	1	0	0	0	"model695"
0.0239024390243902	0.00154257446837482	0.999512195121951	0.00154257446837482	0.024390243902439	0	"model696"
0	0	1	0	0	0	"model697"
0	0	1	0	0	0	"model698"
0	0	1	0	0	0	"model699"
0.666829268292683	0.0083070177394763	0.979024390243902	0.0083070177394763	0.68780487804878	0	"model700"
0	0	1	0	0	0	"model701"
0	0	1	0	0	0	"model702"
0	0	1	0	0	0	"model703"
0.075609756097561	0.00257095744729137	0.997560975609756	0.00257095744729137	0.0780487804878049	0	"model704"
0.0048780487804878	0	1	0	0.0048780487804878	0	"model705"
0.182439024390244	0.00524374487694214	0.99219512195122	0.00524374487694215	0.190243902439024	0	"model706"
0.821463414634146	0.0225541995244224	0.821463414634146	0.0225541995244224	1	0	"model707"
0	0	1	0	0	0	"model708"
0.0629268292682927	0.00154257446837482	0.999512195121951	0.00154257446837482	0.0634146341463415	0	"model709"
0.881951219512195	0.0157312346308265	0.91609756097561	0.0157312346308264	0.965853658536585	0	"model710"
0.891707317073171	0.0174825106415813	0.891707317073171	0.0174825106415813	1	0	"model711"
0.722439024390244	0.0106500961910978	0.971219512195122	0.0106500961910978	0.751219512195122	0	"model712"
0	0	1	0	0	0	"model713"
0.837073170731707	0.013835477974753	0.959024390243902	0.0138354779747529	0.878048780487805	0	"model714"
0.868292682926829	0.0175127310801122	0.91219512195122	0.0175127310801122	0.95609756097561	0	"model715"
0	0	1	0	0	0	"model716"
0	0	1	0	0	0	"model717"
0	0	1	0	0	0	"model718"
0	0	1	0	0	0	"model719"
0	0	1	0	0	0	"model720"
0	0	1	0	0	0	"model721"
0.215121951219512	0.00536831675421762	0.990731707317073	0.00536831675421762	0.224390243902439	0	"model722"
0	0	1	0	0	0	"model723"
0	0	1	0	0	0	"model724"
0	0	1	0	0	0	"model725"
0.146829268292683	0.00276900591315877	0.995609756097561	0.00276900591315877	0.151219512195122	0	"model726"
0.322926829268293	0.00719868085241583	0.986341463414634	0.00719868085241583	0.336585365853659	0	"model727"
0.537073170731707	0.00874125532079065	0.980975609756098	0.00874125532079065	0.55609756097561	0	"model728"
0.0048780487804878	0	1	0	0.0048780487804878	0	"model729"
0.872682926829268	0.0153311864277375	0.906829268292683	0.0153311864277375	0.965853658536585	0	"model730"
0.376585365853659	0.00642224964492082	0.986341463414634	0.00642224964492082	0.390243902439024	0	"model731"
0	0	1	0	0	0	"model732"
0.29609756097561	0.00728992252730402	0.988780487804878	0.00728992252730404	0.307317073170732	0	"model733"
0.855609756097561	0.0110760236526351	0.962926829268293	0.0110760236526351	0.892682926829268	0	"model734"
0.0682926829268293	0	1	0	0.0682926829268293	0	"model735"
0	0	1	0	0	0	"model736"
0.153658536585366	0.00699376037970945	0.992682926829268	0.00699376037970946	0.160975609756098	0	"model737"
0.241951219512195	0.00411353191566618	0.993170731707317	0.00411353191566619	0.248780487804878	0	"model738"
0	0	1	0	0	0	"model739"
0.0946341463414634	0.00341076048185415	0.997073170731707	0.00341076048185415	0.0975609756097561	0	"model740"
0.848292682926829	0.0118264042575403	0.955609756097561	0.0118264042575403	0.892682926829268	0	"model741"
0.866829268292683	0.0185465669887595	0.949756097560976	0.0185465669887595	0.917073170731707	0	"model742"
0	0	1	0	0	0	"model743"
0	0	1	0	0	0	"model744"
0	0	1	0	0	0	"model745"
0	0	1	0	0	0	"model746"
0.0048780487804878	0	1	0	0.0048780487804878	0	"model747"
0.0975609756097561	0.0032520325203252	0.995121951219512	0.00325203252032521	0.102439024390244	0	"model748"
0.880975609756098	0.0151140813510533	0.929756097560976	0.0151140813510533	0.951219512195122	0	"model749"
0.882926829268293	0.0281634277653476	0.91219512195122	0.0281634277653476	0.970731707317073	0	"model750"
0	0	1	0	0	0	"model751"
0.881951219512195	0.0160638556555818	0.925853658536585	0.0160638556555817	0.95609756097561	0	"model752"
0.280975609756098	0.00769571353899135	0.993170731707317	0.00769571353899138	0.28780487804878	0	"model753"
0	0	1	0	0	0	"model754"
0.182439024390244	0.00251901355850889	0.99219512195122	0.00251901355850889	0.190243902439024	0	"model755"
0.0951219512195122	0.0034493013716417	0.997560975609756	0.0034493013716417	0.0975609756097561	0	"model756"
0.823414634146341	0.0131697279553278	0.96	0.0131697279553279	0.863414634146341	0	"model757"
0	0	1	0	0	0	"model758"
0.468780487804878	0.00960588974812482	0.97609756097561	0.00960588974812484	0.492682926829268	0	"model759"
0.877560975609756	0.0242761559349088	0.906829268292683	0.0242761559349088	0.970731707317073	0	"model760"
0.708780487804878	0.0130182887162589	0.967317073170732	0.0130182887162589	0.741463414634146	0	"model761"
0.21219512195122	0.00699376037970945	0.992682926829268	0.00699376037970946	0.219512195121951	0	"model762"
0	0	1	0	0	0	"model763"
0	0	1	0	0	0	"model764"
0.875609756097561	0.0115550165882536	0.958536585365854	0.0115550165882536	0.917073170731707	0	"model765"
0	0	1	0	0	0	"model766"
0	0	1	0	0	0	"model767"
0.0478048780487805	0.00205676595783309	0.999024390243902	0.00205676595783309	0.0487804878048781	0	"model768"
0.18390243902439	0.00652435858463053	0.993658536585366	0.00652435858463054	0.190243902439024	0	"model769"
0.0048780487804878	0	1	0	0.0048780487804878	0	"model770"
0.00926829268292683	0.00154257446837482	0.999512195121951	0.00154257446837482	0.00975609756097561	0	"model771"
0	0	1	0	0	0	"model772"
0.882926829268293	0.0186815045415871	0.936585365853659	0.0186815045415871	0.946341463414634	0	"model773"
0	0	1	0	0	0	"model774"
0	0	1	0	0	0	"model775"
0	0	1	0	0	0	"model776"
0.0146341463414634	0	1	0	0.0146341463414634	0	"model777"
0	0	1	0	0	0	"model778"
0.0287804878048781	0.00154257446837482	0.999512195121951	0.00154257446837482	0.0292682926829268	0	"model779"
0	0	1	0	0	0	"model780"
0	0	1	0	0	0	"model781"
0.0048780487804878	0	1	0	0.0048780487804878	0	"model782"
0	0	1	0	0	0	"model783"
0	0	1	0	0	0	"model784"
0	0	1	0	0	0	"model785"
0	0	1	0	0	0	"model786"
0.0287804878048781	0.00154257446837482	0.999512195121951	0.00154257446837482	0.0292682926829268	0	"model787"
0.773170731707317	0.00982361461267852	0.968292682926829	0.00982361461267852	0.804878048780488	0	"model788"
0	0	1	0	0	0	"model789"
0	0	1	0	0	0	"model790"
0	0	1	0	0	0	"model791"
0	0	1	0	0	0	"model792"
0.88	0.0161295567709103	0.92390243902439	0.0161295567709102	0.95609756097561	0	"model793"
0.0678048780487805	0.00154257446837482	0.999512195121951	0.00154257446837482	0.0682926829268293	0	"model794"
0	0	1	0	0	0	"model795"
0.877073170731707	0.0157312346308265	0.940487804878049	0.0157312346308264	0.936585365853659	0	"model796"
0	0	1	0	0	0	"model797"
0	0	1	0	0	0	"model798"
0.673170731707317	0.0117253700015089	0.970731707317073	0.0117253700015089	0.702439024390244	0	"model799"
0.882439024390244	0.0138831702153734	0.911707317073171	0.0138831702153734	0.970731707317073	0	"model800"
0	0	1	0	0	0	"model801"
0	0	1	0	0	0	"model802"
0.0048780487804878	0	1	0	0.0048780487804878	0	"model803"
0.701951219512195	0.0160061459542435	0.970243902439024	0.0160061459542435	0.731707317073171	0	"model804"
0	0	1	0	0	0	"model805"
0	0	1	0	0	0	"model806"
0.350731707317073	0.00668448936295753	0.984878048780488	0.00668448936295756	0.365853658536585	0	"model807"
0	0	1	0	0	0	"model808"
0.0814634146341463	0.00235632142214463	0.998536585365854	0.00235632142214463	0.0829268292682927	0	"model809"
0	0	1	0	0	0	"model810"
0.181463414634146	0.00384785676949569	0.99609756097561	0.00384785676949569	0.185365853658537	0	"model811"
0	0	1	0	0	0	"model812"
0	0	1	0	0	0	"model813"
0.160487804878049	0.00427119529644348	0.994634146341463	0.00427119529644348	0.165853658536585	0	"model814"
0.865365853658537	0.010834686991192	0.943414634146341	0.0108346869911919	0.921951219512195	0	"model815"
0	0	1	0	0	0	"model816"
0.714634146341463	0.00804836986716396	0.968292682926829	0.00804836986716396	0.746341463414634	0	"model817"
0	0	1	0	0	0	"model818"
0	0	1	0	0	0	"model819"
0.874146341463415	0.0238753233729791	0.874146341463415	0.0238753233729791	1	0	"model820"
0.558536585365854	0.010347904114925	0.978048780487805	0.0103479041149251	0.580487804878049	0	"model821"
0	0	1	0	0	0	"model822"
0.0634146341463415	0	1	0	0.0634146341463415	0	"model823"
0	0	1	0	0	0	"model824"
0.411219512195122	0.00798239850968037	0.981951219512195	0.00798239850968038	0.429268292682927	0	"model825"
0	0	1	0	0	0	"model826"
0.337560975609756	0.00719868085241582	0.981463414634146	0.00719868085241583	0.35609756097561	0	"model827"
0	0	1	0	0	0	"model828"
0.305365853658537	0.00471264284428925	0.983414634146341	0.00471264284428925	0.321951219512195	0	"model829"
0.878536585365854	0.0194375265070161	0.922439024390244	0.0194375265070161	0.95609756097561	0	"model830"
0	0	1	0	0	0	"model831"
0.0980487804878049	0.00485087280981343	0.995609756097561	0.00485087280981343	0.102439024390244	0	"model832"
0.444390243902439	0.00743358013051218	0.985853658536585	0.00743358013051218	0.458536585365854	0	"model833"
0	0	1	0	0	0	"model834"
0	0	1	0	0	0	"model835"
0	0	1	0	0	0	"model836"
0	0	1	0	0	0	"model837"
0.0580487804878049	0.00154257446837482	0.999512195121951	0.00154257446837482	0.0585365853658537	0	"model838"
0	0	1	0	0	0	"model839"
0.444390243902439	0.00811380484544693	0.97609756097561	0.00811380484544693	0.468292682926829	0	"model840"
0.885365853658537	0.0124366329599824	0.929268292682927	0.0124366329599824	0.95609756097561	0	"model841"
0	0	1	0	0	0	"model842"
0.240487804878049	0.00610568564407108	0.991707317073171	0.00610568564407109	0.248780487804878	0	"model843"
0	0	1	0	0	0	"model844"
0.261463414634146	0.00524374487694215	0.993170731707317	0.00524374487694215	0.268292682926829	0	"model845"
0.0278048780487805	0.00235632142214462	0.998536585365854	0.00235632142214463	0.0292682926829268	0	"model846"
0.84	0.0201521084680711	0.947317073170732	0.0201521084680711	0.892682926829268	0	"model847"
0	0	1	0	0	0	"model848"
0.0917073170731707	0.00205676595783309	0.999024390243902	0.00205676595783309	0.0926829268292683	0	"model849"
0	0	1	0	0	0	"model850"
0.0048780487804878	0	1	0	0.0048780487804878	0	"model851"
0.0624390243902439	0.00205676595783309	0.999024390243902	0.00205676595783309	0.0634146341463415	0	"model852"
0	0	1	0	0	0	"model853"
0.510731707317073	0.0097696382997072	0.98390243902439	0.0097696382997072	0.526829268292683	0	"model854"
0	0	1	0	0	0	"model855"
0	0	1	0	0	0	"model856"
0	0	1	0	0	0	"model857"
0	0	1	0	0	0	"model858"
0.437073170731707	0.00658486397766394	0.983414634146341	0.00658486397766394	0.453658536585366	0	"model859"
0.767317073170732	0.0119597889745908	0.972195121951219	0.0119597889745908	0.795121951219512	0	"model860"
0.282439024390244	0.00427119529644346	0.989756097560976	0.00427119529644348	0.292682926829268	0	"model861"
0	0	1	0	0	0	"model862"
0.0912195121951219	0.00235632142214463	0.998536585365854	0.00235632142214463	0.0926829268292683	0	"model863"
0	0	1	0	0	0	"model864"
0.854146341463415	0.0227002585532244	0.854146341463415	0.0227002585532244	1	0	"model865"
0.0634146341463415	0	1	0	0.0634146341463415	0	"model866"
0.886341463414634	0.0100366174712267	0.930243902439024	0.0100366174712266	0.95609756097561	0	"model867"
0	0	1	0	0	0	"model868"
0.0585365853658537	0	1	0	0.0585365853658537	0	"model869"
0	0	1	0	0	0	"model870"
0	0	1	0	0	0	"model871"
0	0	1	0	0	0	"model872"
0	0	1	0	0	0	"model873"
0	0	1	0	0	0	"model874"
0	0	1	0	0	0	"model875"
0	0	1	0	0	0	"model876"
0.358536585365854	0.00660490927206176	0.978048780487805	0.00660490927206176	0.380487804878049	0	"model877"
0	0	1	0	0	0	"model878"
0	0	1	0	0	0	"model879"
0.0682926829268293	0	1	0	0.0682926829268293	0	"model880"
0.113170731707317	0.00503802711701778	0.99609756097561	0.00503802711701778	0.117073170731707	0	"model881"
0.88780487804878	0.0173611028488314	0.921951219512195	0.0173611028488314	0.965853658536585	0	"model882"
0	0	1	0	0	0	"model883"
0.141951219512195	0.00536831675421761	0.995609756097561	0.00536831675421762	0.146341463414634	0	"model884"
0	0	1	0	0	0	"model885"
0	0	1	0	0	0	"model886"
0.184878048780488	0.00359934042620791	0.994634146341463	0.00359934042620791	0.190243902439024	0	"model887"
0.0634146341463415	0	1	0	0.0634146341463415	0	"model888"
0.0048780487804878	0	1	0	0.0048780487804878	0	"model889"
0	0	1	0	0	0	"model890"
0	0	1	0	0	0	"model891"
0	0	1	0	0	0	"model892"
0	0	1	0	0	0	"model893"
0.850243902439024	0.0110401594775727	0.962439024390244	0.0110401594775727	0.88780487804878	0	"model894"
0	0	1	0	0	0	"model895"
0.651219512195122	0.0113238929082798	0.978048780487805	0.0113238929082798	0.673170731707317	0	"model896"
0	0	1	0	0	0	"model897"
0	0	1	0	0	0	"model898"
0.881463414634146	0.0203154448118836	0.881463414634146	0.0203154448118836	1	0	"model899"
0	0	1	0	0	0	"model900"
0	0	1	0	0	0	"model901"
0.0721951219512195	0.00205676595783309	0.999024390243902	0.00205676595783309	0.0731707317073171	0	"model902"
0.0673170731707317	0.00205676595783309	0.999024390243902	0.00205676595783309	0.0682926829268293	0	"model903"
0.492682926829268	0.011265371106139	0.985365853658537	0.011265371106139	0.507317073170732	0	"model904"
0.0863414634146341	0.00235632142214462	0.998536585365854	0.00235632142214463	0.0878048780487805	0	"model905"
0	0	1	0	0	0	"model906"
0.12	0.00341076048185415	0.998048780487805	0.00341076048185415	0.121951219512195	0	"model907"
0.338048780487805	0.00565610638404099	0.986829268292683	0.00565610638404101	0.351219512195122	0	"model908"
0	0	1	0	0	0	"model909"
0.0336585365853659	0.00154257446837482	0.999512195121951	0.00154257446837482	0.0341463414634146	0	"model910"
0	0	1	0	0	0	"model911"
0	0	1	0	0	0	"model912"
0	0	1	0	0	0	"model913"
0	0	1	0	0	0	"model914"
0	0	1	0	0	0	"model915"
0.100975609756098	0.00235632142214462	0.998536585365854	0.00235632142214463	0.102439024390244	0	"model916"
0	0	1	0	0	0	"model917"
0	0	1	0	0	0	"model918"
0.0048780487804878	0	1	0	0.0048780487804878	0	"model919"
0	0	1	0	0	0	"model920"
0	0	1	0	0	0	"model921"
0	0	1	0	0	0	"model922"
0	0	1	0	0	0	"model923"
0.717560975609756	0.0111355405972448	0.971219512195122	0.0111355405972448	0.746341463414634	0	"model924"
0.888292682926829	0.0188856031326629	0.932195121951219	0.0188856031326629	0.95609756097561	0	"model925"
0.0048780487804878	0	1	0	0.0048780487804878	0	"model926"
0	0	1	0	0	0	"model927"
0.548780487804878	0.0077128723418741	0.982926829268293	0.0077128723418741	0.565853658536585	0	"model928"
0	0	1	0	0	0	"model929"
0.289756097560976	0.00617029787349928	0.987317073170732	0.00617029787349928	0.302439024390244	0	"model930"
0	0	1	0	0	0	"model931"
0	0	1	0	0	0	"model932"
0.321463414634146	0.00668448936295756	0.989756097560976	0.00668448936295756	0.331707317073171	0	"model933"
0.420487804878049	0.00719868085241583	0.976585365853659	0.00719868085241583	0.44390243902439	0	"model934"
0.0048780487804878	0	1	0	0.0048780487804878	0	"model935"
0.831219512195122	0.0151140813510533	0.962926829268293	0.0151140813510533	0.868292682926829	0	"model936"
0	0	1	0	0	0	"model937"
0	0	1	0	0	0	"model938"
0.250243902439024	0.00610568564407109	0.991707317073171	0.00610568564407109	0.258536585365854	0	"model939"
0	0	1	0	0	0	"model940"
0	0	1	0	0	0	"model941"
0.0536585365853659	0	1	0	0.0536585365853659	0	"model942"
0.697560975609756	0.0123833709038437	0.970731707317073	0.0123833709038438	0.726829268292683	0	"model943"
0.133170731707317	0.00329243198883197	0.996585365853659	0.00329243198883197	0.136585365853659	0	"model944"
0.850243902439024	0.00798239850968038	0.957560975609756	0.00798239850968038	0.892682926829268	0	"model945"
0	0	1	0	0	0	"model946"
0	0	1	0	0	0	"model947"
0.1	0.00344930137164169	0.997560975609756	0.0034493013716417	0.102439024390244	0	"model948"
0	0	1	0	0	0	"model949"
0	0	1	0	0	0	"model950"
0.075609756097561	0.00257095744729137	0.997560975609756	0.00257095744729137	0.0780487804878049	0	"model951"
0	0	1	0	0	0	"model952"
0.710731707317073	0.00764400603157279	0.969268292682927	0.00764400603157279	0.741463414634146	0	"model953"
0	0	1	0	0	0	"model954"
0	0	1	0	0	0	"model955"
0.270731707317073	0.00660490927206176	0.98780487804878	0.00660490927206176	0.282926829268293	0	"model956"
0	0	1	0	0	0	"model957"
0	0	1	0	0	0	"model958"
0.129756097560976	0.00251901355850889	0.998048780487805	0.00251901355850889	0.131707317073171	0	"model959"
0.0048780487804878	0	1	0	0.0048780487804878	0	"model960"
0.261463414634146	0.00658486397766394	0.988292682926829	0.00658486397766394	0.273170731707317	0	"model961"
0.628292682926829	0.00789915954568529	0.974634146341463	0.00789915954568529	0.653658536585366	0	"model962"
0	0	1	0	0	0	"model963"
0	0	1	0	0	0	"model964"
0	0	1	0	0	0	"model965"
0	0	1	0	0	0	"model966"
0	0	1	0	0	0	"model967"
0	0	1	0	0	0	"model968"
0.495609756097561	0.0140252739205514	0.978536585365854	0.0140252739205514	0.517073170731707	0	"model969"
0.214634146341463	0.00563268555306952	0.990243902439024	0.00563268555306952	0.224390243902439	0	"model970"
0.0287804878048781	0.00154257446837482	0.999512195121951	0.00154257446837482	0.0292682926829268	0	"model971"
0	0	1	0	0	0	"model972"
0.874634146341463	0.0220623504300303	0.918536585365854	0.0220623504300302	0.95609756097561	0	"model973"
0	0	1	0	0	0	"model974"
0	0	1	0	0	0	"model975"
0	0	1	0	0	0	"model976"
0.362439024390244	0.00921249786940832	0.986829268292683	0.00921249786940833	0.375609756097561	0	"model977"
0.125853658536585	0.00205676595783309	0.999024390243902	0.00205676595783309	0.126829268292683	0	"model978"
0.745853658536585	0.00932658887785366	0.975121951219512	0.00932658887785366	0.770731707317073	0	"model979"
0	0	1	0	0	0	"model980"
0.00926829268292683	0.00154257446837482	0.999512195121951	0.00154257446837482	0.00975609756097561	0	"model981"
0.0629268292682927	0.00154257446837482	0.999512195121951	0.00154257446837482	0.0634146341463415	0	"model982"
0.0721951219512195	0.00205676595783309	0.999024390243902	0.00205676595783309	0.0731707317073171	0	"model983"
0	0	1	0	0	0	"model984"
0	0	1	0	0	0	"model985"
0	0	1	0	0	0	"model986"
0.186829268292683	0.00235632142214463	0.996585365853659	0.00235632142214463	0.190243902439024	0	"model987"
0.111219512195122	0.00205676595783309	0.999024390243902	0.00205676595783309	0.11219512195122	0	"model988"
0.212682926829268	0.00471264284428925	0.993170731707317	0.00471264284428925	0.219512195121951	0	"model989"
0.599024390243902	0.00682152096370831	0.984390243902439	0.00682152096370831	0.614634146341463	0	"model990"
0.394146341463415	0.00822706383133238	0.984390243902439	0.00822706383133238	0.409756097560976	0	"model991"
0	0	1	0	0	0	"model992"
0	0	1	0	0	0	"model993"
0.253658536585366	0.00398291015086696	0.995121951219512	0.00398291015086696	0.258536585365854	0	"model994"
0	0	1	0	0	0	"model995"
0	0	1	0	0	0	"model996"
0.479024390243902	0.0131697279553279	0.981463414634146	0.0131697279553279	0.497560975609756	0	"model997"
0	0	1	0	0	0	"model998"
0.760975609756098	0.011265371106139	0.970731707317073	0.011265371106139	0.790243902439024	0	"model999"
0.618536585365854	0.0112183338605921	0.969756097560976	0.0112183338605921	0.648780487804878	0	"model1000"
