"TSS.MN"	"TSS.sd"	"speci.MN"	"speci.sd"	"sensi.MN"	"sensi.sd"	"model"
0.23	0.0586893895388634	0.855	0.0586893895388634	0.375	0	"model1"
0.1775	0.0218898758942728	0.9775	0.0218898758942728	0.2	0	"model2"
0.1475	0.0749536894058962	0.2975	0.0749536894058962	0.85	0	"model3"
0.245	0.053748384988657	0.245	0.053748384988657	1	0	"model4"
0	0	0	0	1	0	"model5"
0.3875	0.0543266867100221	0.6125	0.0543266867100221	0.775	0	"model6"
0.1375	0.0709557765246933	0.2875	0.0709557765246933	0.85	0	"model7"
0.185	0.082663978450915	0.385	0.082663978450915	0.8	0	"model8"
0.1625	0.0358430219460109	0.9375	0.0358430219460109	0.225	0	"model9"
0.2425	0.072696094958548	0.6425	0.072696094958548	0.6	0	"model10"
0.2275	0.0594535299391232	0.3775	0.0594535299391232	0.85	0	"model11"
0.035	0.0268741924943285	0.035	0.0268741924943285	1	0	"model12"
0.18	0.0743490267439849	0.18	0.0743490267439849	1	0	"model13"
0.195	0.0468448977418507	0.195	0.0468448977418507	1	0	"model14"
0.01	0.0210818510677892	0.01	0.0210818510677892	1	0	"model15"
0.2475	0.109576203823843	0.3975	0.109576203823843	0.85	0	"model16"
0.305	0.101925899009471	0.705	0.101925899009471	0.6	0	"model17"
0.2125	0.0543266867100221	0.2375	0.0543266867100221	0.975	0	"model18"
0.1025	0.0463231403656243	0.1025	0.0463231403656243	1	0	"model19"
0	0	0	0	1	0	"model20"
0.2025	0.0749536894058962	0.2275	0.0749536894058962	0.975	0	"model21"
0.205	0.0643341968853959	0.355	0.0643341968853959	0.85	0	"model22"
0	0	0	0	1	0	"model23"
0.16	0.0488762609953839	0.16	0.0488762609953839	1	0	"model24"
0.2375	0.0719278187568003	0.4375	0.0719278187568003	0.8	0	"model25"
0.2075	0.0913251212853166	0.2075	0.0913251212853166	1	0	"model26"
0.135	0.0428174419288838	0.135	0.0428174419288838	1	0	"model27"
0	0	0	0	1	0	"model28"
0.1475	0.0617454451761424	0.1975	0.0617454451761423	0.95	0	"model29"
0.2225	0.0721206550780627	0.2975	0.0721206550780627	0.925	0	"model30"
0	0	0	0	1	0	"model31"
0.195	0.0643341968853959	0.295	0.0643341968853959	0.9	0	"model32"
0.1375	0.0738335214444556	0.2875	0.0738335214444556	0.85	0	"model33"
0.115	0.0444097086482474	0.115	0.0444097086482474	1	0	"model34"
0.055	0.0387298334620742	0.055	0.0387298334620742	1	0	"model35"
0.155	0.0586893895388634	0.255	0.0586893895388634	0.9	0	"model36"
0.0525	0.0248607231502938	0.0525	0.0248607231502938	1	0	"model37"
0	0	0	0	1	0	"model38"
0	0	0	0	1	0	"model39"
0.145	0.0437797517885457	0.145	0.0437797517885457	1	0	"model40"
0.1425	0.0745821694508815	0.2675	0.0745821694508815	0.875	0	"model41"
0.095	0.0329140294302192	0.095	0.0329140294302192	1	0	"model42"
0	0	0	0	1	0	"model43"
0.1575	0.0486626710688548	0.1575	0.0486626710688548	1	0	"model44"
0.0225	0.0248607231502938	0.0225	0.0248607231502938	1	0	"model45"
0	0	0	0	1	0	"model46"
0.33	0.0497214463005877	0.53	0.0497214463005877	0.8	0	"model47"
0.2175	0.0808376287518518	0.2425	0.0808376287518518	0.975	0	"model48"
0.1575	0.0409097923621119	0.1575	0.0409097923621119	1	0	"model49"
0.21	0.0647645307590848	0.36	0.0647645307590848	0.85	0	"model50"
0.19	0.0542627353203324	0.34	0.0542627353203324	0.85	0	"model51"
0	0	0	0	1	0	"model52"
0.3475	0.0803205384001433	0.6975	0.0803205384001433	0.65	0	"model53"
0.1425	0.073645170317619	0.2175	0.073645170317619	0.925	0	"model54"
0.175	0.0263523138347365	0.975	0.0263523138347365	0.2	0	"model55"
0.1125	0.0358430219460109	0.1125	0.0358430219460109	1	0	"model56"
0.0575	0.0472140515807176	0.0575	0.0472140515807176	1	0	"model57"
0	0	0	0	1	0	"model58"
0.125	0.0912870929175277	0.25	0.0912870929175277	0.875	0	"model59"
0	0	0	0	1	0	"model60"
0.12	0.0483045891539648	0.12	0.0483045891539648	1	0	"model61"
0.18	0.0562731433871138	0.33	0.0562731433871138	0.85	0	"model62"
0.0475	0.00790569415042095	0.9975	0.00790569415042095	0.05	0	"model63"
0.345	0.0621378396076908	0.67	0.0621378396076908	0.675	0	"model64"
0.1325	0.0441745276023286	0.1325	0.0441745276023286	1	0	"model65"
0.1475	0.0380970981688749	0.1475	0.0380970981688749	1	0	"model66"
0.355	0.0761941963377497	0.58	0.0761941963377497	0.775	0	"model67"
0.2675	0.063519463333865	0.4425	0.063519463333865	0.825	0	"model68"
0.435	0.0579750904364203	0.735	0.0579750904364203	0.7	0	"model69"
0.0075	0.0120761472884912	0.0075	0.0120761472884912	1	0	"model70"
0.0175	0.0168737139427638	0.0175	0.0168737139427638	1	0	"model71"
0.18	0.0158113883008419	0.98	0.0158113883008419	0.2	0	"model72"
0.1575	0.0565808173225599	0.2575	0.0565808173225599	0.9	0	"model73"
0.18	0.0468448977418507	0.18	0.0468448977418507	1	0	"model74"
0.1825	0.104781518726666	0.3825	0.104781518726666	0.8	0	"model75"
0.205	0.0752772652709081	0.355	0.0752772652709081	0.85	0	"model76"
0.145	0.0918936583472681	0.27	0.0918936583472681	0.875	0	"model77"
0.0275	0.0248607231502938	0.0275	0.0248607231502938	1	0	"model78"
0.3225	0.0532942565177316	0.6475	0.0532942565177316	0.675	0	"model79"
0	0	0	0	1	0	"model80"
0.17	0.0926462807312486	0.32	0.0926462807312487	0.85	0	"model81"
0.1725	0.0671337802037428	0.3225	0.0671337802037428	0.85	0	"model82"
0.1525	0.0946117798632331	0.2775	0.0946117798632331	0.875	0	"model83"
0.1925	0.0527704673299585	0.7675	0.0527704673299585	0.425	0	"model84"
0.1475	0.0594535299391232	0.1475	0.0594535299391232	1	0	"model85"
0.35	0.0687184270936277	0.55	0.0687184270936277	0.8	0	"model86"
0.2	0.0424918292799399	0.725	0.0424918292799399	0.475	0	"model87"
0	0	0	0	1	0	"model88"
0.1125	0.0475073093791308	0.1125	0.0475073093791308	1	0	"model89"
0.0775	0.0342580079851574	0.0775	0.0342580079851574	1	0	"model90"
0.18	0.0562731433871138	0.33	0.0562731433871138	0.85	0	"model91"
0.1725	0.0432210082662998	0.1725	0.0432210082662998	1	0	"model92"
0.0525	0.0342580079851574	0.0525	0.0342580079851574	1	0	"model93"
0.2125	0.0626387349098871	0.3375	0.0626387349098871	0.875	0	"model94"
0.08	0.0421637021355784	0.08	0.0421637021355784	1	0	"model95"
0.06	0.0316227766016838	0.06	0.0316227766016838	1	0	"model96"
0	0	0	0	1	0	"model97"
0.1725	0.0362284418654736	0.1975	0.0362284418654736	0.975	0	"model98"
0.38	0.0685160159703149	0.63	0.0685160159703149	0.75	0	"model99"
0.3475	0.0492301849591398	0.5975	0.0492301849591398	0.75	0	"model100"
0.3375	0.0475073093791307	0.8375	0.0475073093791308	0.5	0	"model101"
0.0925	0.0312916389258643	0.0925	0.0312916389258643	1	0	"model102"
0.325	0.0726483157256779	0.55	0.0726483157256779	0.775	0	"model103"
0.1525	0.0380970981688749	0.1525	0.0380970981688749	1	0	"model104"
0.2175	0.0717344640555245	0.6925	0.0717344640555245	0.525	0	"model105"
0.185	0.0337474278855276	0.96	0.0337474278855276	0.225	0	"model106"
0.065	0.0459468291736341	0.065	0.0459468291736341	1	0	"model107"
0.03	0.0158113883008419	0.03	0.0158113883008419	1	0	"model108"
0.17	0.053748384988657	0.17	0.053748384988657	1	0	"model109"
0.165	0.052967495273569	0.265	0.052967495273569	0.9	0	"model110"
0.1675	0.072696094958548	0.3675	0.072696094958548	0.8	0	"model111"
0.2175	0.0825378700960959	0.3675	0.0825378700960959	0.85	0	"model112"
0.2275	0.0681603501555951	0.3275	0.0681603501555951	0.9	0	"model113"
0.165	0.0765578938523723	0.315	0.0765578938523723	0.85	0	"model114"
0.24	0.0636832439151427	0.39	0.0636832439151427	0.85	0	"model115"
0.255	0.0806225774829855	0.455	0.0806225774829855	0.8	0	"model116"
0	0	0	0	1	0	"model117"
0.3625	0.0615200960843058	0.6125	0.0615200960843059	0.75	0	"model118"
0.12	0.0574939610355345	0.145	0.0574939610355345	0.975	0	"model119"
0.1575	0.0205818150587141	0.9825	0.0205818150587141	0.175	0	"model120"
0.36	0.0709068246206088	0.585	0.0709068246206088	0.775	0	"model121"
0.0875	0.060380736442456	0.0875	0.060380736442456	1	0	"model122"
0.3975	0.0721206550780627	0.7975	0.0721206550780627	0.6	0	"model123"
0.1175	0.0354534123103044	0.1175	0.0354534123103044	1	0	"model124"
0.07	0.0258198889747161	0.07	0.0258198889747161	1	0	"model125"
0.2175	0.0816921728876831	0.7675	0.0816921728876831	0.45	0	"model126"
0	0	0	0	1	0	"model127"
0.1775	0.0558395518925032	0.1775	0.0558395518925032	1	0	"model128"
0.0675	0.0334373377462315	0.0675	0.0334373377462315	1	0	"model129"
0.1125	0.0475073093791307	0.1125	0.0475073093791307	1	0	"model130"
0.0775	0.032167098442698	0.0775	0.032167098442698	1	0	"model131"
0	0	0	0	1	0	"model132"
0.25	0.0390867979985286	0.95	0.0390867979985286	0.3	0	"model133"
0.155	0.0387298334620742	0.155	0.0387298334620742	1	0	"model134"
0.23	0.053748384988657	0.43	0.053748384988657	0.8	0	"model135"
0.06	0.0411636301174282	0.06	0.0411636301174282	1	0	"model136"
0.145	0.0734090518184841	0.245	0.0734090518184841	0.9	0	"model137"
0.1125	0.0377307714089059	0.1125	0.0377307714089059	1	0	"model138"
0	0	0	0	1	0	"model139"
0.15	0.0799305253885453	0.275	0.0799305253885453	0.875	0	"model140"
0.2075	0.0612939184947776	0.2075	0.0612939184947776	1	0	"model141"
0.2025	0.0923835603461039	0.2025	0.0923835603461039	1	0	"model142"
0.1575	0.0791008498338952	0.1575	0.0791008498338952	1	0	"model143"
0.27	0.0632455532033676	0.47	0.0632455532033676	0.8	0	"model144"
0.305	0.0497214463005877	0.505	0.0497214463005877	0.8	0	"model145"
0.015	0.0174801474695025	0.015	0.0174801474695025	1	0	"model146"
0.16	0.0474341649025257	0.185	0.0474341649025257	0.975	0	"model147"
0.04	0.0316227766016838	0.04	0.0316227766016838	1	0	"model148"
0.185	0.0899073597284079	0.185	0.0899073597284079	1	0	"model149"
0.1875	0.0543266867100221	0.7625	0.0543266867100221	0.425	0	"model150"
0.17	0.0258198889747161	0.945	0.0258198889747161	0.225	0	"model151"
0	0	0	0	1	0	"model152"
0.2175	0.0500693962859993	0.3675	0.0500693962859993	0.85	0	"model153"
0.3325	0.0514376645400365	0.5825	0.0514376645400366	0.75	0	"model154"
0.0575	0.0334373377462315	0.0575	0.0334373377462315	1	0	"model155"
0.155	0.0387298334620742	0.155	0.0387298334620742	1	0	"model156"
0	0	0	0	1	0	"model157"
0.1175	0.042573465914816	0.1175	0.042573465914816	1	0	"model158"
0.175	0.0456435464587638	0.275	0.0456435464587638	0.9	0	"model159"
0.225	0.05	0.375	0.05	0.85	0	"model160"
0.2475	0.0362284418654736	0.8225	0.0362284418654736	0.425	0	"model161"
0	0	1	0	0	0	"model162"
-0.005	0.0105409255338946	0.995	0.0105409255338946	0	0	"model163"
0.2325	0.066718729670827	0.2575	0.066718729670827	0.975	0	"model164"
0.395	0.0664580067912563	0.645	0.0664580067912563	0.75	0	"model165"
0.2	0.0456435464587638	0.2	0.0456435464587638	1	0	"model166"
0.0925	0.0589844612306213	0.0925	0.0589844612306213	1	0	"model167"
0.055	0.030731814857643	0.055	0.030731814857643	1	0	"model168"
0.1225	0.032167098442698	0.1225	0.032167098442698	1	0	"model169"
0.0275	0.0342580079851574	0.0275	0.0342580079851574	1	0	"model170"
0.0025	0.00790569415042095	0.0025	0.00790569415042095	1	0	"model171"
0.1325	0.0264837476367845	0.1325	0.0264837476367845	1	0	"model172"
0.26	0.0699205898780101	0.635	0.0699205898780101	0.625	0	"model173"
0.16	0.0689202437604511	0.31	0.0689202437604511	0.85	0	"model174"
0.1625	0.0131761569173682	0.9875	0.0131761569173683	0.175	0	"model175"
0.295	0.0918936583472681	0.495	0.0918936583472681	0.8	0	"model176"
0.085	0.0502770104299945	0.085	0.0502770104299945	1	0	"model177"
0	0	0	0	1	0	"model178"
0.2175	0.0808376287518518	0.4175	0.0808376287518518	0.8	0	"model179"
0.195	0.0497214463005877	0.345	0.0497214463005877	0.85	0	"model180"
0.1425	0.0553398590529466	0.1425	0.0553398590529466	1	0	"model181"
0.1775	0.0845330310194384	0.2275	0.0845330310194384	0.95	0	"model182"
0.19	0.0728392446113739	0.24	0.0728392446113739	0.95	0	"model183"
0.23	0.0437797517885457	0.23	0.0437797517885457	1	0	"model184"
0	0	0	0	1	0	"model185"
0.205	0.0632455532033676	0.355	0.0632455532033676	0.85	0	"model186"
0.17	0.0524404424085076	0.32	0.0524404424085076	0.85	0	"model187"
0.1725	0.0811805258530504	0.3225	0.0811805258530504	0.85	0	"model188"
0.1475	0.0532942565177316	0.1475	0.0532942565177316	1	0	"model189"
0.315	0.0936897954837013	0.515	0.0936897954837013	0.8	0	"model190"
0	0	0	0	1	0	"model191"
0	0	0	0	1	0	"model192"
0.115	0.0636832439151427	0.265	0.0636832439151427	0.85	0	"model193"
0.3075	0.072696094958548	0.5325	0.072696094958548	0.775	0	"model194"
0.0825	0.0391755309118105	0.0825	0.0391755309118105	1	0	"model195"
0.095	0.0283823106098773	0.095	0.0283823106098773	1	0	"model196"
0.0775	0.0275126233653653	0.0775	0.0275126233653653	1	0	"model197"
0.215	0.0658280588604383	0.215	0.0658280588604383	1	0	"model198"
0.045	0.0329140294302192	0.045	0.0329140294302192	1	0	"model199"
0.2475	0.0730772042279792	0.3975	0.0730772042279792	0.85	0	"model200"
0.1575	0.0986365381928354	0.2575	0.0986365381928353	0.9	0	"model201"
0.125	0.0612372435695794	0.125	0.0612372435695794	1	0	"model202"
0.2725	0.0141911553049387	0.9475	0.0141911553049386	0.325	0	"model203"
0	0	0	0	1	0	"model204"
0.2425	0.0472140515807177	0.8425	0.0472140515807177	0.4	0	"model205"
0.1075	0.0565808173225599	0.1075	0.0565808173225599	1	0	"model206"
0.21	0.0765578938523723	0.21	0.0765578938523723	1	0	"model207"
0.0225	0.0218898758942728	0.0225	0.0218898758942728	1	0	"model208"
0.17	0.0453382350291181	0.295	0.0453382350291181	0.875	0	"model209"
0.2	0.0424918292799399	0.225	0.0424918292799399	0.975	0	"model210"
0	0	0	0	1	0	"model211"
0.095	0.0468448977418507	0.095	0.0468448977418507	1	0	"model212"
0.1925	0.0624166110369134	0.7925	0.0624166110369133	0.4	0	"model213"
0.275	0.067700320038633	0.7	0.067700320038633	0.575	0	"model214"
0.1725	0.0730772042279792	0.1725	0.0730772042279792	1	0	"model215"
0.2775	0.0691716865648238	0.4775	0.0691716865648238	0.8	0	"model216"
0	0	0	0	1	0	"model217"
0.09	0.0293446947694317	0.09	0.0293446947694317	1	0	"model218"
0.19	0.0474341649025257	0.19	0.0474341649025257	1	0	"model219"
0.2025	0.0650320433837556	0.2525	0.0650320433837556	0.95	0	"model220"
0.21	0.0542627353203324	0.76	0.0542627353203323	0.45	0	"model221"
0.2275	0.105705303136177	0.3775	0.105705303136177	0.85	0	"model222"
0.14	0.0474341649025257	0.14	0.0474341649025257	1	0	"model223"
0.1925	0.0677515887472595	0.1925	0.0677515887472595	1	0	"model224"
0.1325	0.0842037871937942	0.2325	0.0842037871937942	0.9	0	"model225"
0	0	0	0	1	0	"model226"
0.065	0.0337474278855276	0.065	0.0337474278855276	1	0	"model227"
0.045	0.022973414586817	0.045	0.022973414586817	1	0	"model228"
0.18	0.0497214463005877	0.205	0.0497214463005877	0.975	0	"model229"
0.1825	0.0755075419338286	0.1825	0.0755075419338286	1	0	"model230"
0.095	0.0468448977418507	0.095	0.0468448977418507	1	0	"model231"
0.125	0.0456435464587638	0.225	0.0456435464587638	0.9	0	"model232"
0.36	0.0603232035695129	0.61	0.0603232035695129	0.75	0	"model233"
0.24	0.082663978450915	0.44	0.082663978450915	0.8	0	"model234"
0.185	0.0801040989379861	0.785	0.0801040989379861	0.4	0	"model235"
0	0	0	0	1	0	"model236"
0.19	0.0474341649025257	0.19	0.0474341649025257	1	0	"model237"
0.205	0.0524404424085076	0.205	0.0524404424085076	1	0	"model238"
0.17	0.0562731433871138	0.32	0.0562731433871138	0.85	0	"model239"
0.3175	0.066718729670827	0.5175	0.066718729670827	0.8	0	"model240"
0	0	0	0	1	0	"model241"
0.0525	0.0299304749934466	0.0525	0.0299304749934466	1	0	"model242"
0.2225	0.0617454451761424	0.3725	0.0617454451761423	0.85	0	"model243"
0.17	0.0788810637746615	0.17	0.0788810637746615	1	0	"model244"
0.0275	0.0184466196843155	0.0275	0.0184466196843155	1	0	"model245"
0.32	0.0674948557710553	0.545	0.0674948557710553	0.775	0	"model246"
0.3575	0.0601502747753953	0.6075	0.0601502747753953	0.75	0	"model247"
0.21	0.0579750904364203	0.385	0.0579750904364203	0.825	0	"model248"
0.175	0.1092906420717	0.325	0.1092906420717	0.85	0	"model249"
0.3375	0.0543266867100221	0.5625	0.0543266867100221	0.775	0	"model250"
0.1675	0.0717344640555245	0.3675	0.0717344640555245	0.8	0	"model251"
0.3925	0.0553398590529466	0.7675	0.0553398590529466	0.625	0	"model252"
0.195	0.0664580067912563	0.245	0.0664580067912563	0.95	0	"model253"
0	0	0	0	1	0	"model254"
0.1875	0.0738335214444556	0.3875	0.0738335214444556	0.8	0	"model255"
0	0	0	0	1	0	"model256"
0.1875	0.0377307714089059	0.3125	0.0377307714089059	0.875	0	"model257"
0.1075	0.0514376645400366	0.1075	0.0514376645400366	1	0	"model258"
0.0625	0.0395284707521047	0.0625	0.0395284707521047	1	0	"model259"
0.145	0.0562731433871138	0.145	0.0562731433871138	1	0	"model260"
0.07	0.0329140294302192	0.07	0.0329140294302192	1	0	"model261"
0.26	0.0394405318873308	0.86	0.0394405318873308	0.4	0	"model262"
0.245	0.0685160159703149	0.395	0.0685160159703149	0.85	0	"model263"
0.2	0.0634647758821992	0.2	0.0634647758821992	1	0	"model264"
0.0625	0.0270030862433661	0.0625	0.0270030862433661	1	0	"model265"
0.09	0.037638632635454	0.215	0.0376386326354541	0.875	0	"model266"
0	0	0	0	1	0	"model267"
0.3375	0.0460223375716136	0.5625	0.0460223375716136	0.775	0	"model268"
0.2075	0.0816921728876831	0.3575	0.0816921728876831	0.85	0	"model269"
0	0	0	0	1	0	"model270"
0.04	0.0293446947694317	0.04	0.0293446947694317	1	0	"model271"
0.115	0.0488762609953839	0.115	0.0488762609953839	1	0	"model272"
0.415	0.0718795288428261	0.69	0.0718795288428261	0.725	0	"model273"
0.24	0.0668746754924629	0.44	0.0668746754924629	0.8	0	"model274"
0.205	0.0654047229011619	0.405	0.0654047229011619	0.8	0	"model275"
0.2125	0.0395284707521047	0.2875	0.0395284707521047	0.925	0	"model276"
0	0	1	0	0	0	"model277"
0.1525	0.0650320433837556	0.2525	0.0650320433837556	0.9	0	"model278"
0.17	0.030731814857643	0.97	0.0307318148576429	0.2	0	"model279"
0.19	0.0625832778517286	0.34	0.0625832778517286	0.85	0	"model280"
0	0	0	0	1	0	"model281"
0.14	0.0636832439151427	0.265	0.0636832439151427	0.875	0	"model282"
0	0	0	0	1	0	"model283"
0.155	0.0468448977418507	0.23	0.0468448977418507	0.925	0	"model284"
0.0475	0.0362284418654736	0.0475	0.0362284418654736	1	0	"model285"
0.36	0.0591607978309962	0.585	0.0591607978309962	0.775	0	"model286"
0.2475	0.0916287800493564	0.4475	0.0916287800493564	0.8	0	"model287"
0.195	0.0664580067912563	0.195	0.0664580067912563	1	0	"model288"
0.1225	0.0432210082662998	0.1225	0.0432210082662998	1	0	"model289"
0	0	0	0	1	0	"model290"
0.32	0.0848200709999965	0.52	0.0848200709999965	0.8	0	"model291"
0.2575	0.0457195557478173	0.4075	0.0457195557478173	0.85	0	"model292"
0	0	0	0	1	0	"model293"
0.2025	0.0184466196843155	0.9775	0.0184466196843156	0.225	0	"model294"
0.1075	0.0589844612306213	0.2575	0.0589844612306213	0.85	0	"model295"
0.45	0.0552770798392566	0.725	0.0552770798392566	0.725	0	"model296"
0.14	0.0579750904364203	0.29	0.0579750904364203	0.85	0	"model297"
0	0	0	0	1	0	"model298"
0.3675	0.0850245062712314	0.5925	0.0850245062712314	0.775	0	"model299"
0	0	0	0	1	0	"model300"
0.2475	0.0639552795144996	0.4475	0.0639552795144997	0.8	0	"model301"
0.0625	0.0428984589207792	0.0625	0.0428984589207792	1	0	"model302"
0.035	0.035746017649212	0.035	0.035746017649212	1	0	"model303"
0.345	0.0468448977418507	0.72	0.0468448977418506	0.625	0	"model304"
0.1375	0.0475073093791307	0.2875	0.0475073093791308	0.85	0	"model305"
0.0425	0.0312916389258643	0.0425	0.0312916389258643	1	0	"model306"
0.22	0.0664580067912563	0.37	0.0664580067912563	0.85	0	"model307"
0	0	0	0	1	0	"model308"
0.1875	0.0395284707521047	0.1875	0.0395284707521047	1	0	"model309"
0.31	0.0689202437604511	0.51	0.0689202437604511	0.8	0	"model310"
0.105	0.0349602949390051	0.105	0.0349602949390051	1	0	"model311"
0.085	0.052967495273569	0.085	0.052967495273569	1	0	"model312"
0.2	0.0600925212577332	0.775	0.0600925212577331	0.425	0	"model313"
0.14	0.0679051626248779	0.29	0.0679051626248779	0.85	0	"model314"
0.165	0.0394405318873308	0.165	0.0394405318873308	1	0	"model315"
0.1775	0.0492301849591398	0.2525	0.0492301849591398	0.925	0	"model316"
0.3475	0.0398782870466847	0.5475	0.0398782870466847	0.8	0	"model317"
0.1975	0.047798767999	0.1975	0.047798767999	1	0	"model318"
0.2625	0.0875991501734527	0.2625	0.0875991501734527	1	0	"model319"
0.2975	0.0877575574460051	0.5225	0.0877575574460051	0.775	0	"model320"
0	0	1	0	0	0	"model321"
0.185	0.0444097086482474	0.185	0.0444097086482474	1	0	"model322"
0.1	0.0390867979985286	0.1	0.0390867979985286	1	0	"model323"
0.2275	0.0606103218198939	0.8275	0.0606103218198939	0.4	0	"model324"
0.02	0.0258198889747161	0.02	0.0258198889747161	1	0	"model325"
0.075	0.0353553390593274	0.075	0.0353553390593274	1	0	"model326"
0.125	0.0735980072193987	0.125	0.0735980072193987	1	0	"model327"
0	0	0	0	1	0	"model328"
0.0475	0.0432210082662998	0.0475	0.0432210082662998	1	0	"model329"
0.25	0.0235702260395516	0.45	0.0235702260395516	0.8	0	"model330"
0.2775	0.0594535299391232	0.4775	0.0594535299391232	0.8	0	"model331"
0.18	0.0685160159703149	0.33	0.0685160159703149	0.85	0	"model332"
0.065	0.0459468291736341	0.065	0.0459468291736341	1	0	"model333"
0.1475	0.054581742979376	0.1475	0.054581742979376	1	0	"model334"
0.06	0.037638632635454	0.06	0.037638632635454	1	0	"model335"
0.16	0.0542627353203324	0.185	0.0542627353203324	0.975	0	"model336"
0.175	0.0645497224367903	0.225	0.0645497224367903	0.95	0	"model337"
0.0025	0.00790569415042095	0.0025	0.00790569415042095	1	0	"model338"
0.125	0.0440958551844098	0.125	0.0440958551844098	1	0	"model339"
0.185	0.0699205898780101	0.335	0.0699205898780101	0.85	0	"model340"
0.2225	0.124415299166407	0.4225	0.124415299166407	0.8	0	"model341"
0	0	0	0	1	0	"model342"
0.04	0.035746017649212	0.04	0.035746017649212	1	0	"model343"
0.055	0.022973414586817	0.055	0.022973414586817	1	0	"model344"
0.0125	0.0242956328951888	0.0125	0.0242956328951888	1	0	"model345"
0.16	0.0555277708298589	0.26	0.0555277708298589	0.9	0	"model346"
0.095	0.0437797517885457	0.095	0.0437797517885457	1	0	"model347"
0.1175	0.0457195557478173	0.1175	0.0457195557478173	1	0	"model348"
0	0	1	0	0	0	"model349"
0.1375	0.0568257570707744	0.1375	0.0568257570707744	1	0	"model350"
0.275	0.0986013297183269	0.5	0.0986013297183269	0.775	0	"model351"
0	0	0	0	1	0	"model352"
0.1625	0.067956276792917	0.2875	0.067956276792917	0.875	0	"model353"
0.2525	0.0758745309339336	0.4525	0.0758745309339336	0.8	0	"model354"
0.2075	0.0527704673299585	0.6825	0.0527704673299585	0.525	0	"model355"
0.15	0.0456435464587638	0.15	0.0456435464587638	1	0	"model356"
0.1675	0.0764217101207358	0.2675	0.0764217101207358	0.9	0	"model357"
0.295	0.101242283656583	0.495	0.101242283656583	0.8	0	"model358"
0.16	0.0818195847242238	0.31	0.0818195847242238	0.85	0	"model359"
0.03	0.022973414586817	0.03	0.022973414586817	1	0	"model360"
0.155	0.0437797517885457	0.155	0.0437797517885457	1	0	"model361"
0.1625	0.0317323879410996	0.1625	0.0317323879410996	1	0	"model362"
0	0	0	0	1	0	"model363"
0.255	0.0771002233748025	0.455	0.0771002233748025	0.8	0	"model364"
0.2575	0.072696094958548	0.4075	0.072696094958548	0.85	0	"model365"
0.18	0.0497214463005877	0.23	0.0497214463005877	0.95	0	"model366"
0.1825	0.0472140515807177	0.1825	0.0472140515807177	1	0	"model367"
0	0	0	0	1	0	"model368"
0.115	0.0542627353203324	0.115	0.0542627353203324	1	0	"model369"
0.1825	0.0986365381928354	0.3325	0.0986365381928353	0.85	0	"model370"
0.075	0.0372677996249965	0.075	0.0372677996249965	1	0	"model371"
0.285	0.0709068246206088	0.485	0.0709068246206088	0.8	0	"model372"
0.165	0.0614636297152859	0.165	0.0614636297152859	1	0	"model373"
0.1825	0.0808376287518518	0.2825	0.0808376287518518	0.9	0	"model374"
0.1875	0.0658807845868412	0.3375	0.0658807845868412	0.85	0	"model375"
0.1625	0.0568257570707744	0.2875	0.0568257570707744	0.875	0	"model376"
0.04	0.0174801474695025	0.04	0.0174801474695025	1	0	"model377"
0.2275	0.0803205384001433	0.4275	0.0803205384001433	0.8	0	"model378"
0.1675	0.072696094958548	0.1675	0.072696094958548	1	0	"model379"
0.1875	0.0503460248899774	0.2375	0.0503460248899774	0.95	0	"model380"
0.08	0.0421637021355784	0.08	0.0421637021355784	1	0	"model381"
0	0	0	0	1	0	"model382"
0.4325	0.073645170317619	0.7325	0.073645170317619	0.7	0	"model383"
0.23	0.0724568837309472	0.405	0.0724568837309472	0.825	0	"model384"
0.1875	0.0719278187568003	0.3875	0.0719278187568003	0.8	0	"model385"
0.1775	0.047798767999	0.2275	0.047798767999	0.95	0	"model386"
0.2525	0.062860073885487	0.4275	0.062860073885487	0.825	0	"model387"
0.245	0.0283823106098773	0.945	0.0283823106098773	0.3	0	"model388"
0.2725	0.0342580079851574	0.9475	0.0342580079851574	0.325	0	"model389"
0	0	0	0	1	0	"model390"
0	0	0	0	1	0	"model391"
0.145	0.0550252467307306	0.145	0.0550252467307306	1	0	"model392"
0.4025	0.0415832498329155	0.6775	0.0415832498329155	0.725	0	"model393"
0.06	0.0316227766016838	0.06	0.0316227766016838	1	0	"model394"
0.3925	0.0441745276023286	0.8925	0.0441745276023286	0.5	0	"model395"
0.0225	0.0275126233653653	0.0225	0.0275126233653653	1	0	"model396"
0.2375	0.0543266867100221	0.3875	0.0543266867100221	0.85	0	"model397"
0.1775	0.0721206550780627	0.3275	0.0721206550780627	0.85	0	"model398"
0.345	0.0562731433871138	0.57	0.0562731433871138	0.775	0	"model399"
0.175	0.0799305253885453	0.175	0.0799305253885453	1	0	"model400"
0	0	0	0	1	0	"model401"
0	0	0	0	1	0	"model402"
0.1	0.0263523138347365	0.1	0.0263523138347365	1	0	"model403"
0.1525	0.0650320433837556	0.1525	0.0650320433837556	1	0	"model404"
0.0125	0.0242956328951888	0.0125	0.0242956328951888	1	0	"model405"
0.275	0.074535599249993	0.475	0.074535599249993	0.8	0	"model406"
0.205	0.0483045891539648	0.23	0.0483045891539648	0.975	0	"model407"
0.22	0.0258198889747161	0.97	0.0258198889747161	0.25	0	"model408"
0.045	0.0105409255338946	0.995	0.0105409255338946	0.05	0	"model409"
0.19	0.0774596669241483	0.39	0.0774596669241483	0.8	0	"model410"
0.1575	0.066718729670827	0.1575	0.066718729670827	1	0	"model411"
0.2225	0.0519748870983756	0.2225	0.0519748870983756	1	0	"model412"
0.3225	0.0820314980154981	0.5725	0.0820314980154981	0.75	0	"model413"
0.22	0.0761941963377497	0.32	0.0761941963377497	0.9	0	"model414"
0.055	0.053748384988657	0.055	0.053748384988657	1	0	"model415"
0.2925	0.0565808173225598	0.4925	0.0565808173225598	0.8	0	"model416"
0.235	0.082663978450915	0.385	0.082663978450915	0.85	0	"model417"
0.1425	0.0624166110369134	0.1425	0.0624166110369134	1	0	"model418"
0.235	0.0614636297152859	0.235	0.0614636297152859	1	0	"model419"
0	0	0	0	1	0	"model420"
0.2175	0.0391755309118105	0.3675	0.0391755309118105	0.85	0	"model421"
0	0	0	0	1	0	"model422"
0.3075	0.095778970087964	0.5075	0.095778970087964	0.8	0	"model423"
0.1575	0.0354534123103044	0.1575	0.0354534123103044	1	0	"model424"
0.155	0.0724568837309472	0.28	0.0724568837309472	0.875	0	"model425"
0.185	0.0488762609953839	0.31	0.0488762609953839	0.875	0	"model426"
0	0	1	0	0	0	"model427"
0.225	0.0645497224367903	0.375	0.0645497224367903	0.85	0	"model428"
0.31	0.0818195847242238	0.535	0.0818195847242238	0.775	0	"model429"
0.165	0.0488762609953839	0.165	0.0488762609953839	1	0	"model430"
0.06	0.035746017649212	0.06	0.035746017649212	1	0	"model431"
0.0075	0.0120761472884912	0.0075	0.0120761472884912	1	0	"model432"
0	0	0	0	1	0	"model433"
0.27	0.0856348838577675	0.47	0.0856348838577675	0.8	0	"model434"
0.23	0.0468448977418507	0.43	0.0468448977418507	0.8	0	"model435"
0.21	0.0542627353203324	0.385	0.0542627353203323	0.825	0	"model436"
0.3225	0.0845330310194384	0.5225	0.0845330310194384	0.8	0	"model437"
0.2275	0.0785723304421544	0.4275	0.0785723304421544	0.8	0	"model438"
0.2825	0.0334373377462315	0.9325	0.0334373377462314	0.35	0	"model439"
0.035	0.0337474278855276	0.035	0.0337474278855276	1	0	"model440"
0.2075	0.0656696276828185	0.2075	0.0656696276828185	1	0	"model441"
0.155	0.0524404424085076	0.305	0.0524404424085076	0.85	0	"model442"
0.12	0.0421637021355784	0.12	0.0421637021355784	1	0	"model443"
0.3275	0.0570696455608798	0.5775	0.0570696455608798	0.75	0	"model444"
0.17	0.0550252467307306	0.22	0.0550252467307306	0.95	0	"model445"
0.025	0	1	0	0.025	0	"model446"
0.2325	0.0972182538872659	0.4325	0.0972182538872659	0.8	0	"model447"
0	0	0	0	1	0	"model448"
0.1525	0.0492301849591398	0.7025	0.0492301849591398	0.45	0	"model449"
0.31	0.0614636297152859	0.535	0.0614636297152859	0.775	0	"model450"
0.1875	0.0242956328951888	0.9625	0.0242956328951887	0.225	0	"model451"
0.125	0.0540061724867322	0.125	0.0540061724867322	1	0	"model452"
0	0	0	0	1	0	"model453"
0.1175	0.0514376645400366	0.1175	0.0514376645400366	1	0	"model454"
0	0	0	0	1	0	"model455"
0	0	0	0	1	0	"model456"
0.3325	0.0656696276828185	0.5575	0.0656696276828185	0.775	0	"model457"
0.0825	0.0312916389258643	0.0825	0.0312916389258643	1	0	"model458"
0	0	0	0	1	0	"model459"
0	0	1	0	0	0	"model460"
0.34	0.0728392446113739	0.765	0.0728392446113738	0.575	0	"model461"
0.405	0.0586893895388634	0.68	0.0586893895388634	0.725	0	"model462"
0.03	0.0158113883008419	0.03	0.0158113883008419	1	0	"model463"
0.21	0.0658280588604383	0.21	0.0658280588604383	1	0	"model464"
0.2975	0.0767843299985963	0.4975	0.0767843299985963	0.8	0	"model465"
0.1375	0.0658807845868412	0.2875	0.0658807845868412	0.85	0	"model466"
0.0425	0.0264837476367845	0.0425	0.0264837476367845	1	0	"model467"
0.2525	0.0989177548381595	0.4525	0.0989177548381595	0.8	0	"model468"
0.29	0.0614636297152859	0.515	0.0614636297152859	0.775	0	"model469"
0	0	0	0	1	0	"model470"
0.055	0.0349602949390051	0.055	0.0349602949390051	1	0	"model471"
0.2125	0.0568257570707744	0.2125	0.0568257570707744	1	0	"model472"
0	0	0	0	1	0	"model473"
0.39	0.107496769977314	0.615	0.107496769977314	0.775	0	"model474"
0.3625	0.0810092587300982	0.6125	0.0810092587300983	0.75	0	"model475"
0.1575	0.0334373377462315	0.2075	0.0334373377462315	0.95	0	"model476"
0	0	0	0	1	0	"model477"
0.085	0.0316227766016838	0.085	0.0316227766016838	1	0	"model478"
0	0	1	0	0	0	"model479"
0	0	0	0	1	0	"model480"
0.245	0.0903696114115064	0.72	0.0903696114115064	0.525	0	"model481"
0.12	0.053748384988657	0.245	0.053748384988657	0.875	0	"model482"
0.155	0.0586893895388634	0.18	0.0586893895388634	0.975	0	"model483"
0.13	0.0685160159703149	0.13	0.0685160159703149	1	0	"model484"
0.1475	0.0492301849591398	0.1475	0.0492301849591398	1	0	"model485"
0	0	0	0	1	0	"model486"
0.2025	0.0362284418654736	0.3025	0.0362284418654736	0.9	0	"model487"
0	0	0	0	1	0	"model488"
0.185	0.0728392446113739	0.235	0.0728392446113739	0.95	0	"model489"
0.23	0.053748384988657	0.23	0.053748384988657	1	0	"model490"
0	0	0	0	1	0	"model491"
0.19	0.0488762609953839	0.24	0.0488762609953839	0.95	0	"model492"
0.1625	0.0783953655092783	0.1875	0.0783953655092783	0.975	0	"model493"
0.115	0.0394405318873308	0.115	0.0394405318873308	1	0	"model494"
0.17	0.0771002233748025	0.32	0.0771002233748025	0.85	0	"model495"
0.19	0.0944281031614353	0.19	0.0944281031614353	1	0	"model496"
0.215	0.0737864787372622	0.365	0.0737864787372622	0.85	0	"model497"
0.4475	0.0432210082662998	0.7225	0.0432210082662998	0.725	0	"model498"
0.0725	0.0218898758942728	0.0725	0.0218898758942728	1	0	"model499"
0.2075	0.0745821694508815	0.4075	0.0745821694508815	0.8	0	"model500"
0	0	0	0	1	0	"model501"
0	0	0	0	1	0	"model502"
0.1725	0.0380970981688749	0.1725	0.0380970981688749	1	0	"model503"
-0.005	0.0105409255338946	0.995	0.0105409255338946	0	0	"model504"
0.06	0.0316227766016838	0.06	0.0316227766016838	1	0	"model505"
0.225	0.0799305253885453	0.375	0.0799305253885453	0.85	0	"model506"
0.145	0.0598609499868932	0.145	0.0598609499868932	1	0	"model507"
0.37	0.0387298334620742	0.62	0.0387298334620742	0.75	0	"model508"
0.1575	0.0601502747753953	0.3075	0.0601502747753953	0.85	0	"model509"
0.205	0.0752772652709081	0.355	0.0752772652709081	0.85	0	"model510"
0.185	0.0987420882906575	0.335	0.0987420882906575	0.85	0	"model511"
0.045	0.0283823106098773	0.045	0.0283823106098773	1	0	"model512"
0.135	0.0747217059048663	0.285	0.0747217059048663	0.85	0	"model513"
0.2175	0.095778970087964	0.2425	0.0957789700879641	0.975	0	"model514"
0.2375	0.0951971638232989	0.3875	0.0951971638232989	0.85	0	"model515"
0.245	0.0752772652709081	0.245	0.0752772652709081	1	0	"model516"
0.1125	0.060380736442456	0.1125	0.060380736442456	1	0	"model517"
0.3275	0.0776834745761428	0.5525	0.0776834745761428	0.775	0	"model518"
0.25	0.052704627669473	0.85	0.052704627669473	0.4	0	"model519"
0.19	0.0689202437604511	0.34	0.0689202437604511	0.85	0	"model520"
0.0525	0.0248607231502938	0.0525	0.0248607231502938	1	0	"model521"
0	0	1	0	0	0	"model522"
0.175	0.067700320038633	0.175	0.067700320038633	1	0	"model523"
0.1625	0.060380736442456	0.3125	0.060380736442456	0.85	0	"model524"
0.36	0.0488762609953839	0.76	0.0488762609953839	0.6	0	"model525"
0.2675	0.0441745276023286	0.8175	0.0441745276023286	0.45	0	"model526"
0.05	0.0288675134594813	0.05	0.0288675134594813	1	0	"model527"
0.2075	0.0500693962859993	0.3575	0.0500693962859994	0.85	0	"model528"
0.185	0.0603232035695129	0.285	0.0603232035695129	0.9	0	"model529"
0.175	0.0440958551844098	0.3	0.0440958551844098	0.875	0	"model530"
0.2575	0.0486626710688548	0.4075	0.0486626710688548	0.85	0	"model531"
0.2525	0.0861603801704189	0.4525	0.0861603801704189	0.8	0	"model532"
0	0	0	0	1	0	"model533"
0.1475	0.0398782870466847	0.1475	0.0398782870466847	1	0	"model534"
0	0	0	0	1	0	"model535"
0.2725	0.047798767999	0.9225	0.047798767999	0.35	0	"model536"
0	0	0	0	1	0	"model537"
0.14	0.0394405318873308	0.14	0.0394405318873308	1	0	"model538"
0.3325	0.0816921728876831	0.8075	0.0816921728876831	0.525	0	"model539"
0.16	0.0809663853432741	0.285	0.0809663853432741	0.875	0	"model540"
0.255	0.0743490267439849	0.455	0.0743490267439849	0.8	0	"model541"
0.29	0.0818195847242238	0.79	0.0818195847242238	0.5	0	"model542"
0.2675	0.0764217101207358	0.6425	0.0764217101207358	0.625	0	"model543"
0.205	0.0903696114115064	0.255	0.0903696114115064	0.95	0	"model544"
0.2175	0.0457195557478174	0.2175	0.0457195557478174	1	0	"model545"
0.17	0.0550252467307306	0.22	0.0550252467307306	0.95	0	"model546"
0.285	0.0658280588604383	0.46	0.0658280588604383	0.825	0	"model547"
0.17	0.0598609499868932	0.17	0.0598609499868932	1	0	"model548"
0	0	0	0	1	0	"model549"
0.205	0.0695221787153807	0.205	0.0695221787153807	1	0	"model550"
0.2225	0.0767843299985963	0.2225	0.0767843299985963	1	0	"model551"
0.075	0.058925565098879	0.075	0.058925565098879	1	0	"model552"
0.2225	0.0432210082662998	0.3725	0.0432210082662998	0.85	0	"model553"
0	0	0	0	1	0	"model554"
0.1575	0.0577951362813323	0.1575	0.0577951362813323	1	0	"model555"
0.1425	0.0764217101207358	0.2425	0.0764217101207358	0.9	0	"model556"
0.165	0.0129099444873581	0.99	0.0129099444873581	0.175	0	"model557"
0	0	0	0	1	0	"model558"
0.0875	0.0444878260501305	0.0875	0.0444878260501305	1	0	"model559"
0.18	0.0823272602348565	0.33	0.0823272602348565	0.85	0	"model560"
0.205	0.0550252467307306	0.355	0.0550252467307306	0.85	0	"model561"
0.14	0.052967495273569	0.14	0.052967495273569	1	0	"model562"
0.345	0.0562731433871138	0.57	0.0562731433871138	0.775	0	"model563"
0	0	0	0	1	0	"model564"
0.175	0.0565194165260439	0.175	0.0565194165260439	1	0	"model565"
0.2275	0.0463231403656243	0.2525	0.0463231403656243	0.975	0	"model566"
0.2025	0.054581742979376	0.2025	0.054581742979376	1	0	"model567"
0.305	0.100554020859989	0.505	0.100554020859989	0.8	0	"model568"
0.3575	0.0808376287518518	0.5575	0.0808376287518518	0.8	0	"model569"
0.3875	0.0875991501734527	0.6125	0.0875991501734527	0.775	0	"model570"
0.28	0.0695221787153807	0.48	0.0695221787153807	0.8	0	"model571"
0.165	0.0689202437604511	0.29	0.0689202437604511	0.875	0	"model572"
0.275	0.0552770798392567	0.925	0.0552770798392566	0.35	0	"model573"
0.2	0.0390867979985286	0.2	0.0390867979985286	1	0	"model574"
0	0	0	0	1	0	"model575"
0.185	0.0668746754924629	0.285	0.0668746754924629	0.9	0	"model576"
0.1825	0.0782180002017154	0.2075	0.0782180002017154	0.975	0	"model577"
0.225	0.0333333333333333	0.725	0.0333333333333333	0.5	0	"model578"
0.1375	0.0475073093791308	0.1375	0.0475073093791308	1	0	"model579"
0.0525	0.0299304749934466	0.0525	0.0299304749934466	1	0	"model580"
0.2725	0.116934217024407	0.4725	0.116934217024407	0.8	0	"model581"
0.2325	0.0624166110369134	0.2325	0.0624166110369134	1	0	"model582"
0.105	0.0483045891539648	0.105	0.0483045891539648	1	0	"model583"
0.155	0.0510990323891863	0.155	0.0510990323891863	1	0	"model584"
0.19	0.0502770104299945	0.19	0.0502770104299945	1	0	"model585"
0.3525	0.0558395518925032	0.5775	0.0558395518925032	0.775	0	"model586"
0.1275	0.0492301849591398	0.1525	0.0492301849591398	0.975	0	"model587"
0.1625	0.0412478955692153	0.1625	0.0412478955692153	1	0	"model588"
0	0	0	0	1	0	"model589"
0.0075	0.0120761472884912	0.0075	0.0120761472884912	1	0	"model590"
0.18	0.071492035298424	0.18	0.071492035298424	1	0	"model591"
0.3325	0.0646034914777144	0.5325	0.0646034914777144	0.8	0	"model592"
0.0975	0.054581742979376	0.0975	0.054581742979376	1	0	"model593"
0.1525	0.047798767999	0.2025	0.047798767999	0.95	0	"model594"
0.2275	0.0749536894058962	0.2525	0.0749536894058962	0.975	0	"model595"
0.1825	0.0205818150587141	0.9825	0.0205818150587141	0.2	0	"model596"
0.315	0.0567646212197547	0.765	0.0567646212197547	0.55	0	"model597"
0.06	0.0293446947694317	0.06	0.0293446947694317	1	0	"model598"
0	0	0	0	1	0	"model599"
0.05	0.0408248290463863	0.05	0.0408248290463863	1	0	"model600"
0.165	0.0516397779494322	0.165	0.0516397779494322	1	0	"model601"
0	0	0	0	1	0	"model602"
0.0575	0.0264837476367845	0.0575	0.0264837476367845	1	0	"model603"
0.1225	0.0519748870983756	0.1225	0.0519748870983756	1	0	"model604"
0.285	0.0337474278855276	0.935	0.0337474278855276	0.35	0	"model605"
0	0	0	0	1	0	"model606"
0.085	0.0411636301174282	0.085	0.0411636301174282	1	0	"model607"
0.0675	0.0373608529524332	0.0675	0.0373608529524332	1	0	"model608"
0.065	0.0411636301174282	0.065	0.0411636301174282	1	0	"model609"
0.22	0.0497214463005877	0.845	0.0497214463005877	0.375	0	"model610"
0.315	0.0210818510677892	0.94	0.0210818510677892	0.375	0	"model611"
0	0	0	0	1	0	"model612"
0.1975	0.0545817429793761	0.1975	0.0545817429793761	1	0	"model613"
0.23	0.0632455532033676	0.38	0.0632455532033676	0.85	0	"model614"
0	0	0	0	1	0	"model615"
0.195	0.0955975359979999	0.27	0.0955975359979999	0.925	0	"model616"
0	0	0	0	1	0	"model617"
0.14	0.0747217059048663	0.29	0.0747217059048663	0.85	0	"model618"
0.24	0.0411636301174282	0.34	0.0411636301174282	0.9	0	"model619"
0.3075	0.0457195557478173	0.5325	0.0457195557478173	0.775	0	"model620"
0.025	0.0204124145231931	0.025	0.0204124145231931	1	0	"model621"
0.1675	0.0601502747753953	0.3675	0.0601502747753953	0.8	0	"model622"
0.22	0.0734090518184841	0.42	0.0734090518184841	0.8	0	"model623"
0.19	0.0709068246206088	0.19	0.0709068246206088	1	0	"model624"
0.0425	0.0312916389258643	0.0425	0.0312916389258643	1	0	"model625"
0.2575	0.0472140515807176	0.4575	0.0472140515807177	0.8	0	"model626"
0.3175	0.0890146679548439	0.5175	0.0890146679548439	0.8	0	"model627"
0.235	0.0516397779494322	0.885	0.0516397779494322	0.35	0	"model628"
0	0	0	0	1	0	"model629"
0	0	0	0	1	0	"model630"
0.32	0.0761941963377497	0.72	0.0761941963377498	0.6	0	"model631"
0.1075	0.0565808173225599	0.1075	0.0565808173225599	1	0	"model632"
0.1775	0.044798933519052	0.2775	0.044798933519052	0.9	0	"model633"
0	0	0	0	1	0	"model634"
0.0725	0.0398782870466847	0.0725	0.0398782870466847	1	0	"model635"
0.2375	0.0580349511549338	0.8375	0.0580349511549338	0.4	0	"model636"
0.1625	0.048947250518628	0.1625	0.048947250518628	1	0	"model637"
0.1075	0.0514376645400365	0.1075	0.0514376645400365	1	0	"model638"
0.1025	0.0671337802037428	0.1025	0.0671337802037428	1	0	"model639"
0	0	0	0	1	0	"model640"
0.17	0.0368932393686311	0.17	0.0368932393686311	1	0	"model641"
0.1225	0.0532942565177316	0.1225	0.0532942565177316	1	0	"model642"
0.0375	0.0338501600193165	0.0375	0.0338501600193165	1	0	"model643"
0.05	0.0311804782231162	0.05	0.0311804782231162	1	0	"model644"
0.1375	0.0568257570707744	0.1375	0.0568257570707744	1	0	"model645"
0.16	0.0658280588604383	0.21	0.0658280588604383	0.95	0	"model646"
0.145	0.0105409255338946	0.995	0.0105409255338946	0.15	0	"model647"
0.0925	0.0589844612306213	0.0925	0.0589844612306213	1	0	"model648"
0.43	0.0705139860043539	0.655	0.0705139860043539	0.775	0	"model649"
0	0	0	0	1	0	"model650"
0.0525	0.0184466196843155	0.0525	0.0184466196843155	1	0	"model651"
0.0025	0.00790569415042095	0.0025	0.00790569415042095	1	0	"model652"
0.125	0.0333333333333333	0.125	0.0333333333333333	1	0	"model653"
0.1975	0.0758745309339336	0.7975	0.0758745309339336	0.4	0	"model654"
0	0	0	0	1	0	"model655"
0.3075	0.104781518726666	0.5075	0.104781518726666	0.8	0	"model656"
0.195	0.0705139860043539	0.345	0.0705139860043539	0.85	0	"model657"
0.0225	0.0275126233653653	0.0225	0.0275126233653653	1	0	"model658"
0.1075	0.0409097923621119	0.1075	0.0409097923621119	1	0	"model659"
0.1775	0.0701684481167363	0.2025	0.0701684481167363	0.975	0	"model660"
0	0	0	0	1	0	"model661"
0.245	0.0714920352984241	0.395	0.071492035298424	0.85	0	"model662"
0.275	0.1092906420717	0.475	0.1092906420717	0.8	0	"model663"
0.0875	0.0317323879410996	0.0875	0.0317323879410996	1	0	"model664"
0	0	0	0	1	0	"model665"
0.2075	0.0409097923621119	0.2075	0.0409097923621119	1	0	"model666"
0.2925	0.0656696276828185	0.4925	0.0656696276828185	0.8	0	"model667"
0	0	0	0	1	0	"model668"
0.07	0.0283823106098773	0.07	0.0283823106098773	1	0	"model669"
0.255	0.0743490267439849	0.655	0.0743490267439849	0.6	0	"model670"
0.08	0.0404831926716371	0.08	0.0404831926716371	1	0	"model671"
0.22	0.0468448977418507	0.22	0.0468448977418507	1	0	"model672"
0.13	0.0437797517885457	0.13	0.0437797517885457	1	0	"model673"
0.155	0.0771002233748025	0.28	0.0771002233748025	0.875	0	"model674"
0.0675	0.0289875452182101	0.0675	0.0289875452182101	1	0	"model675"
0.15	0.0471404520791032	0.15	0.0471404520791032	1	0	"model676"
0.16	0.0834998336658356	0.31	0.0834998336658357	0.85	0	"model677"
0.185	0.0567646212197547	0.235	0.0567646212197547	0.95	0	"model678"
0.0125	0.0176776695296637	0.0125	0.0176776695296637	1	0	"model679"
0.225	0.0623609564462324	0.25	0.0623609564462324	0.975	0	"model680"
0.1575	0.0601502747753953	0.2575	0.0601502747753953	0.9	0	"model681"
0.08	0.053748384988657	0.08	0.053748384988657	1	0	"model682"
0.285	0.0921954445729289	0.51	0.0921954445729289	0.775	0	"model683"
0	0	0	0	1	0	"model684"
0.2675	0.0646034914777144	0.4175	0.0646034914777144	0.85	0	"model685"
0.235	0.0658280588604383	0.26	0.0658280588604383	0.975	0	"model686"
0.155	0.0550252467307306	0.205	0.0550252467307306	0.95	0	"model687"
0.1075	0.0553398590529466	0.1075	0.0553398590529466	1	0	"model688"
0.2225	0.0299304749934466	0.3725	0.0299304749934466	0.85	0	"model689"
0.3675	0.0707597657178459	0.5925	0.0707597657178459	0.775	0	"model690"
0.2475	0.054581742979376	0.6975	0.054581742979376	0.55	0	"model691"
0.2475	0.0845330310194384	0.4475	0.0845330310194384	0.8	0	"model692"
0.2175	0.0457195557478173	0.8175	0.0457195557478173	0.4	0	"model693"
0.375	0.0513701166914081	0.625	0.0513701166914081	0.75	0	"model694"
0.165	0.0689202437604511	0.165	0.0689202437604511	1	0	"model695"
0	0	0	0	1	0	"model696"
0.3675	0.0791008498338952	0.7425	0.0791008498338952	0.625	0	"model697"
0.1025	0.0432210082662998	0.1025	0.0432210082662998	1	0	"model698"
0.06	0.0337474278855276	0.06	0.0337474278855276	1	0	"model699"
0.05	0.0117851130197758	0.05	0.0117851130197758	1	0	"model700"
0.36	0.085146931829632	0.585	0.085146931829632	0.775	0	"model701"
0	0	0	0	1	0	"model702"
0.2	0.0866025403784439	0.35	0.0866025403784439	0.85	0	"model703"
0	0	0	0	1	0	"model704"
0.1525	0.0711512473537885	0.2025	0.0711512473537885	0.95	0	"model705"
0.175	0.0849836585598798	0.3	0.0849836585598797	0.875	0	"model706"
0.155	0.112915897906362	0.305	0.112915897906362	0.85	0	"model707"
0.2575	0.0612939184947776	0.4325	0.0612939184947777	0.825	0	"model708"
0.2025	0.0869626356546304	0.3525	0.0869626356546304	0.85	0	"model709"
0.145	0.0598609499868932	0.295	0.0598609499868932	0.85	0	"model710"
0.1825	0.0540704273250278	0.2325	0.0540704273250278	0.95	0	"model711"
0.1725	0.062860073885487	0.3225	0.062860073885487	0.85	0	"model712"
0.26	0.0591607978309962	0.885	0.0591607978309962	0.375	0	"model713"
0.0475	0.0218898758942728	0.0475	0.0218898758942728	1	0	"model714"
0.0275	0.0299304749934466	0.0275	0.0299304749934466	1	0	"model715"
0.195	0.0674948557710553	0.345	0.0674948557710553	0.85	0	"model716"
0.1525	0.0558395518925032	0.1525	0.0558395518925032	1	0	"model717"
0.1725	0.0570696455608798	0.1725	0.0570696455608798	1	0	"model718"
0.19	0.0747217059048663	0.19	0.0747217059048663	1	0	"model719"
0.3025	0.0398782870466847	0.5025	0.0398782870466847	0.8	0	"model720"
0.2375	0.0689706056551952	0.8375	0.0689706056551952	0.4	0	"model721"
0.1975	0.0785723304421544	0.2475	0.0785723304421544	0.95	0	"model722"
0.1825	0.0565808173225599	0.1825	0.0565808173225599	1	0	"model723"
0.12	0.0839973544556944	0.245	0.0839973544556944	0.875	0	"model724"
0.265	0.0337474278855276	0.915	0.0337474278855276	0.35	0	"model725"
0.1875	0.0756912588524373	0.1875	0.0756912588524373	1	0	"model726"
0.2675	0.0409097923621119	0.4675	0.0409097923621119	0.8	0	"model727"
0.265	0.0891316130474729	0.465	0.0891316130474729	0.8	0	"model728"
0.125	0.0716860438920219	0.125	0.0716860438920219	1	0	"model729"
0.1025	0.0492301849591398	0.1025	0.0492301849591398	1	0	"model730"
0.195	0.0724568837309472	0.295	0.0724568837309472	0.9	0	"model731"
0.2525	0.0519748870983756	0.9025	0.0519748870983756	0.35	0	"model732"
0.2175	0.0717344640555245	0.4175	0.0717344640555245	0.8	0	"model733"
0.115	0.0444097086482474	0.115	0.0444097086482474	1	0	"model734"
0	0	0	0	1	0	"model735"
0.1825	0.0565808173225599	0.2325	0.0565808173225599	0.95	0	"model736"
0.2825	0.0677515887472595	0.7325	0.0677515887472595	0.55	0	"model737"
0	0	0	0	1	0	"model738"
0	0	0	0	1	0	"model739"
0.1725	0.0650320433837556	0.1725	0.0650320433837556	1	0	"model740"
0.2875	0.0637377439199098	0.6125	0.0637377439199098	0.675	0	"model741"
0.0675	0.0120761472884912	0.9925	0.0120761472884912	0.075	0	"model742"
0.1725	0.0558395518925032	0.1725	0.0558395518925032	1	0	"model743"
0.105	0.0453382350291181	0.105	0.0453382350291181	1	0	"model744"
0.0775	0.0380970981688749	0.0775	0.0380970981688749	1	0	"model745"
0.1075	0.0409097923621119	0.1075	0.0409097923621119	1	0	"model746"
0.18	0.0562731433871138	0.23	0.0562731433871138	0.95	0	"model747"
0.155	0.112915897906362	0.28	0.112915897906362	0.875	0	"model748"
0.095	0.0258198889747161	0.095	0.0258198889747161	1	0	"model749"
0.135	0.0747217059048663	0.26	0.0747217059048663	0.875	0	"model750"
0.1825	0.072696094958548	0.1825	0.072696094958548	1	0	"model751"
0.045	0.0421637021355784	0.045	0.0421637021355784	1	0	"model752"
0.055	0.0437797517885457	0.055	0.0437797517885457	1	0	"model753"
0.16	0.052967495273569	0.16	0.052967495273569	1	0	"model754"
0.3975	0.0861603801704189	0.6475	0.0861603801704189	0.75	0	"model755"
0.3075	0.0890146679548439	0.8075	0.0890146679548439	0.5	0	"model756"
0.12	0.0468448977418507	0.12	0.0468448977418507	1	0	"model757"
0.05	0.0235702260395516	0.05	0.0235702260395516	1	0	"model758"
0	0	0	0	1	0	"model759"
0.0325	0.0205818150587141	0.0325	0.0205818150587141	1	0	"model760"
0.135	0.0459468291736341	0.235	0.0459468291736341	0.9	0	"model761"
0.36	0.108781125813871	0.61	0.108781125813871	0.75	0	"model762"
0.14	0.0502770104299945	0.14	0.0502770104299945	1	0	"model763"
0.225	0.0471404520791032	0.825	0.0471404520791032	0.4	0	"model764"
0.29	0.0647645307590848	0.665	0.0647645307590848	0.625	0	"model765"
0.135	0.0394405318873308	0.135	0.0394405318873308	1	0	"model766"
0.1725	0.0639552795144996	0.2225	0.0639552795144996	0.95	0	"model767"
0.12	0.0562731433871138	0.12	0.0562731433871138	1	0	"model768"
-0.0025	0.00790569415042095	0.9975	0.00790569415042095	0	0	"model769"
0.1125	0.085187701251087	0.6625	0.085187701251087	0.45	0	"model770"
0.075	0.0263523138347365	0.075	0.0263523138347365	1	0	"model771"
0.1475	0.0606103218198939	0.2975	0.0606103218198939	0.85	0	"model772"
0	0	0	0	1	0	"model773"
0.24	0.0973253421377095	0.29	0.0973253421377095	0.95	0	"model774"
0	0	0	0	1	0	"model775"
0.095	0.0404831926716371	0.095	0.0404831926716371	1	0	"model776"
0.1475	0.0916287800493564	0.2975	0.0916287800493564	0.85	0	"model777"
0.0025	0.00790569415042095	0.0025	0.00790569415042095	1	0	"model778"
0.3625	0.0801474335902973	0.5625	0.0801474335902973	0.8	0	"model779"
0.355	0.0586893895388634	0.855	0.0586893895388634	0.5	0	"model780"
0.2375	0.048947250518628	0.4375	0.048947250518628	0.8	0	"model781"
0.125	0.0697216688778396	0.25	0.0697216688778396	0.875	0	"model782"
0.1125	0.0444878260501305	0.1125	0.0444878260501305	1	0	"model783"
0.1725	0.0660912668629945	0.1975	0.0660912668629945	0.975	0	"model784"
0.0675	0.0120761472884912	0.9925	0.0120761472884912	0.075	0	"model785"
0.1675	0.0825378700960959	0.3175	0.0825378700960959	0.85	0	"model786"
0.14	0.0316227766016838	0.14	0.0316227766016838	1	0	"model787"
0.17	0.0510990323891863	0.195	0.0510990323891863	0.975	0	"model788"
0	0	1	0	0	0	"model789"
0.3825	0.106751268532666	0.6075	0.106751268532666	0.775	0	"model790"
0.1875	0.0648181216087669	0.2125	0.0648181216087669	0.975	0	"model791"
0.19	0.052967495273569	0.215	0.052967495273569	0.975	0	"model792"
0.08	0.0368932393686311	0.08	0.0368932393686311	1	0	"model793"
0.04	0.0268741924943285	0.04	0.0268741924943285	1	0	"model794"
0.1725	0.0275126233653653	0.9475	0.0275126233653653	0.225	0	"model795"
0.19	0.0614636297152859	0.215	0.0614636297152859	0.975	0	"model796"
0.3175	0.077325071397747	0.5175	0.077325071397747	0.8	0	"model797"
0.1225	0.0398782870466847	0.1225	0.0398782870466847	1	0	"model798"
0.1975	0.0749536894058962	0.1975	0.0749536894058962	1	0	"model799"
0.19	0.0210818510677892	0.965	0.0210818510677892	0.225	0	"model800"
0.2325	0.0687689367859259	0.4325	0.0687689367859259	0.8	0	"model801"
0.2425	0.0577951362813323	0.3925	0.0577951362813323	0.85	0	"model802"
0.11	0.0394405318873308	0.11	0.0394405318873308	1	0	"model803"
0.16	0.0699205898780101	0.185	0.0699205898780101	0.975	0	"model804"
0.145	0.0421637021355784	0.145	0.0421637021355784	1	0	"model805"
0.2825	0.066718729670827	0.7075	0.066718729670827	0.575	0	"model806"
0.3575	0.0612939184947776	0.5825	0.0612939184947777	0.775	0	"model807"
0	0	0	0	1	0	"model808"
0.1975	0.107658152398124	0.3225	0.107658152398124	0.875	0	"model809"
0.1875	0.0358430219460109	0.2375	0.035843021946011	0.95	0	"model810"
0.1575	0.0553398590529466	0.1575	0.0553398590529466	1	0	"model811"
0.1325	0.0472140515807176	0.2325	0.0472140515807177	0.9	0	"model812"
0	0	1	0	0	0	"model813"
0.19	0.0474341649025257	0.19	0.0474341649025257	1	0	"model814"
0.0675	0.0553398590529466	0.0675	0.0553398590529466	1	0	"model815"
0.155	0.0685160159703149	0.255	0.0685160159703149	0.9	0	"model816"
0.33	0.0724568837309472	0.53	0.0724568837309472	0.8	0	"model817"
0	0	0	0	1	0	"model818"
0.125	0.0612372435695795	0.25	0.0612372435695794	0.875	0	"model819"
0.3875	0.0460223375716136	0.9125	0.0460223375716136	0.475	0	"model820"
0.165	0.0668746754924629	0.615	0.0668746754924629	0.55	0	"model821"
0.0025	0.00790569415042095	0.0025	0.00790569415042095	1	0	"model822"
0.2625	0.0517069735249619	0.3125	0.0517069735249619	0.95	0	"model823"
0.225	0.052704627669473	0.775	0.052704627669473	0.45	0	"model824"
0.03	0.0283823106098773	0.03	0.0283823106098773	1	0	"model825"
0.0675	0.0120761472884912	0.9925	0.0120761472884912	0.075	0	"model826"
0.1225	0.0967887160548974	0.2475	0.0967887160548974	0.875	0	"model827"
0.1725	0.0701684481167363	0.7475	0.0701684481167363	0.425	0	"model828"
0.1125	0.0377307714089059	0.1125	0.0377307714089059	1	0	"model829"
0.205	0.0771002233748025	0.23	0.0771002233748025	0.975	0	"model830"
0.0725	0.0362284418654736	0.0725	0.0362284418654736	1	0	"model831"
0.2725	0.0837074933589846	0.6475	0.0837074933589846	0.625	0	"model832"
0	0	0	0	1	0	"model833"
0.17	0.0550252467307306	0.17	0.0550252467307306	1	0	"model834"
0.1425	0.0687689367859259	0.2425	0.0687689367859259	0.9	0	"model835"
0.065	0.0337474278855276	0.065	0.0337474278855276	1	0	"model836"
0.0725	0.0380970981688749	0.0725	0.0380970981688749	1	0	"model837"
0.15	0.0456435464587638	0.25	0.0456435464587638	0.9	0	"model838"
0.24	0.082663978450915	0.44	0.082663978450915	0.8	0	"model839"
0.05	0.0353553390593274	0.05	0.0353553390593274	1	0	"model840"
0.18	0.0977525219907679	0.38	0.0977525219907679	0.8	0	"model841"
0.075	0.0424918292799399	0.075	0.0424918292799399	1	0	"model842"
0.105	0.0788810637746615	0.105	0.0788810637746615	1	0	"model843"
0	0	0	0	1	0	"model844"
0.17	0.0610100173924104	0.17	0.0610100173924104	1	0	"model845"
0.185	0.0756453714527348	0.185	0.0756453714527348	1	0	"model846"
0.0025	0.00790569415042095	0.0025	0.00790569415042095	1	0	"model847"
0.1325	0.0816921728876831	0.2325	0.0816921728876831	0.9	0	"model848"
0.08	0.0421637021355784	0.08	0.0421637021355784	1	0	"model849"
0.1375	0.0503460248899774	0.1375	0.0503460248899774	1	0	"model850"
0.1875	0.0568257570707744	0.3125	0.0568257570707744	0.875	0	"model851"
0.13	0.0453382350291181	0.13	0.0453382350291181	1	0	"model852"
0.02	0.0258198889747161	0.02	0.0258198889747161	1	0	"model853"
0	0	0	0	1	0	"model854"
0.2025	0.044798933519052	0.3525	0.044798933519052	0.85	0	"model855"
0.14	0.0699205898780101	0.14	0.0699205898780101	1	0	"model856"
0.3525	0.0967887160548974	0.5775	0.0967887160548974	0.775	0	"model857"
0.0575	0.0334373377462315	0.0575	0.0334373377462315	1	0	"model858"
0.17	0.0632455532033676	0.32	0.0632455532033676	0.85	0	"model859"
0.175	0.0235702260395516	0.975	0.0235702260395516	0.2	0	"model860"
0.07	0.0404831926716371	0.07	0.0404831926716371	1	0	"model861"
0.155	0.0998610145263016	0.28	0.0998610145263016	0.875	0	"model862"
0.3275	0.0785723304421544	0.5525	0.0785723304421544	0.775	0	"model863"
0.2775	0.0275126233653653	0.9525	0.0275126233653653	0.325	0	"model864"
0.1875	0.0176776695296637	0.9875	0.0176776695296637	0.2	0	"model865"
0.1925	0.0589844612306213	0.3175	0.0589844612306213	0.875	0	"model866"
0.0625	0.0460223375716136	0.0625	0.0460223375716136	1	0	"model867"
0	0	0	0	1	0	"model868"
0.115	0.0502770104299945	0.115	0.0502770104299945	1	0	"model869"
0.115	0.0129099444873581	0.99	0.0129099444873581	0.125	0	"model870"
0.195	0.0468448977418507	0.245	0.0468448977418507	0.95	0	"model871"
0.395	0.0586893895388634	0.62	0.0586893895388634	0.775	0	"model872"
0.0975	0.0492301849591398	0.0975	0.0492301849591398	1	0	"model873"
0.2	0.0513701166914081	0.35	0.0513701166914081	0.85	0	"model874"
0	0	0	0	1	0	"model875"
0.1425	0.0745821694508815	0.2675	0.0745821694508815	0.875	0	"model876"
0.1675	0.0646034914777144	0.1675	0.0646034914777144	1	0	"model877"
0.195	0.0734090518184841	0.22	0.0734090518184841	0.975	0	"model878"
0.3775	0.062860073885487	0.7775	0.062860073885487	0.6	0	"model879"
0	0	0	0	1	0	"model880"
0.1375	0.0555902669338597	0.2875	0.0555902669338597	0.85	0	"model881"
0.0975	0.0362284418654736	0.0975	0.0362284418654736	1	0	"model882"
0.27	0.0437797517885457	0.92	0.0437797517885457	0.35	0	"model883"
0.1575	0.0237170824512628	0.9825	0.0237170824512628	0.175	0	"model884"
0.015	0.0174801474695025	0.015	0.0174801474695025	1	0	"model885"
0.1675	0.0687689367859259	0.2675	0.0687689367859259	0.9	0	"model886"
0.1575	0.063519463333865	0.3075	0.063519463333865	0.85	0	"model887"
0.105	0.0468448977418507	0.105	0.0468448977418507	1	0	"model888"
0.29	0.0591607978309962	0.49	0.0591607978309962	0.8	0	"model889"
0.13	0.0368932393686311	0.13	0.0368932393686311	1	0	"model890"
0.135	0.0603232035695129	0.285	0.0603232035695129	0.85	0	"model891"
0.2175	0.073645170317619	0.6675	0.073645170317619	0.55	0	"model892"
0	0	0	0	1	0	"model893"
0.0775	0.0432210082662998	0.0775	0.0432210082662998	1	0	"model894"
0.1275	0.054581742979376	0.2775	0.054581742979376	0.85	0	"model895"
0.12	0.0524404424085076	0.12	0.0524404424085076	1	0	"model896"
0.04	0.0241522945769824	0.04	0.0241522945769824	1	0	"model897"
0.1875	0.0756912588524373	0.3375	0.0756912588524373	0.85	0	"model898"
0.45	0.0942809041582063	0.725	0.0942809041582063	0.725	0	"model899"
0.195	0.0695221787153807	0.345	0.0695221787153807	0.85	0	"model900"
0.255	0.0497214463005877	0.905	0.0497214463005877	0.35	0	"model901"
0.07	0.0387298334620742	0.07	0.0387298334620742	1	0	"model902"
0.3525	0.0730772042279792	0.5775	0.0730772042279792	0.775	0	"model903"
0	0	0	0	1	0	"model904"
0.3725	0.0606103218198939	0.5975	0.060610321819894	0.775	0	"model905"
0	0	0	0	1	0	"model906"
0.2025	0.0606103218198939	0.7775	0.0606103218198939	0.425	0	"model907"
0	0	0	0	1	0	"model908"
0	0	0	0	1	0	"model909"
0.125	0.0857969178415583	0.275	0.0857969178415583	0.85	0	"model910"
0.17	0.053748384988657	0.17	0.053748384988657	1	0	"model911"
0.2825	0.0707597657178459	0.4825	0.0707597657178459	0.8	0	"model912"
0.1775	0.0532942565177316	0.1775	0.0532942565177316	1	0	"model913"
0.29	0.0210818510677892	0.965	0.0210818510677892	0.325	0	"model914"
0	0	0	0	1	0	"model915"
0.17	0.0771002233748025	0.22	0.0771002233748025	0.95	0	"model916"
0.3275	0.047798767999	0.5275	0.0477987679989999	0.8	0	"model917"
0.2375	0.0801474335902973	0.4375	0.0801474335902973	0.8	0	"model918"
0.1725	0.0463231403656243	0.1725	0.0463231403656243	1	0	"model919"
0.3375	0.0517069735249619	0.8375	0.0517069735249619	0.5	0	"model920"
0.1875	0.0580349511549338	0.1875	0.0580349511549338	1	0	"model921"
0.02	0.0197202659436654	0.02	0.0197202659436654	1	0	"model922"
0.2575	0.0553398590529466	0.4075	0.0553398590529466	0.85	0	"model923"
0.1825	0.0935785469241986	0.3325	0.0935785469241986	0.85	0	"model924"
0	0	0	0	1	0	"model925"
0.135	0.0428174419288838	0.135	0.0428174419288838	1	0	"model926"
0.0325	0.0264837476367845	0.0325	0.0264837476367845	1	0	"model927"
0	0	0	0	1	0	"model928"
0.1625	0.0792762399601685	0.2875	0.0792762399601685	0.875	0	"model929"
0.2175	0.0527704673299586	0.8175	0.0527704673299585	0.4	0	"model930"
0.0775	0.0380970981688749	0.0775	0.0380970981688749	1	0	"model931"
0.1675	0.0441745276023286	0.3425	0.0441745276023286	0.825	0	"model932"
0.295	0.0664580067912563	0.52	0.0664580067912563	0.775	0	"model933"
0	0	0	0	1	0	"model934"
0.2925	0.0965012953280939	0.4925	0.0965012953280939	0.8	0	"model935"
0.2325	0.0601502747753953	0.7075	0.0601502747753953	0.525	0	"model936"
0.3725	0.0811805258530504	0.7725	0.0811805258530504	0.6	0	"model937"
0.305	0.0779957263786506	0.53	0.0779957263786506	0.775	0	"model938"
0.185	0.0241522945769824	0.96	0.0241522945769824	0.225	0	"model939"
0.3325	0.0553398590529466	0.5575	0.0553398590529466	0.775	0	"model940"
0.195	0.0283823106098773	0.195	0.0283823106098773	1	0	"model941"
0	0	0	0	1	0	"model942"
0.1475	0.0803205384001433	0.2975	0.0803205384001433	0.85	0	"model943"
0.2725	0.0463231403656243	0.9225	0.0463231403656243	0.35	0	"model944"
0.1625	0.060380736442456	0.2625	0.060380736442456	0.9	0	"model945"
0	0	0	0	1	0	"model946"
0.18	0.0598609499868932	0.33	0.0598609499868932	0.85	0	"model947"
0.1025	0.0776834745761428	0.2525	0.0776834745761428	0.85	0	"model948"
0.125	0.0424918292799399	0.125	0.0424918292799399	1	0	"model949"
0	0	0	0	1	0	"model950"
0	0	0	0	1	0	"model951"
0.2475	0.0691716865648238	0.3975	0.0691716865648238	0.85	0	"model952"
0.1875	0.060380736442456	0.7625	0.060380736442456	0.425	0	"model953"
0.0325	0.0205818150587141	0.0325	0.0205818150587141	1	0	"model954"
0.245	0.0404831926716371	0.395	0.0404831926716371	0.85	0	"model955"
0.2625	0.0377307714089059	0.8875	0.0377307714089059	0.375	0	"model956"
0.195	0.0586893895388634	0.22	0.0586893895388634	0.975	0	"model957"
0.1125	0.0338501600193165	0.1125	0.0338501600193165	1	0	"model958"
0.2625	0.0615200960843058	0.4625	0.0615200960843058	0.8	0	"model959"
0.15	0.0666666666666667	0.275	0.0666666666666667	0.875	0	"model960"
0.23	0.0752772652709081	0.68	0.0752772652709081	0.55	0	"model961"
0	0	0	0	1	0	"model962"
0	0	0	0	1	0	"model963"
0.2075	0.0577951362813323	0.2075	0.0577951362813323	1	0	"model964"
0.14	0.0843274042711568	0.265	0.0843274042711568	0.875	0	"model965"
0.2075	0.0745821694508815	0.2075	0.0745821694508815	1	0	"model966"
0.1475	0.047798767999	0.1475	0.047798767999	1	0	"model967"
0.2275	0.0415832498329155	0.9025	0.0415832498329155	0.325	0	"model968"
0.1275	0.0650320433837556	0.6525	0.0650320433837556	0.475	0	"model969"
0.1775	0.047798767999	0.1775	0.047798767999	1	0	"model970"
0.1825	0.077325071397747	0.3075	0.077325071397747	0.875	0	"model971"
0	0	0	0	1	0	"model972"
0.2675	0.0882310728837762	0.4675	0.0882310728837762	0.8	0	"model973"
0	0	0	0	1	0	"model974"
0.19	0.0867627672321358	0.315	0.0867627672321358	0.875	0	"model975"
0.1375	0.0317323879410996	0.1625	0.0317323879410996	0.975	0	"model976"
0.16	0.0241522945769824	0.985	0.0241522945769824	0.175	0	"model977"
0.1525	0.0432210082662998	0.1525	0.0432210082662998	1	0	"model978"
0.145	0.0421637021355784	0.145	0.0421637021355784	1	0	"model979"
0.135	0.0444097086482474	0.135	0.0444097086482474	1	0	"model980"
0.0375	0.0317323879410996	0.0375	0.0317323879410996	1	0	"model981"
0.0025	0.00790569415042095	0.0025	0.00790569415042095	1	0	"model982"
0	0	0	0	1	0	"model983"
0.2725	0.0606103218198939	0.4725	0.0606103218198939	0.8	0	"model984"
0.1225	0.0532942565177316	0.1225	0.0532942565177316	1	0	"model985"
0.0325	0.0237170824512628	0.0325	0.0237170824512628	1	0	"model986"
0.01	0.0174801474695025	0.01	0.0174801474695025	1	0	"model987"
0	0	0	0	1	0	"model988"
0	0	0	0	1	0	"model989"
0.11	0.0474341649025257	0.11	0.0474341649025257	1	0	"model990"
0.325	0.05	0.525	0.05	0.8	0	"model991"
0.06	0.0428174419288838	0.06	0.0428174419288838	1	0	"model992"
0.0425	0.0264837476367845	0.0425	0.0264837476367845	1	0	"model993"
0	0	0	0	1	0	"model994"
0.09	0.0129099444873581	0.99	0.0129099444873581	0.1	0	"model995"
0.15	0.0540061724867322	0.3	0.0540061724867322	0.85	0	"model996"
0.155	0.0654047229011619	0.23	0.0654047229011619	0.925	0	"model997"
0.1825	0.0782180002017154	0.1825	0.0782180002017154	1	0	"model998"
0.04	0.0268741924943285	0.04	0.0268741924943285	1	0	"model999"
0.0375	0.0270030862433661	0.0375	0.0270030862433661	1	0	"model1000"
