"TSS.MN"	"TSS.sd"	"speci.MN"	"speci.sd"	"sensi.MN"	"sensi.sd"	"model"
0.0625	0	1	0	0.0625	0	"model1"
0.74875	0.0285348227804399	0.94875	0.0285348227804399	0.8	0	"model2"
0.86625	0.0276699295264733	0.92875	0.0276699295264733	0.9375	0	"model3"
0.1475	0.00527046276694729	0.9975	0.00527046276694728	0.15	0	"model4"
0.82125	0.0243313355344274	0.93375	0.0243313355344274	0.8875	0	"model5"
0	0	1	0	0	0	"model6"
0.0125	0	1	0	0.0125	0	"model7"
0.38875	0.00709557765246934	0.98875	0.00709557765246933	0.4	0	"model8"
0.8825	0.0289875452182102	0.92	0.0289875452182101	0.9625	0	"model9"
0.11125	0.00395284707521047	0.99875	0.00395284707521046	0.1125	0	"model10"
0.83	0.0277638854149295	0.83	0.0277638854149295	1	0	"model11"
0.79625	0.0156458194629321	0.94625	0.0156458194629321	0.85	0	"model12"
0.61	0.0129099444873581	0.9725	0.0129099444873581	0.6375	0	"model13"
0.1725	0.00527046276694729	0.9975	0.00527046276694728	0.175	0	"model14"
0	0	1	0	0	0	"model15"
0	0	1	0	0	0	"model16"
0	0	1	0	0	0	"model17"
0	0	1	0	0	0	"model18"
0.89375	0.0179215109730055	0.89375	0.0179215109730055	1	0	"model19"
0.20875	0.00843685697138191	0.99625	0.00843685697138191	0.2125	0	"model20"
0.88375	0.0288975681406662	0.93375	0.0288975681406662	0.95	0	"model21"
0	0	1	0	0	0	"model22"
0.85125	0.0246150924795699	0.93875	0.0246150924795699	0.9125	0	"model23"
0	0	1	0	0	0	"model24"
0.89875	0.022399466759526	0.93625	0.022399466759526	0.9625	0	"model25"
0	0	1	0	0	0	"model26"
0.67625	0.0199391435233423	0.96375	0.0199391435233423	0.7125	0	"model27"
0	0	1	0	0	0	"model28"
0.82875	0.0294922306153107	0.94125	0.0294922306153106	0.8875	0	"model29"
0	0	1	0	0	0	"model30"
0	0	1	0	0	0	"model31"
0	0	1	0	0	0	"model32"
0.42625	0.016083549221349	0.98875	0.016083549221349	0.4375	0	"model33"
0	0	1	0	0	0	"model34"
0.90375	0.0276699295264733	0.94125	0.0276699295264733	0.9625	0	"model35"
0	0	1	0	0	0	"model36"
0	0	1	0	0	0	"model37"
0.78625	0.0207916249164577	0.93625	0.0207916249164577	0.85	0	"model38"
0.03625	0.00395284707521047	0.99875	0.00395284707521046	0.0375	0	"model39"
0	0	1	0	0	0	"model40"
0.45125	0.0109449379471364	0.98875	0.0109449379471364	0.4625	0	"model41"
0.28125	0.00883883476483182	0.99375	0.00883883476483184	0.2875	0	"model42"
0	0	1	0	0	0	"model43"
0	0	1	0	0	0	"model44"
0	0	1	0	0	0	"model45"
0	0	1	0	0	0	"model46"
0.8725	0.0234224488709253	0.935	0.0234224488709253	0.9375	0	"model47"
0	0	1	0	0	0	"model48"
0	0	1	0	0	0	"model49"
0.2025	0.00986013297183269	0.99	0.0098601329718327	0.2125	0	"model50"
0.24375	0.00883883476483185	0.99375	0.00883883476483184	0.25	0	"model51"
0.88125	0.0329403922934206	0.88125	0.0329403922934206	1	0	"model52"
0	0	1	0	0	0	"model53"
0	0	1	0	0	0	"model54"
0.0125	0	1	0	0.0125	0	"model55"
0.3825	0.00645497224367903	0.995	0.00645497224367901	0.3875	0	"model56"
0	0	1	0	0	0	"model57"
0.9175	0.0222048543241237	0.93	0.0222048543241237	0.9875	0	"model58"
0	0	1	0	0	0	"model59"
0	0	1	0	0	0	"model60"
0	0	1	0	0	0	"model61"
0	0	1	0	0	0	"model62"
0.48	0.0134370962471642	0.9925	0.0134370962471642	0.4875	0	"model63"
0	0	1	0	0	0	"model64"
0	0	1	0	0	0	"model65"
0.06	0.0052704627669473	0.9975	0.00527046276694728	0.0625	0	"model66"
0	0	1	0	0	0	"model67"
0.905	0.0197202659436654	0.93	0.0197202659436654	0.975	0	"model68"
0	0	1	0	0	0	"model69"
0	0	1	0	0	0	"model70"
0.65	0.0117851130197758	0.975	0.0117851130197758	0.675	0	"model71"
0	0	1	0	0	0	"model72"
0	0	1	0	0	0	"model73"
0.02375	0.00395284707521047	0.99875	0.00395284707521046	0.025	0	"model74"
0.49	0.0114867072934085	0.99	0.0114867072934085	0.5	0	"model75"
0.66625	0.0102909075293571	0.97875	0.0102909075293571	0.6875	0	"model76"
0.86125	0.022399466759526	0.92375	0.022399466759526	0.9375	0	"model77"
0	0	1	0	0	0	"model78"
0.0625	0	1	0	0.0625	0	"model79"
0	0	1	0	0	0	"model80"
0.025	0	1	0	0.025	0	"model81"
0	0	1	0	0	0	"model82"
0.8875	0.0348608344389198	0.9125	0.0348608344389198	0.975	0	"model83"
0.58625	0.00922330984215779	0.98625	0.00922330984215779	0.6	0	"model84"
0	0	1	0	0	0	"model85"
0	0	1	0	0	0	"model86"
0	0	1	0	0	0	"model87"
0.39625	0.0060380736442456	0.99625	0.00603807364424558	0.4	0	"model88"
0.24875	0.00395284707521048	0.99875	0.00395284707521046	0.25	0	"model89"
0.4125	0.00589255650988789	0.9875	0.0058925565098879	0.425	0	"model90"
0	0	1	0	0	0	"model91"
0.085	0.0052704627669473	0.9975	0.00527046276694728	0.0875	0	"model92"
0.5975	0.0098601329718327	0.985	0.00986013297183271	0.6125	0	"model93"
0.845	0.0344601218802255	0.845	0.0344601218802255	1	0	"model94"
0.89875	0.0285348227804399	0.93625	0.0285348227804399	0.9625	0	"model95"
0.025	0	1	0	0.025	0	"model96"
0	0	1	0	0	0	"model97"
0.33625	0.00395284707521048	0.99875	0.00395284707521046	0.3375	0	"model98"
0.7775	0.0141911553049387	0.9525	0.0141911553049387	0.825	0	"model99"
0	0	1	0	0	0	"model100"
0.56125	0.0109449379471364	0.98625	0.0109449379471364	0.575	0	"model101"
0.38875	0.0137563116826827	0.98875	0.0137563116826826	0.4	0	"model102"
0.39375	0.0121478164475944	0.99375	0.0121478164475944	0.4	0	"model103"
0.41875	0.00883883476483184	0.99375	0.00883883476483184	0.425	0	"model104"
0	0	1	0	0	0	"model105"
0.54	0.00986013297183271	0.99	0.0098601329718327	0.55	0	"model106"
0	0	1	0	0	0	"model107"
0	0	1	0	0	0	"model108"
0	0	1	0	0	0	"model109"
0	0	1	0	0	0	"model110"
0	0	1	0	0	0	"model111"
0	0	1	0	0	0	"model112"
0	0	1	0	0	0	"model113"
0.67625	0.0171290039925787	0.97625	0.0171290039925787	0.7	0	"model114"
0	0	1	0	0	0	"model115"
0.5875	0.0176776695296637	0.9875	0.0176776695296637	0.6	0	"model116"
0.84	0.035746017649212	0.84	0.035746017649212	1	0	"model117"
0.67625	0.0181142209327368	0.96375	0.0181142209327368	0.7125	0	"model118"
0.895	0.024438130497692	0.9325	0.0244381304976919	0.9625	0	"model119"
0.17125	0.00603807364424559	0.99625	0.00603807364424558	0.175	0	"model120"
0	0	1	0	0	0	"model121"
0	0	1	0	0	0	"model122"
0.8775	0.0367045259092421	0.8775	0.0367045259092421	1	0	"model123"
0.8575	0.0222048543241237	0.87	0.0222048543241237	0.9875	0	"model124"
0.41625	0.0118585412256314	0.99125	0.0118585412256314	0.425	0	"model125"
0	0	1	0	0	0	"model126"
0.65625	0.0147313912747198	0.96875	0.0147313912747198	0.6875	0	"model127"
0.13625	0.00395284707521048	0.99875	0.00395284707521046	0.1375	0	"model128"
0.35625	0.00658807845868413	0.99375	0.0065880784586841	0.3625	0	"model129"
0	0	1	0	0	0	"model130"
0	0	1	0	0	0	"model131"
0.02375	0.00395284707521047	0.99875	0.00395284707521046	0.025	0	"model132"
0	0	1	0	0	0	"model133"
0	0	1	0	0	0	"model134"
0.025	0	1	0	0.025	0	"model135"
0	0	1	0	0	0	"model136"
0	0	1	0	0	0	"model137"
0	0	1	0	0	0	"model138"
0.78125	0.0214492294603896	0.95625	0.0214492294603896	0.825	0	"model139"
0	0	1	0	0	0	"model140"
0.3425	0.0105409255338946	0.9925	0.0105409255338946	0.35	0	"model141"
0	0	1	0	0	0	"model142"
0.36125	0.0137563116826827	0.98625	0.0137563116826827	0.375	0	"model143"
0.51	0.0153659074288215	0.985	0.0153659074288215	0.525	0	"model144"
0	0	1	0	0	0	"model145"
0	0	1	0	0	0	"model146"
0.755	0.0222048543241237	0.9425	0.0222048543241237	0.8125	0	"model147"
0	0	1	0	0	0	"model148"
0	0	1	0	0	0	"model149"
0.12375	0.00395284707521047	0.99875	0.00395284707521046	0.125	0	"model150"
0	0	1	0	0	0	"model151"
0.335	0.0052704627669473	0.9975	0.00527046276694728	0.3375	0	"model152"
0.29125	0.00843685697138191	0.99125	0.0084368569713819	0.3	0	"model153"
0	0	1	0	0	0	"model154"
0.90375	0.0288975681406662	0.91625	0.0288975681406662	0.9875	0	"model155"
0.155	0.00645497224367903	0.9925	0.00645497224367901	0.1625	0	"model156"
0.50375	0.010290907529357	0.99125	0.0102909075293571	0.5125	0	"model157"
0.025	0	1	0	0.025	0	"model158"
0.86875	0.0206239477846076	0.93125	0.0206239477846076	0.9375	0	"model159"
0	0	1	0	0	0	"model160"
0.9	0.0228217732293819	0.9375	0.0228217732293819	0.9625	0	"model161"
0.135	0.0052704627669473	0.9975	0.00527046276694728	0.1375	0	"model162"
0.31625	0.0102909075293571	0.99125	0.0102909075293571	0.325	0	"model163"
0.83875	0.0491066017286203	0.83875	0.0491066017286203	1	0	"model164"
0	0	1	0	0	0	"model165"
0.85625	0.025853486762481	0.91875	0.025853486762481	0.9375	0	"model166"
0	0	1	0	0	0	"model167"
0.2175	0.00645497224367903	0.9925	0.00645497224367901	0.225	0	"model168"
0	0	1	0	0	0	"model169"
0.86375	0.0190485490844374	0.92625	0.0190485490844374	0.9375	0	"model170"
0.885	0.0234224488709253	0.9225	0.0234224488709253	0.9625	0	"model171"
0.64375	0.010622957319985	0.96875	0.010622957319985	0.675	0	"model172"
0.8325	0.0312916389258643	0.9325	0.0312916389258643	0.9	0	"model173"
0	0	1	0	0	0	"model174"
0	0	1	0	0	0	"model175"
0.85625	0.0251730124449887	0.85625	0.0251730124449887	1	0	"model176"
0	0	1	0	0	0	"model177"
0	0	1	0	0	0	"model178"
0	0	1	0	0	0	"model179"
0	0	1	0	0	0	"model180"
0.18	0.00874007373475126	0.9925	0.00874007373475126	0.1875	0	"model181"
0.1725	0.00527046276694729	0.9975	0.00527046276694728	0.175	0	"model182"
0	0	1	0	0	0	"model183"
0.88375	0.0282904086612799	0.88375	0.0282904086612799	1	0	"model184"
0	0	1	0	0	0	"model185"
0.63375	0.020454896181056	0.97125	0.020454896181056	0.6625	0	"model186"
0	0	1	0	0	0	"model187"
0	0	1	0	0	0	"model188"
0	0	1	0	0	0	"model189"
0.875	0.0420812705765087	0.9125	0.0420812705765087	0.9625	0	"model190"
0.86125	0.0190485490844374	0.92375	0.0190485490844374	0.9375	0	"model191"
0	0	1	0	0	0	"model192"
0	0	1	0	0	0	"model193"
0.86875	0.030190368221228	0.93125	0.030190368221228	0.9375	0	"model194"
0	0	1	0	0	0	"model195"
0	0	1	0	0	0	"model196"
0	0	1	0	0	0	"model197"
0.70125	0.0124303615751469	0.97625	0.0124303615751469	0.725	0	"model198"
0.1575	0.00645497224367903	0.995	0.00645497224367901	0.1625	0	"model199"
0	0	1	0	0	0	"model200"
0	0	1	0	0	0	"model201"
0.79125	0.0276699295264733	0.95375	0.0276699295264733	0.8375	0	"model202"
0	0	1	0	0	0	"model203"
0.64375	0.013501543121683	0.98125	0.0135015431216831	0.6625	0	"model204"
0	0	1	0	0	0	"model205"
0	0	1	0	0	0	"model206"
0.4025	0.00790569415042093	0.99	0.00790569415042094	0.4125	0	"model207"
0	0	1	0	0	0	"model208"
0.7525	0.0193649167310371	0.965	0.0193649167310371	0.7875	0	"model209"
0.7925	0.0168737139427638	0.9425	0.0168737139427638	0.85	0	"model210"
0	0	1	0	0	0	"model211"
0.87125	0.0288975681406662	0.87125	0.0288975681406662	1	0	"model212"
0.85125	0.0458143900246782	0.85125	0.0458143900246782	1	0	"model213"
0.87375	0.0335668901018714	0.88625	0.0335668901018714	0.9875	0	"model214"
0.16125	0.00395284707521048	0.99875	0.00395284707521046	0.1625	0	"model215"
0.64625	0.0156458194629321	0.97125	0.0156458194629322	0.675	0	"model216"
0.905	0.0222048543241237	0.93	0.0222048543241237	0.975	0	"model217"
0	0	1	0	0	0	"model218"
0.3175	0.0120761472884912	0.9925	0.0120761472884912	0.325	0	"model219"
0	0	1	0	0	0	"model220"
0	0	1	0	0	0	"model221"
0	0	1	0	0	0	"model222"
0	0	1	0	0	0	"model223"
0	0	1	0	0	0	"model224"
0	0	1	0	0	0	"model225"
0	0	1	0	0	0	"model226"
0.9025	0.0398782870466847	0.9275	0.0398782870466847	0.975	0	"model227"
0.48625	0.0171290039925787	0.98625	0.0171290039925787	0.5	0	"model228"
0	0	1	0	0	0	"model229"
0	0	1	0	0	0	"model230"
0	0	1	0	0	0	"model231"
0.33875	0.0109449379471364	0.98875	0.0109449379471364	0.35	0	"model232"
0	0	1	0	0	0	"model233"
0	0	1	0	0	0	"model234"
0.3425	0.00874007373475124	0.9925	0.00874007373475126	0.35	0	"model235"
0.8625	0.0242956328951888	0.8625	0.0242956328951888	1	0	"model236"
0	0	1	0	0	0	"model237"
0	0	1	0	0	0	"model238"
0	0	1	0	0	0	"model239"
0	0	1	0	0	0	"model240"
0.1975	0.0052704627669473	0.9975	0.00527046276694728	0.2	0	"model241"
0.3825	0.00645497224367903	0.995	0.00645497224367901	0.3875	0	"model242"
0.585	0.0129099444873581	0.985	0.0129099444873581	0.6	0	"model243"
0.88125	0.0296097300073998	0.89375	0.0296097300073998	0.9875	0	"model244"
0.1575	0.00874007373475126	0.995	0.00874007373475126	0.1625	0	"model245"
0	0	1	0	0	0	"model246"
0.14625	0.00603807364424559	0.99625	0.00603807364424558	0.15	0	"model247"
0	0	1	0	0	0	"model248"
0	0	1	0	0	0	"model249"
0	0	1	0	0	0	"model250"
0	0	1	0	0	0	"model251"
0.0625	0	1	0	0.0625	0	"model252"
0.565	0.0153659074288215	0.9775	0.0153659074288215	0.5875	0	"model253"
0	0	1	0	0	0	"model254"
0	0	1	0	0	0	"model255"
0.5	0.00833333333333332	0.9875	0.00833333333333334	0.5125	0	"model256"
0.6575	0.022973414586817	0.97	0.022973414586817	0.6875	0	"model257"
0.55875	0.0195877654559052	0.98375	0.0195877654559053	0.575	0	"model258"
0.4	0.0155902391115581	0.9875	0.0155902391115581	0.4125	0	"model259"
0.76	0.0174801474695025	0.96	0.0174801474695025	0.8	0	"model260"
0.77375	0.0181142209327368	0.97375	0.0181142209327368	0.8	0	"model261"
0.54375	0.010622957319985	0.98125	0.010622957319985	0.5625	0	"model262"
0.0475	0.0052704627669473	0.9975	0.00527046276694728	0.05	0	"model263"
0	0	1	0	0	0	"model264"
0.41	0.00986013297183268	0.985	0.00986013297183271	0.425	0	"model265"
0.39375	0.00883883476483185	0.99375	0.00883883476483184	0.4	0	"model266"
0	0	1	0	0	0	"model267"
0	0	1	0	0	0	"model268"
0.50875	0.0156458194629322	0.98375	0.0156458194629322	0.525	0	"model269"
0.23625	0.00395284707521047	0.99875	0.00395284707521046	0.2375	0	"model270"
0.43875	0.0137563116826827	0.98875	0.0137563116826826	0.45	0	"model271"
0.04625	0.0060380736442456	0.99625	0.00603807364424558	0.05	0	"model272"
0.625	0.0176776695296637	0.975	0.0176776695296637	0.65	0	"model273"
0.80625	0.0258534867624809	0.93125	0.0258534867624809	0.875	0	"model274"
0.075	0	1	0	0.075	0	"model275"
0.865	0.035256993002177	0.865	0.035256993002177	1	0	"model276"
0.40625	0.00883883476483182	0.99375	0.00883883476483184	0.4125	0	"model277"
0	0	1	0	0	0	"model278"
0	0	1	0	0	0	"model279"
0.82625	0.0190485490844374	0.93875	0.0190485490844374	0.8875	0	"model280"
0	0	1	0	0	0	"model281"
0.595	0.0120761472884912	0.9825	0.0120761472884912	0.6125	0	"model282"
0.87375	0.0374768447029481	0.91125	0.0374768447029481	0.9625	0	"model283"
0	0	1	0	0	0	"model284"
0.4625	0.0117851130197758	0.9875	0.0117851130197758	0.475	0	"model285"
0.8875	0.0311804782231162	0.9125	0.0311804782231162	0.975	0	"model286"
0.18375	0.0060380736442456	0.99625	0.00603807364424558	0.1875	0	"model287"
0	0	1	0	0	0	"model288"
0.86	0.0293446947694317	0.935	0.0293446947694317	0.925	0	"model289"
0	0	1	0	0	0	"model290"
0	0	1	0	0	0	"model291"
0.07375	0.00395284707521047	0.99875	0.00395284707521046	0.075	0	"model292"
0.87375	0.0325160216918778	0.89875	0.0325160216918778	0.975	0	"model293"
0	0	1	0	0	0	"model294"
0.8775	0.0385501116874013	0.8775	0.0385501116874013	1	0	"model295"
0	0	1	0	0	0	"model296"
0.04875	0.00395284707521048	0.99875	0.00395284707521046	0.05	0	"model297"
0	0	1	0	0	0	"model298"
0	0	1	0	0	0	"model299"
0.595	0.0120761472884912	0.9825	0.0120761472884912	0.6125	0	"model300"
0	0	1	0	0	0	"model301"
0	0	1	0	0	0	"model302"
0	0	1	0	0	0	"model303"
0	0	1	0	0	0	"model304"
0.145	0.00874007373475126	0.995	0.00874007373475126	0.15	0	"model305"
0	0	1	0	0	0	"model306"
0	0	1	0	0	0	"model307"
0.895	0.0329140294302192	0.92	0.0329140294302192	0.975	0	"model308"
0.88875	0.0279197759462516	0.92625	0.0279197759462516	0.9625	0	"model309"
0	0	1	0	0	0	"model310"
0.8325	0.0258198889747161	0.945	0.0258198889747161	0.8875	0	"model311"
0	0	1	0	0	0	"model312"
0	0	1	0	0	0	"model313"
0.8775	0.0419986772278472	0.8775	0.0419986772278472	1	0	"model314"
0	0	1	0	0	0	"model315"
0	0	1	0	0	0	"model316"
0.4025	0.00986013297183268	0.99	0.0098601329718327	0.4125	0	"model317"
0.235	0.0153659074288215	0.985	0.0153659074288215	0.25	0	"model318"
0	0	1	0	0	0	"model319"
0.43375	0.0118585412256314	0.98375	0.0118585412256314	0.45	0	"model320"
0	0	1	0	0	0	"model321"
0	0	1	0	0	0	"model322"
0	0	1	0	0	0	"model323"
0.52	0.0134370962471643	0.9825	0.0134370962471643	0.5375	0	"model324"
0.8725	0.0287469805177672	0.935	0.0287469805177672	0.9375	0	"model325"
0.16125	0.00395284707521048	0.99875	0.00395284707521046	0.1625	0	"model326"
0.0225	0.0052704627669473	0.9975	0.00527046276694728	0.025	0	"model327"
0	0	1	0	0	0	"model328"
0.46375	0.0137563116826826	0.98875	0.0137563116826826	0.475	0	"model329"
0	0	1	0	0	0	"model330"
0	0	1	0	0	0	"model331"
0.55125	0.00709557765246933	0.98875	0.00709557765246933	0.5625	0	"model332"
0.6725	0.0164570147151096	0.9475	0.0164570147151096	0.725	0	"model333"
0.47625	0.00922330984215776	0.98875	0.00922330984215778	0.4875	0	"model334"
0	0	1	0	0	0	"model335"
0.11125	0.00395284707521047	0.99875	0.00395284707521046	0.1125	0	"model336"
0	0	1	0	0	0	"model337"
0	0	1	0	0	0	"model338"
0.665	0.0210818510677892	0.9775	0.0210818510677892	0.6875	0	"model339"
0	0	1	0	0	0	"model340"
0	0	1	0	0	0	"model341"
0	0	1	0	0	0	"model342"
0.02375	0.00395284707521047	0.99875	0.00395284707521046	0.025	0	"model343"
0	0	1	0	0	0	"model344"
0	0	1	0	0	0	"model345"
0.43875	0.0171290039925787	0.98875	0.0171290039925787	0.45	0	"model346"
0	0	1	0	0	0	"model347"
0	0	1	0	0	0	"model348"
0	0	1	0	0	0	"model349"
0.11125	0.00395284707521047	0.99875	0.00395284707521046	0.1125	0	"model350"
0.79375	0.0540864791072799	0.79375	0.0540864791072799	1	0	"model351"
0.655	0.0120761472884912	0.98	0.0120761472884912	0.675	0	"model352"
0.78	0.022973414586817	0.9425	0.022973414586817	0.8375	0	"model353"
0	0	1	0	0	0	"model354"
0.87375	0.0190485490844374	0.89875	0.0190485490844375	0.975	0	"model355"
0	0	1	0	0	0	"model356"
0.90125	0.0171290039925787	0.91375	0.0171290039925787	0.9875	0	"model357"
0.025	0	1	0	0.025	0	"model358"
0	0	1	0	0	0	"model359"
0	0	1	0	0	0	"model360"
0.03625	0.00395284707521047	0.99875	0.00395284707521046	0.0375	0	"model361"
0.7725	0.0202415963358185	0.9475	0.0202415963358185	0.825	0	"model362"
0	0	1	0	0	0	"model363"
0.885	0.0380970981688749	0.885	0.0380970981688749	1	0	"model364"
0	0	1	0	0	0	"model365"
0	0	1	0	0	0	"model366"
0.13625	0.00395284707521048	0.99875	0.00395284707521046	0.1375	0	"model367"
0	0	1	0	0	0	"model368"
0.74125	0.010290907529357	0.94125	0.010290907529357	0.8	0	"model369"
0	0	1	0	0	0	"model370"
0	0	1	0	0	0	"model371"
0	0	1	0	0	0	"model372"
0	0	1	0	0	0	"model373"
0	0	1	0	0	0	"model374"
0	0	1	0	0	0	"model375"
-0.00125	0.00395284707521047	0.99875	0.00395284707521046	0	0	"model376"
0.04875	0.00395284707521048	0.99875	0.00395284707521046	0.05	0	"model377"
0.15625	0.00883883476483185	0.99375	0.00883883476483184	0.1625	0	"model378"
0.01125	0.00395284707521047	0.99875	0.00395284707521046	0.0125	0	"model379"
0	0	1	0	0	0	"model380"
0	0	1	0	0	0	"model381"
0.60875	0.0144937726091051	0.98375	0.0144937726091051	0.625	0	"model382"
0	0	1	0	0	0	"model383"
0	0	1	0	0	0	"model384"
0.91875	0.0265165042944955	0.93125	0.0265165042944955	0.9875	0	"model385"
0	0	1	0	0	0	"model386"
0.09625	0.0060380736442456	0.99625	0.00603807364424558	0.1	0	"model387"
0.565	0.0114867072934085	0.99	0.0114867072934085	0.575	0	"model388"
0.5075	0.00645497224367901	0.995	0.00645497224367901	0.5125	0	"model389"
0.20875	0.00843685697138191	0.99625	0.00843685697138191	0.2125	0	"model390"
0.40375	0.00603807364424558	0.99125	0.00603807364424558	0.4125	0	"model391"
0.63875	0.0124303615751469	0.97625	0.0124303615751469	0.6625	0	"model392"
0.87	0.024438130497692	0.87	0.024438130497692	1	0	"model393"
0	0	1	0	0	0	"model394"
0.02375	0.00395284707521047	0.99875	0.00395284707521046	0.025	0	"model395"
0	0	1	0	0	0	"model396"
0	0	1	0	0	0	"model397"
0	0	1	0	0	0	"model398"
0	0	1	0	0	0	"model399"
0.88	0.0214087209644419	0.9425	0.0214087209644419	0.9375	0	"model400"
0	0	1	0	0	0	"model401"
0.04875	0.00395284707521048	0.99875	0.00395284707521046	0.05	0	"model402"
0.8425	0.0429793231940921	0.8425	0.0429793231940921	1	0	"model403"
0.8375	0.0328083661417159	0.8375	0.0328083661417159	1	0	"model404"
0	0	1	0	0	0	"model405"
0.87	0.0168737139427638	0.87	0.0168737139427638	1	0	"model406"
0.82	0.0134370962471642	0.945	0.0134370962471642	0.875	0	"model407"
0	0	1	0	0	0	"model408"
0	0	1	0	0	0	"model409"
0.5575	0.0134370962471642	0.9825	0.0134370962471643	0.575	0	"model410"
0.0225	0.0052704627669473	0.9975	0.00527046276694728	0.025	0	"model411"
0.89125	0.0263852336649793	0.91625	0.0263852336649793	0.975	0	"model412"
0	0	1	0	0	0	"model413"
0	0	1	0	0	0	"model414"
0.895	0.0289875452182102	0.92	0.0289875452182101	0.975	0	"model415"
0.8625	0.0176776695296637	0.9375	0.0176776695296637	0.925	0	"model416"
0	0	1	0	0	0	"model417"
0.86125	0.0199391435233423	0.87375	0.0199391435233423	0.9875	0	"model418"
0.43	0.00874007373475127	0.9925	0.00874007373475126	0.4375	0	"model419"
0	0	1	0	0	0	"model420"
0.90125	0.0246150924795699	0.93875	0.0246150924795699	0.9625	0	"model421"
0	0	1	0	0	0	"model422"
0	0	1	0	0	0	"model423"
0.42625	0.0124303615751469	0.98875	0.0124303615751469	0.4375	0	"model424"
0	0	1	0	0	0	"model425"
0.2325	0.00645497224367902	0.995	0.00645497224367901	0.2375	0	"model426"
0	0	1	0	0	0	"model427"
0	0	1	0	0	0	"model428"
0.33375	0.0132418738183922	0.98375	0.0132418738183923	0.35	0	"model429"
0.8725	0.0385501116874013	0.8725	0.0385501116874013	1	0	"model430"
0	0	1	0	0	0	"model431"
0.09625	0.0060380736442456	0.99625	0.00603807364424558	0.1	0	"model432"
0.075	0	1	0	0.075	0	"model433"
0	0	1	0	0	0	"model434"
0	0	1	0	0	0	"model435"
0	0	1	0	0	0	"model436"
0	0	1	0	0	0	"model437"
0.8825	0.0318416219575714	0.945	0.0318416219575714	0.9375	0	"model438"
0	0	1	0	0	0	"model439"
0	0	1	0	0	0	"model440"
0.05875	0.0060380736442456	0.99625	0.00603807364424558	0.0625	0	"model441"
0	0	1	0	0	0	"model442"
0.565	0.00986013297183266	0.99	0.0098601329718327	0.575	0	"model443"
0	0	1	0	0	0	"model444"
0.44	0.0114867072934085	0.99	0.0114867072934085	0.45	0	"model445"
0.3025	0.00790569415042095	0.99	0.00790569415042094	0.3125	0	"model446"
0.09875	0.00395284707521048	0.99875	0.00395284707521046	0.1	0	"model447"
0.88	0.0205818150587141	0.955	0.0205818150587141	0.925	0	"model448"
0.885	0.0210818510677892	0.91	0.0210818510677892	0.975	0	"model449"
0.4575	0.00645497224367903	0.995	0.00645497224367901	0.4625	0	"model450"
0	0	1	0	0	0	"model451"
0	0	1	0	0	0	"model452"
0.8225	0.0255495161945931	0.935	0.0255495161945932	0.8875	0	"model453"
0.10875	0.0060380736442456	0.99625	0.00603807364424558	0.1125	0	"model454"
0	0	1	0	0	0	"model455"
0	0	1	0	0	0	"model456"
0.52	0.0120761472884912	0.9825	0.0120761472884912	0.5375	0	"model457"
0.8	0.0618016540591305	0.8	0.0618016540591305	1	0	"model458"
0.06	0.0052704627669473	0.9975	0.00527046276694728	0.0625	0	"model459"
0.315	0.0114867072934085	0.99	0.0114867072934085	0.325	0	"model460"
0.39125	0.0102909075293571	0.99125	0.0102909075293571	0.4	0	"model461"
0	0	1	0	0	0	"model462"
0	0	1	0	0	0	"model463"
0	0	1	0	0	0	"model464"
-0.0025	0.0052704627669473	0.9975	0.00527046276694728	0	0	"model465"
0	0	1	0	0	0	"model466"
0.8675	0.0264837476367845	0.93	0.0264837476367845	0.9375	0	"model467"
0	0	1	0	0	0	"model468"
0.7525	0.0193649167310371	0.965	0.0193649167310371	0.7875	0	"model469"
0.41	0.00527046276694728	0.9975	0.00527046276694728	0.4125	0	"model470"
0.87	0.0479438328788084	0.87	0.0479438328788084	1	0	"model471"
0.84875	0.0422665155097192	0.93625	0.0422665155097192	0.9125	0	"model472"
0.3425	0.00874007373475124	0.9925	0.00874007373475126	0.35	0	"model473"
0	0	1	0	0	0	"model474"
0.88875	0.0325160216918778	0.91375	0.0325160216918778	0.975	0	"model475"
0.66875	0.0179215109730055	0.96875	0.0179215109730055	0.7	0	"model476"
0	0	1	0	0	0	"model477"
0.85625	0.0265165042944955	0.93125	0.0265165042944955	0.925	0	"model478"
0.8675	0.0158113883008419	0.93	0.0158113883008419	0.9375	0	"model479"
0.88875	0.0314300369427435	0.90125	0.0314300369427435	0.9875	0	"model480"
0.42625	0.0137563116826826	0.98875	0.0137563116826826	0.4375	0	"model481"
0	0	1	0	0	0	"model482"
0.62	0.0222048543241237	0.97	0.0222048543241237	0.65	0	"model483"
0	0	1	0	0	0	"model484"
0	0	1	0	0	0	"model485"
0.8475	0.0281365716935569	0.935	0.0281365716935569	0.9125	0	"model486"
0	0	1	0	0	0	"model487"
0	0	1	0	0	0	"model488"
0.82375	0.0291368895617451	0.82375	0.0291368895617451	1	0	"model489"
0	0	1	0	0	0	"model490"
0.615	0.0184466196843155	0.9775	0.0184466196843156	0.6375	0	"model491"
0	0	1	0	0	0	"model492"
0	0	1	0	0	0	"model493"
0	0	1	0	0	0	"model494"
0	0	1	0	0	0	"model495"
0.87	0.0312916389258643	0.8825	0.0312916389258643	0.9875	0	"model496"
0.77375	0.0199391435233423	0.94875	0.0199391435233423	0.825	0	"model497"
0.03375	0.0060380736442456	0.99625	0.00603807364424558	0.0375	0	"model498"
0.825	0.0195433989992643	0.9625	0.0195433989992643	0.8625	0	"model499"
0	0	1	0	0	0	"model500"
0.8625	0.0540061724867322	0.8625	0.0540061724867322	1	0	"model501"
0.35375	0.00843685697138191	0.99125	0.0084368569713819	0.3625	0	"model502"
0.8725	0.0299304749934466	0.8725	0.0299304749934466	1	0	"model503"
0	0	1	0	0	0	"model504"
0	0	1	0	0	0	"model505"
0.8825	0.0349602949390051	0.895	0.0349602949390051	0.9875	0	"model506"
0.87	0.0283823106098773	0.9075	0.0283823106098773	0.9625	0	"model507"
0.195	0.00645497224367903	0.995	0.00645497224367901	0.2	0	"model508"
0.87625	0.0314300369427435	0.91375	0.0314300369427435	0.9625	0	"model509"
0	0	1	0	0	0	"model510"
0.8475	0.0419986772278472	0.8475	0.0419986772278472	1	0	"model511"
0	0	1	0	0	0	"model512"
0	0	1	0	0	0	"model513"
0.87375	0.0325160216918778	0.88625	0.0325160216918778	0.9875	0	"model514"
0	0	1	0	0	0	"model515"
0	0	1	0	0	0	"model516"
0	0	1	0	0	0	"model517"
-0.00125	0.00395284707521047	0.99875	0.00395284707521046	0	0	"model518"
0.90125	0.0190485490844374	0.91375	0.0190485490844374	0.9875	0	"model519"
0.61875	0.0065880784586841	0.98125	0.00658807845868416	0.6375	0	"model520"
0	0	1	0	0	0	"model521"
0.59625	0.0102909075293571	0.98375	0.0102909075293571	0.6125	0	"model522"
0	0	1	0	0	0	"model523"
-0.0025	0.0052704627669473	0.9975	0.00527046276694728	0	0	"model524"
0	0	1	0	0	0	"model525"
0	0	1	0	0	0	"model526"
0.65375	0.0144937726091051	0.97875	0.0144937726091051	0.675	0	"model527"
0.65625	0.0251730124449887	0.96875	0.0251730124449887	0.6875	0	"model528"
0	0	1	0	0	0	"model529"
0	0	1	0	0	0	"model530"
0	0	1	0	0	0	"model531"
0	0	1	0	0	0	"model532"
0.6875	0.0235702260395516	0.95	0.0235702260395516	0.7375	0	"model533"
0.8975	0.0310689198038454	0.91	0.0310689198038454	0.9875	0	"model534"
0	0	1	0	0	0	"model535"
0	0	1	0	0	0	"model536"
0.53875	0.00709557765246935	0.98875	0.00709557765246933	0.55	0	"model537"
0	0	1	0	0	0	"model538"
0.8875	0.0348608344389198	0.8875	0.0348608344389198	1	0	"model539"
0.86625	0.0167186688731157	0.92875	0.0167186688731157	0.9375	0	"model540"
0	0	1	0	0	0	"model541"
0	0	1	0	0	0	"model542"
0.9025	0.0281365716935569	0.94	0.0281365716935569	0.9625	0	"model543"
0	0	1	0	0	0	"model544"
0.81625	0.0568410307592832	0.81625	0.0568410307592832	1	0	"model545"
0	0	1	0	0	0	"model546"
0.66	0.0202415963358186	0.9725	0.0202415963358186	0.6875	0	"model547"
0.8075	0.0277638854149295	0.945	0.0277638854149295	0.8625	0	"model548"
0	0	1	0	0	0	"model549"
0.15875	0.0060380736442456	0.99625	0.00603807364424558	0.1625	0	"model550"
0	0	1	0	0	0	"model551"
0	0	1	0	0	0	"model552"
0.7025	0.0268741924943285	0.965	0.0268741924943285	0.7375	0	"model553"
0.17375	0.00395284707521047	0.99875	0.00395284707521046	0.175	0	"model554"
0	0	1	0	0	0	"model555"
0.88625	0.0297267649695616	0.91125	0.0297267649695616	0.975	0	"model556"
0	0	1	0	0	0	"model557"
0.8525	0.0380970981688749	0.915	0.0380970981688749	0.9375	0	"model558"
0	0	1	0	0	0	"model559"
0.02375	0.00395284707521047	0.99875	0.00395284707521046	0.025	0	"model560"
0.86125	0.0291368895617451	0.93625	0.0291368895617451	0.925	0	"model561"
0.505	0.0146723473847158	0.98	0.0146723473847159	0.525	0	"model562"
0	0	1	0	0	0	"model563"
0.3425	0.00874007373475124	0.9925	0.00874007373475126	0.35	0	"model564"
0	0	1	0	0	0	"model565"
0	0	1	0	0	0	"model566"
0.88125	0.027163343355011	0.91875	0.027163343355011	0.9625	0	"model567"
0	0	1	0	0	0	"model568"
0	0	1	0	0	0	"model569"
0	0	1	0	0	0	"model570"
0.8875	0.0242956328951888	0.95	0.0242956328951888	0.9375	0	"model571"
0.77625	0.0207916249164577	0.93875	0.0207916249164577	0.8375	0	"model572"
0.72	0.0158113883008419	0.97	0.0158113883008419	0.75	0	"model573"
0	0	1	0	0	0	"model574"
0	0	1	0	0	0	"model575"
0.12125	0.0060380736442456	0.99625	0.00603807364424558	0.125	0	"model576"
0	0	1	0	0	0	"model577"
0.4875	0.0117851130197758	0.9875	0.0117851130197758	0.5	0	"model578"
0.83625	0.0216105041331499	0.94875	0.0216105041331499	0.8875	0	"model579"
0	0	1	0	0	0	"model580"
0	0	1	0	0	0	"model581"
0	0	1	0	0	0	"model582"
-0.0025	0.0052704627669473	0.9975	0.00527046276694728	0	0	"model583"
0	0	1	0	0	0	"model584"
0	0	1	0	0	0	"model585"
0	0	1	0	0	0	"model586"
0	0	1	0	0	0	"model587"
0	0	1	0	0	0	"model588"
0	0	1	0	0	0	"model589"
0.8675	0.0197202659436654	0.9425	0.0197202659436654	0.925	0	"model590"
0.87	0.0339525813124389	0.9325	0.0339525813124389	0.9375	0	"model591"
0.74875	0.016083549221349	0.94875	0.016083549221349	0.8	0	"model592"
0	0	1	0	0	0	"model593"
0	0	1	0	0	0	"model594"
0	0	1	0	0	0	"model595"
0.6375	0.0176776695296637	0.975	0.0176776695296637	0.6625	0	"model596"
0	0	1	0	0	0	"model597"
0.62875	0.010290907529357	0.97875	0.0102909075293571	0.65	0	"model598"
0	0	1	0	0	0	"model599"
0.11	0.0052704627669473	0.9975	0.00527046276694728	0.1125	0	"model600"
0	0	1	0	0	0	"model601"
0.23375	0.00843685697138191	0.99625	0.00843685697138191	0.2375	0	"model602"
0.30625	0.0121478164475944	0.99375	0.0121478164475944	0.3125	0	"model603"
0.35125	0.00922330984215776	0.98875	0.00922330984215778	0.3625	0	"model604"
0.78875	0.0190485490844374	0.95125	0.0190485490844374	0.8375	0	"model605"
0	0	1	0	0	0	"model606"
0.89	0.0428174419288838	0.89	0.0428174419288838	1	0	"model607"
0	0	1	0	0	0	"model608"
0	0	1	0	0	0	"model609"
0	0	1	0	0	0	"model610"
-0.00125	0.00395284707521047	0.99875	0.00395284707521046	0	0	"model611"
0.89125	0.0323017457388572	0.92875	0.0323017457388572	0.9625	0	"model612"
0.025	0	1	0	0.025	0	"model613"
0.665	0.0202415963358185	0.9775	0.0202415963358185	0.6875	0	"model614"
0.89	0.0248607231502938	0.9025	0.0248607231502938	0.9875	0	"model615"
0.90125	0.0397256214551767	0.92625	0.0397256214551767	0.975	0	"model616"
0	0	1	0	0	0	"model617"
0.395	0.0120761472884912	0.9825	0.0120761472884912	0.4125	0	"model618"
0	0	1	0	0	0	"model619"
0	0	1	0	0	0	"model620"
0	0	1	0	0	0	"model621"
0	0	1	0	0	0	"model622"
0.58875	0.0137563116826826	0.98875	0.0137563116826826	0.6	0	"model623"
0	0	1	0	0	0	"model624"
0.5425	0.0105409255338946	0.98	0.0105409255338946	0.5625	0	"model625"
0.24625	0.0060380736442456	0.99625	0.00603807364424558	0.25	0	"model626"
0.1575	0.00645497224367903	0.995	0.00645497224367901	0.1625	0	"model627"
0	0	1	0	0	0	"model628"
0.12875	0.0132418738183923	0.99125	0.0132418738183922	0.1375	0	"model629"
0	0	1	0	0	0	"model630"
0.77	0.0312916389258643	0.9575	0.0312916389258643	0.8125	0	"model631"
0.88625	0.0253105709141457	0.91125	0.0253105709141457	0.975	0	"model632"
0	0	1	0	0	0	"model633"
0	0	1	0	0	0	"model634"
0.69125	0.021286732957408	0.96625	0.021286732957408	0.725	0	"model635"
-0.00125	0.00395284707521047	0.99875	0.00395284707521046	0	0	"model636"
0	0	1	0	0	0	"model637"
0	0	1	0	0	0	"model638"
0	0	1	0	0	0	"model639"
0	0	1	0	0	0	"model640"
0	0	1	0	0	0	"model641"
0.68875	0.016083549221349	0.95125	0.016083549221349	0.7375	0	"model642"
0	0	1	0	0	0	"model643"
0	0	1	0	0	0	"model644"
0	0	1	0	0	0	"model645"
0	0	1	0	0	0	"model646"
0.66875	0.0258534867624809	0.96875	0.025853486762481	0.7	0	"model647"
0.8875	0.025	0.9	0.025	0.9875	0	"model648"
0.41125	0.00395284707521046	0.98625	0.0039528470752105	0.425	0	"model649"
0	0	1	0	0	0	"model650"
0	0	1	0	0	0	"model651"
0	0	1	0	0	0	"model652"
0	0	1	0	0	0	"model653"
0.61125	0.0181142209327368	0.97375	0.0181142209327368	0.6375	0	"model654"
0	0	1	0	0	0	"model655"
0.83625	0.0259874435491878	0.92375	0.0259874435491878	0.9125	0	"model656"
0	0	1	0	0	0	"model657"
0.0225	0.0052704627669473	0.9975	0.00527046276694728	0.025	0	"model658"
0	0	1	0	0	0	"model659"
0.185	0.0052704627669473	0.9975	0.00527046276694728	0.1875	0	"model660"
0.17375	0.00395284707521047	0.99875	0.00395284707521046	0.175	0	"model661"
0	0	1	0	0	0	"model662"
0.6775	0.0153659074288215	0.9775	0.0153659074288215	0.7	0	"model663"
0.7575	0.0197202659436654	0.97	0.0197202659436654	0.7875	0	"model664"
0.15	0	1	0	0.15	0	"model665"
0.28375	0.0084368569713819	0.99625	0.00843685697138191	0.2875	0	"model666"
0	0	1	0	0	0	"model667"
0	0	1	0	0	0	"model668"
0	0	1	0	0	0	"model669"
0	0	1	0	0	0	"model670"
0.8	0.0377307714089059	0.8	0.0377307714089059	1	0	"model671"
0.27875	0.0132418738183922	0.99125	0.0132418738183922	0.2875	0	"model672"
0	0	1	0	0	0	"model673"
0	0	1	0	0	0	"model674"
0.8525	0.0281365716935569	0.8525	0.0281365716935569	1	0	"model675"
0	0	1	0	0	0	"model676"
0.37625	0.00922330984215778	0.98875	0.00922330984215778	0.3875	0	"model677"
0.2825	0.00874007373475125	0.995	0.00874007373475126	0.2875	0	"model678"
0.53875	0.00922330984215777	0.97625	0.00922330984215777	0.5625	0	"model679"
0	0	1	0	0	0	"model680"
0.85	0.0263523138347365	0.85	0.0263523138347365	1	0	"model681"
0	0	1	0	0	0	"model682"
0.1325	0.00645497224367903	0.995	0.00645497224367901	0.1375	0	"model683"
0.65625	0.0147313912747198	0.98125	0.0147313912747197	0.675	0	"model684"
0	0	1	0	0	0	"model685"
0	0	1	0	0	0	"model686"
0.175	0	1	0	0.175	0	"model687"
0	0	1	0	0	0	"model688"
0.86125	0.0575694025599633	0.87375	0.0575694025599633	0.9875	0	"model689"
0	0	1	0	0	0	"model690"
0.03625	0.00395284707521047	0.99875	0.00395284707521046	0.0375	0	"model691"
0	0	1	0	0	0	"model692"
0.0475	0.0052704627669473	0.9975	0.00527046276694728	0.05	0	"model693"
0	0	1	0	0	0	"model694"
0.4725	0.0141911553049387	0.985	0.0141911553049387	0.4875	0	"model695"
0	0	1	0	0	0	"model696"
0.595	0.0158113883008419	0.9825	0.0158113883008419	0.6125	0	"model697"
0.72375	0.0190485490844374	0.96125	0.0190485490844374	0.7625	0	"model698"
0	0	1	0	0	0	"model699"
0.2	0	1	0	0.2	0	"model700"
0.87875	0.0288975681406662	0.89125	0.0288975681406662	0.9875	0	"model701"
0.24125	0.00843685697138191	0.99125	0.0084368569713819	0.25	0	"model702"
0.85625	0.0383016173142713	0.85625	0.0383016173142713	1	0	"model703"
0.60125	0.00922330984215779	0.98875	0.00922330984215778	0.6125	0	"model704"
0.8425	0.0349602949390051	0.93	0.0349602949390051	0.9125	0	"model705"
0.865	0.0193649167310371	0.94	0.0193649167310371	0.925	0	"model706"
0.88875	0.022399466759526	0.95125	0.022399466759526	0.9375	0	"model707"
0	0	1	0	0	0	"model708"
0	0	1	0	0	0	"model709"
0	0	1	0	0	0	"model710"
0.1225	0.0052704627669473	0.9975	0.00527046276694728	0.125	0	"model711"
0.89625	0.0228597778739087	0.92125	0.0228597778739087	0.975	0	"model712"
0	0	1	0	0	0	"model713"
0.695	0.0258198889747161	0.945	0.0258198889747161	0.75	0	"model714"
0.68875	0.0199391435233423	0.97625	0.0199391435233423	0.7125	0	"model715"
-0.00125	0.00395284707521047	0.99875	0.00395284707521046	0	0	"model716"
0	0	1	0	0	0	"model717"
0	0	1	0	0	0	"model718"
0.02375	0.00395284707521047	0.99875	0.00395284707521046	0.025	0	"model719"
0.38	0.00874007373475127	0.9925	0.00874007373475126	0.3875	0	"model720"
0.34125	0.010290907529357	0.99125	0.0102909075293571	0.35	0	"model721"
0.175	0.0102062072615966	0.9875	0.0102062072615966	0.1875	0	"model722"
0.83875	0.0231615701828121	0.92625	0.0231615701828122	0.9125	0	"model723"
0	0	1	0	0	0	"model724"
0.58625	0.00922330984215779	0.98625	0.00922330984215779	0.6	0	"model725"
0.3775	0.0098601329718327	0.99	0.0098601329718327	0.3875	0	"model726"
0	0	1	0	0	0	"model727"
0	0	1	0	0	0	"model728"
0	0	1	0	0	0	"model729"
0.89375	0.0230111687858068	0.89375	0.0230111687858068	1	0	"model730"
0.81375	0.0392861652210772	0.81375	0.0392861652210772	1	0	"model731"
0	0	1	0	0	0	"model732"
0.1475	0.00527046276694729	0.9975	0.00527046276694728	0.15	0	"model733"
0.38625	0.0109449379471364	0.98625	0.0109449379471364	0.4	0	"model734"
0.9025	0.0248607231502938	0.915	0.0248607231502938	0.9875	0	"model735"
0.67	0.0271313676601662	0.9575	0.0271313676601662	0.7125	0	"model736"
0	0	1	0	0	0	"model737"
0	0	1	0	0	0	"model738"
0	0	1	0	0	0	"model739"
0	0	1	0	0	0	"model740"
0.0375	0	1	0	0.0375	0	"model741"
0	0	1	0	0	0	"model742"
0	0	1	0	0	0	"model743"
0	0	1	0	0	0	"model744"
0	0	1	0	0	0	"model745"
0.84375	0.0313193674549436	0.84375	0.0313193674549436	1	0	"model746"
0.6025	0.0129099444873581	0.9775	0.0129099444873581	0.625	0	"model747"
-0.0025	0.0052704627669473	0.9975	0.00527046276694728	0	0	"model748"
0	0	1	0	0	0	"model749"
0	0	1	0	0	0	"model750"
0	0	1	0	0	0	"model751"
0.88625	0.0238993839995	0.92375	0.0238993839995	0.9625	0	"model752"
0	0	1	0	0	0	"model753"
0.4725	0.0141911553049387	0.985	0.0141911553049387	0.4875	0	"model754"
0.79375	0.0214492294603896	0.94375	0.0214492294603896	0.85	0	"model755"
0	0	1	0	0	0	"model756"
0.68875	0.0259874435491878	0.95125	0.0259874435491878	0.7375	0	"model757"
0	0	1	0	0	0	"model758"
0	0	1	0	0	0	"model759"
0	0	1	0	0	0	"model760"
0	0	1	0	0	0	"model761"
0	0	1	0	0	0	"model762"
0.34625	0.00603807364424558	0.99625	0.00603807364424558	0.35	0	"model763"
0.63125	0.013501543121683	0.98125	0.013501543121683	0.65	0	"model764"
0.03625	0.00395284707521047	0.99875	0.00395284707521046	0.0375	0	"model765"
0.31375	0.00709557765246934	0.98875	0.00709557765246933	0.325	0	"model766"
0.89625	0.0228597778739087	0.90875	0.0228597778739087	0.9875	0	"model767"
0	0	1	0	0	0	"model768"
0	0	1	0	0	0	"model769"
0.025	0	1	0	0.025	0	"model770"
0	0	1	0	0	0	"model771"
0.87125	0.0306469592473888	0.88375	0.0306469592473888	0.9875	0	"model772"
0	0	1	0	0	0	"model773"
0	0	1	0	0	0	"model774"
0	0	1	0	0	0	"model775"
0.28875	0.00922330984215776	0.98875	0.00922330984215778	0.3	0	"model776"
0.77625	0.0190485490844374	0.95125	0.0190485490844374	0.825	0	"model777"
0.17	0.00645497224367902	0.995	0.00645497224367901	0.175	0	"model778"
0.385	0.0098601329718327	0.985	0.00986013297183271	0.4	0	"model779"
0	0	1	0	0	0	"model780"
0	0	1	0	0	0	"model781"
0.34375	0.013501543121683	0.98125	0.013501543121683	0.3625	0	"model782"
0	0	1	0	0	0	"model783"
0.5325	0.0120761472884912	0.9825	0.0120761472884912	0.55	0	"model784"
0.30375	0.00843685697138192	0.99125	0.0084368569713819	0.3125	0	"model785"
0.13625	0.00395284707521048	0.99875	0.00395284707521046	0.1375	0	"model786"
0	0	1	0	0	0	"model787"
0.615	0.0164570147151096	0.9775	0.0164570147151096	0.6375	0	"model788"
0.84875	0.0405902629265252	0.84875	0.0405902629265252	1	0	"model789"
0.8725	0.0262202212042538	0.935	0.0262202212042538	0.9375	0	"model790"
0.87875	0.0358672320277622	0.87875	0.0358672320277622	1	0	"model791"
0	0	1	0	0	0	"model792"
0	0	1	0	0	0	"model793"
0.885	0.0310689198038454	0.9225	0.0310689198038454	0.9625	0	"model794"
0	0	1	0	0	0	"model795"
0.89	0.0255495161945932	0.9025	0.0255495161945931	0.9875	0	"model796"
0.64125	0.0186804264762166	0.96625	0.0186804264762166	0.675	0	"model797"
0.44875	0.0149652374967233	0.98625	0.0149652374967233	0.4625	0	"model798"
0	0	1	0	0	0	"model799"
0.88375	0.0338757943736297	0.90875	0.0338757943736297	0.975	0	"model800"
0.84125	0.0257188322700183	0.92875	0.0257188322700183	0.9125	0	"model801"
0	0	1	0	0	0	"model802"
-0.00125	0.00395284707521047	0.99875	0.00395284707521046	0	0	"model803"
0	0	1	0	0	0	"model804"
0	0	1	0	0	0	"model805"
0.70875	0.0195877654559053	0.97125	0.0195877654559053	0.7375	0	"model806"
0.06125	0.00395284707521047	0.99875	0.00395284707521046	0.0625	0	"model807"
0.61875	0.0147313912747197	0.98125	0.0147313912747198	0.6375	0	"model808"
0.01	0.0052704627669473	0.9975	0.00527046276694728	0.0125	0	"model809"
0.38875	0.00922330984215778	0.98875	0.00922330984215778	0.4	0	"model810"
0.81	0.0255495161945931	0.935	0.0255495161945931	0.875	0	"model811"
0.885	0.0310689198038454	0.885	0.0310689198038454	1	0	"model812"
0	0	1	0	0	0	"model813"
0.415	0.0114867072934085	0.99	0.0114867072934085	0.425	0	"model814"
0.25625	0.00658807845868413	0.99375	0.0065880784586841	0.2625	0	"model815"
0	0	1	0	0	0	"model816"
0.0125	0	1	0	0.0125	0	"model817"
0	0	1	0	0	0	"model818"
0.6575	0.0222048543241237	0.97	0.0222048543241237	0.6875	0	"model819"
0.3875	0.00833333333333334	0.9875	0.00833333333333334	0.4	0	"model820"
0.045	0.00645497224367903	0.995	0.00645497224367901	0.05	0	"model821"
0	0	1	0	0	0	"model822"
0.17125	0.00603807364424559	0.99625	0.00603807364424558	0.175	0	"model823"
0	0	1	0	0	0	"model824"
0.32875	0.00843685697138192	0.99125	0.0084368569713819	0.3375	0	"model825"
0	0	1	0	0	0	"model826"
0.0875	0	1	0	0.0875	0	"model827"
0.1325	0.00874007373475127	0.995	0.00874007373475126	0.1375	0	"model828"
0	0	1	0	0	0	"model829"
0.095	0.00645497224367903	0.995	0.00645497224367901	0.1	0	"model830"
0	0	1	0	0	0	"model831"
0.8325	0.0251385052149973	0.9325	0.0251385052149972	0.9	0	"model832"
0.56	0.0153659074288215	0.985	0.0153659074288215	0.575	0	"model833"
0.885	0.0310689198038454	0.8975	0.0310689198038454	0.9875	0	"model834"
0	0	1	0	0	0	"model835"
0.8	0.0276385399196283	0.9375	0.0276385399196283	0.8625	0	"model836"
0.4425	0.0134370962471643	0.98	0.0134370962471643	0.4625	0	"model837"
0	0	1	0	0	0	"model838"
0	0	1	0	0	0	"model839"
0	0	1	0	0	0	"model840"
0.635	0.0141911553049387	0.985	0.0141911553049387	0.65	0	"model841"
0	0	1	0	0	0	"model842"
-0.00125	0.00395284707521047	0.99875	0.00395284707521046	0	0	"model843"
0.8875	0.0475073093791307	0.9125	0.0475073093791308	0.975	0	"model844"
0.64375	0.0147313912747197	0.98125	0.0147313912747198	0.6625	0	"model845"
0.85375	0.0263852336649793	0.91625	0.0263852336649793	0.9375	0	"model846"
0	0	1	0	0	0	"model847"
0	0	1	0	0	0	"model848"
0	0	1	0	0	0	"model849"
0.09875	0.00395284707521048	0.99875	0.00395284707521046	0.1	0	"model850"
0.29	0.00986013297183268	0.99	0.0098601329718327	0.3	0	"model851"
0.395	0.00645497224367903	0.995	0.00645497224367901	0.4	0	"model852"
0	0	1	0	0	0	"model853"
0	0	1	0	0	0	"model854"
0.68125	0.0158661939705498	0.98125	0.0158661939705498	0.7	0	"model855"
0.4525	0.0129099444873581	0.99	0.0129099444873581	0.4625	0	"model856"
0.02375	0.00395284707521047	0.99875	0.00395284707521046	0.025	0	"model857"
0	0	1	0	0	0	"model858"
0.87	0.0251385052149973	0.87	0.0251385052149973	1	0	"model859"
0.075	0	1	0	0.075	0	"model860"
0	0	1	0	0	0	"model861"
0.8675	0.0312916389258643	0.93	0.0312916389258643	0.9375	0	"model862"
0	0	1	0	0	0	"model863"
0.04875	0.00395284707521048	0.99875	0.00395284707521046	0.05	0	"model864"
0.0225	0.0052704627669473	0.9975	0.00527046276694728	0.025	0	"model865"
0.635	0.0193649167310371	0.9725	0.0193649167310371	0.6625	0	"model866"
0	0	1	0	0	0	"model867"
0	0	1	0	0	0	"model868"
0	0	1	0	0	0	"model869"
0	0	1	0	0	0	"model870"
0	0	1	0	0	0	"model871"
0.815	0.0141911553049387	0.9525	0.0141911553049387	0.8625	0	"model872"
0	0	1	0	0	0	"model873"
0	0	1	0	0	0	"model874"
0.0475	0.0052704627669473	0.9975	0.00527046276694728	0.05	0	"model875"
0	0	1	0	0	0	"model876"
0.88875	0.0285348227804399	0.90125	0.0285348227804399	0.9875	0	"model877"
0.1325	0.00645497224367903	0.995	0.00645497224367901	0.1375	0	"model878"
0	0	1	0	0	0	"model879"
0	0	1	0	0	0	"model880"
0.8975	0.0281365716935569	0.8975	0.0281365716935569	1	0	"model881"
0.55125	0.00922330984215778	0.98875	0.00922330984215778	0.5625	0	"model882"
0.8275	0.0567646212197547	0.8275	0.0567646212197547	1	0	"model883"
0.90625	0.024473625259314	0.93125	0.024473625259314	0.975	0	"model884"
0.14375	0.00658807845868411	0.99375	0.0065880784586841	0.15	0	"model885"
0.15	0	1	0	0.15	0	"model886"
0	0	1	0	0	0	"model887"
0	0	1	0	0	0	"model888"
0.15375	0.0102909075293571	0.99125	0.0102909075293571	0.1625	0	"model889"
0.40125	0.0124303615751469	0.98875	0.0124303615751469	0.4125	0	"model890"
0	0	1	0	0	0	"model891"
0	0	1	0	0	0	"model892"
0.9175	0.0295803989154981	0.9175	0.0295803989154981	1	0	"model893"
0.84625	0.0282904086612799	0.93375	0.0282904086612799	0.9125	0	"model894"
0.46125	0.00709557765246933	0.98625	0.00709557765246935	0.475	0	"model895"
0	0	1	0	0	0	"model896"
0.14625	0.00843685697138191	0.99625	0.00843685697138191	0.15	0	"model897"
0.84375	0.0237536546895654	0.84375	0.0237536546895654	1	0	"model898"
0.20375	0.0102909075293571	0.99125	0.0102909075293571	0.2125	0	"model899"
0	0	1	0	0	0	"model900"
0.33625	0.016083549221349	0.98625	0.016083549221349	0.35	0	"model901"
0.58625	0.0124303615751469	0.98625	0.0124303615751469	0.6	0	"model902"
0.66625	0.0236070257903588	0.96625	0.0236070257903588	0.7	0	"model903"
0	0	1	0	0	0	"model904"
0	0	1	0	0	0	"model905"
0	0	1	0	0	0	"model906"
0	0	1	0	0	0	"model907"
0.15875	0.0060380736442456	0.99625	0.00603807364424558	0.1625	0	"model908"
0	0	1	0	0	0	"model909"
0	0	1	0	0	0	"model910"
0	0	1	0	0	0	"model911"
0.29	0.00790569415042094	0.99	0.00790569415042094	0.3	0	"model912"
0	0	1	0	0	0	"model913"
0	0	1	0	0	0	"model914"
0	0	1	0	0	0	"model915"
0.18	0.00874007373475126	0.9925	0.00874007373475126	0.1875	0	"model916"
0	0	1	0	0	0	"model917"
0	0	1	0	0	0	"model918"
0	0	1	0	0	0	"model919"
0	0	1	0	0	0	"model920"
0.735	0.0310689198038454	0.96	0.0310689198038454	0.775	0	"model921"
0	0	1	0	0	0	"model922"
0	0	1	0	0	0	"model923"
0	0	1	0	0	0	"model924"
0.86375	0.0216105041331499	0.86375	0.0216105041331499	1	0	"model925"
0	0	1	0	0	0	"model926"
0	0	1	0	0	0	"model927"
0	0	1	0	0	0	"model928"
0.4475	0.0052704627669473	0.985	0.00527046276694733	0.4625	0	"model929"
0.88125	0.0237536546895654	0.91875	0.0237536546895654	0.9625	0	"model930"
0	0	1	0	0	0	"model931"
0	0	1	0	0	0	"model932"
0	0	1	0	0	0	"model933"
0.03625	0.00395284707521047	0.99875	0.00395284707521046	0.0375	0	"model934"
0	0	1	0	0	0	"model935"
0	0	1	0	0	0	"model936"
0.8775	0.0332290033956281	0.9025	0.0332290033956282	0.975	0	"model937"
0.755	0.0264837476367845	0.955	0.0264837476367845	0.8	0	"model938"
0	0	1	0	0	0	"model939"
0	0	1	0	0	0	"model940"
0	0	1	0	0	0	"model941"
0.88375	0.0306469592473888	0.88375	0.0306469592473888	1	0	"model942"
0.85625	0.0334632883421021	0.85625	0.0334632883421021	1	0	"model943"
0	0	1	0	0	0	"model944"
0.54375	0.00883883476483186	0.98125	0.00883883476483186	0.5625	0	"model945"
0.29375	0.00883883476483184	0.99375	0.00883883476483184	0.3	0	"model946"
0.4	0.0102062072615966	0.9875	0.0102062072615966	0.4125	0	"model947"
0	0	1	0	0	0	"model948"
0.87375	0.0246150924795699	0.87375	0.0246150924795699	1	0	"model949"
0.5125	0.0102062072615966	0.9875	0.0102062072615966	0.525	0	"model950"
0.295	0.00645497224367903	0.995	0.00645497224367901	0.3	0	"model951"
0.075	0	1	0	0.075	0	"model952"
0	0	1	0	0	0	"model953"
0	0	1	0	0	0	"model954"
-0.0025	0.0052704627669473	0.9975	0.00527046276694728	0	0	"model955"
0.6175	0.0158113883008419	0.98	0.0158113883008419	0.6375	0	"model956"
0	0	1	0	0	0	"model957"
0.11875	0.00883883476483184	0.99375	0.00883883476483184	0.125	0	"model958"
0	0	1	0	0	0	"model959"
0	0	1	0	0	0	"model960"
0.0875	0	1	0	0.0875	0	"model961"
0.3425	0.0105409255338946	0.9925	0.0105409255338946	0.35	0	"model962"
0	0	1	0	0	0	"model963"
0.0125	0	1	0	0.0125	0	"model964"
0	0	1	0	0	0	"model965"
0	0	1	0	0	0	"model966"
0.38	0.00645497224367903	0.9925	0.00645497224367901	0.3875	0	"model967"
0.145	0.00645497224367902	0.995	0.00645497224367901	0.15	0	"model968"
0.22	0.00645497224367903	0.995	0.00645497224367901	0.225	0	"model969"
0.09875	0.00395284707521048	0.99875	0.00395284707521046	0.1	0	"model970"
0	0	1	0	0	0	"model971"
0.49375	0.00658807845868413	0.99375	0.0065880784586841	0.5	0	"model972"
0.28125	0.0065880784586841	0.99375	0.0065880784586841	0.2875	0	"model973"
0	0	1	0	0	0	"model974"
0.035	0.0052704627669473	0.9975	0.00527046276694728	0.0375	0	"model975"
0	0	1	0	0	0	"model976"
0	0	1	0	0	0	"model977"
0.90125	0.0388417372880714	0.91375	0.0388417372880714	0.9875	0	"model978"
0.8375	0.0228217732293819	0.9375	0.0228217732293819	0.9	0	"model979"
0.21	0.00790569415042095	0.9975	0.00790569415042095	0.2125	0	"model980"
0	0	1	0	0	0	"model981"
0.8425	0.0318416219575713	0.8425	0.0318416219575713	1	0	"model982"
0	0	1	0	0	0	"model983"
0	0	1	0	0	0	"model984"
0.15875	0.0060380736442456	0.99625	0.00603807364424558	0.1625	0	"model985"
0	0	1	0	0	0	"model986"
0	0	1	0	0	0	"model987"
-0.0025	0.0052704627669473	0.9975	0.00527046276694728	0	0	"model988"
0.85	0.0386400770645654	0.9125	0.0386400770645654	0.9375	0	"model989"
0.79875	0.0216105041331499	0.94875	0.0216105041331499	0.85	0	"model990"
0.68375	0.0156458194629321	0.97125	0.0156458194629322	0.7125	0	"model991"
0.335	0.0114867072934085	0.985	0.0114867072934085	0.35	0	"model992"
0.10875	0.0060380736442456	0.99625	0.00603807364424558	0.1125	0	"model993"
0	0	1	0	0	0	"model994"
0	0	1	0	0	0	"model995"
0	0	1	0	0	0	"model996"
0.87375	0.0314300369427435	0.87375	0.0314300369427435	1	0	"model997"
0.12125	0.0060380736442456	0.99625	0.00603807364424558	0.125	0	"model998"
0.87875	0.0276699295264733	0.90375	0.0276699295264733	0.975	0	"model999"
-0.00125	0.00395284707521047	0.99875	0.00395284707521046	0	0	"model1000"
