"TSS.MN"	"TSS.sd"	"speci.MN"	"speci.sd"	"sensi.MN"	"sensi.sd"	"model"
0.241666666666667	0.0755637250485302	0.241666666666667	0.0755637250485302	1	0	"model1"
0.670833333333333	0.0796646133316666	0.670833333333333	0.0796646133316666	1	0	"model2"
0.466666666666667	0.0978156492314389	0.466666666666667	0.0978156492314389	1	0	"model3"
0.816666666666667	0.0489078246157195	0.858333333333333	0.0489078246157195	0.958333333333333	0	"model4"
0.295833333333333	0.0796646133316666	0.295833333333333	0.0796646133316666	1	0	"model5"
0.533333333333333	0.0755637250485302	0.533333333333333	0.0755637250485302	1	0	"model6"
0.504166666666667	0.0720350137771663	0.504166666666667	0.0720350137771663	1	0	"model7"
0.683333333333333	0.0925462847164316	0.808333333333333	0.0925462847164316	0.875	0	"model8"
0.545833333333333	0.0951160759347996	0.545833333333333	0.0951160759347996	1	0	"model9"
0.258333333333333	0.0548567157170319	0.258333333333333	0.0548567157170319	1	0	"model10"
0.254166666666667	0.101017203033157	0.254166666666667	0.101017203033157	1	0	"model11"
0.5125	0.0761992595796956	0.5125	0.0761992595796956	1	0	"model12"
0.254166666666667	0.0634951636147914	0.254166666666667	0.0634951636147914	1	0	"model13"
0.479166666666667	0.102533493473843	0.479166666666667	0.102533493473843	1	0	"model14"
0.670833333333333	0.0664638117444744	0.879166666666667	0.0664638117444744	0.791666666666667	0	"model15"
0.183333333333333	0.052704627669473	0.183333333333333	0.052704627669473	1	0	"model16"
0.2625	0.0709557765246933	0.2625	0.0709557765246933	1	0	"model17"
0.445833333333333	0.0652925515196842	0.445833333333333	0.0652925515196842	1	0	"model18"
0.445833333333333	0.0879507788832642	0.445833333333333	0.0879507788832642	1	0	"model19"
0.208333333333333	0.0708197154665665	0.208333333333333	0.0708197154665665	1	0	"model20"
0.679166666666667	0.0811044517814246	0.679166666666667	0.0811044517814246	1	0	"model21"
0.5	0.0833333333333333	0.5	0.0833333333333333	1	0	"model22"
0.8	0.0582671582316751	0.841666666666667	0.0582671582316751	0.958333333333333	0	"model23"
0.6875	0.100634560737427	0.729166666666667	0.100634560737427	0.958333333333333	0	"model24"
0.7875	0.05361183073783	0.829166666666667	0.05361183073783	0.958333333333333	0	"model25"
0.479166666666667	0.0967249185915564	0.479166666666667	0.0967249185915564	1	0	"model26"
0.316666666666667	0.086066296582387	0.316666666666667	0.086066296582387	1	0	"model27"
0.266666666666667	0.05957669608202	0.266666666666667	0.05957669608202	1	0	"model28"
0.245833333333333	0.0843685697138191	0.245833333333333	0.0843685697138191	1	0	"model29"
0.645833333333333	0.0628846190148432	0.645833333333333	0.0628846190148432	1	0	"model30"
0.2875	0.0772052339427072	0.2875	0.0772052339427072	1	0	"model31"
0.616666666666667	0.0805076485899413	0.616666666666667	0.0805076485899413	1	0	"model32"
0.4375	0.0628846190148432	0.4375	0.0628846190148432	1	0	"model33"
0.2375	0.0811044517814246	0.2375	0.0811044517814246	1	0	"model34"
0.179166666666667	0.0622680882540553	0.179166666666667	0.0622680882540553	1	0	"model35"
0.304166666666667	0.104027685061522	0.304166666666667	0.104027685061522	1	0	"model36"
0.3875	0.0652925515196842	0.3875	0.0652925515196842	1	0	"model37"
0.325	0.123915044573308	0.325	0.123915044573308	1	0	"model38"
0.133333333333333	0.0702728368926307	0.133333333333333	0.0702728368926307	1	0	"model39"
0.175	0.0780748295697511	0.175	0.0780748295697511	1	0	"model40"
0.666666666666667	0.065144663330881	0.875	0.065144663330881	0.791666666666667	0	"model41"
0.770833333333333	0.0791788489652179	0.8125	0.0791788489652179	0.958333333333333	0	"model42"
0.3625	0.0901173788750463	0.3625	0.0901173788750463	1	0	"model43"
0.245833333333333	0.102909075293571	0.245833333333333	0.102909075293571	1	0	"model44"
0.416666666666667	0.090010287477887	0.416666666666667	0.090010287477887	1	0	"model45"
0.754166666666667	0.05361183073783	0.795833333333333	0.0536118307378299	0.958333333333333	0	"model46"
0.5	0.090010287477887	0.5	0.090010287477887	1	0	"model47"
0.308333333333333	0.0627310543924234	0.308333333333333	0.0627310543924234	1	0	"model48"
0.133333333333333	0.0582671582316751	0.133333333333333	0.0582671582316751	1	0	"model49"
0.191666666666667	0.0713624032148063	0.191666666666667	0.0713624032148063	1	0	"model50"
0.529166666666667	0.0343030250978569	0.529166666666667	0.0343030250978569	1	0	"model51"
0.470833333333333	0.0395284707521047	0.470833333333333	0.0395284707521047	1	0	"model52"
0.504166666666667	0.0951160759347996	0.504166666666667	0.0951160759347996	1	0	"model53"
0.0375	0.0236519255082311	0.0375	0.0236519255082311	1	0	"model54"
0.516666666666667	0.0790569415042095	0.516666666666667	0.0790569415042095	1	0	"model55"
0.325	0.0895806416477617	0.325	0.0895806416477617	1	0	"model56"
0.316666666666667	0.109713431434064	0.316666666666667	0.109713431434064	1	0	"model57"
0.166666666666667	0.0785674201318386	0.166666666666667	0.0785674201318386	1	0	"model58"
0.7375	0.0652925515196842	0.779166666666667	0.0652925515196842	0.958333333333333	0	"model59"
0.583333333333333	0.0809854429839625	0.833333333333333	0.0809854429839625	0.75	0	"model60"
0.170833333333333	0.0536118307378299	0.170833333333333	0.0536118307378299	1	0	"model61"
0.641666666666667	0.0790569415042095	0.641666666666667	0.0790569415042095	1	0	"model62"
0.275	0.104305463086214	0.275	0.104305463086214	1	0	"model63"
0.166666666666667	0.107582870727984	0.166666666666667	0.107582870727984	1	0	"model64"
0.354166666666667	0.116617052942685	0.354166666666667	0.116617052942685	1	0	"model65"
0.3625	0.119557440092541	0.3625	0.119557440092541	1	0	"model66"
0.279166666666667	0.0879507788832642	0.279166666666667	0.0879507788832642	1	0	"model67"
0.4	0.05957669608202	0.4	0.05957669608202	1	0	"model68"
0.520833333333333	0.0861782892082698	0.520833333333333	0.0861782892082698	1	0	"model69"
0.416666666666667	0.111111111111111	0.416666666666667	0.111111111111111	1	0	"model70"
0.170833333333333	0.0951160759347996	0.170833333333333	0.0951160759347996	1	0	"model71"
0.170833333333333	0.0772052339427072	0.170833333333333	0.0772052339427072	1	0	"model72"
0.179166666666667	0.0681829872701866	0.179166666666667	0.0681829872701866	1	0	"model73"
0.429166666666667	0.0834489938099989	0.429166666666667	0.0834489938099989	1	0	"model74"
0.233333333333333	0.052704627669473	0.233333333333333	0.052704627669473	1	0	"model75"
0.183333333333333	0.086066296582387	0.183333333333333	0.086066296582387	1	0	"model76"
0.145833333333333	0.0947095951179573	0.145833333333333	0.0947095951179573	1	0	"model77"
0.254166666666667	0.0720350137771663	0.254166666666667	0.0720350137771663	1	0	"model78"
0.245833333333333	0.0498841249890777	0.245833333333333	0.0498841249890777	1	0	"model79"
0.4625	0.106592132524166	0.4625	0.106592132524166	1	0	"model80"
0.658333333333333	0.0674719877860618	0.658333333333333	0.0674719877860618	1	0	"model81"
0.279166666666667	0.0834489938099989	0.279166666666667	0.0834489938099989	1	0	"model82"
0.4	0.0489078246157195	0.4	0.0489078246157195	1	0	"model83"
0.245833333333333	0.0693054163881925	0.245833333333333	0.0693054163881925	1	0	"model84"
0.4375	0.0839100414832956	0.4375	0.0839100414832956	1	0	"model85"
0.4625	0.108386738972926	0.4625	0.108386738972926	1	0	"model86"
0.025	0.0215165741455968	0.025	0.0215165741455968	1	0	"model87"
0.420833333333333	0.0664638117444744	0.420833333333333	0.0664638117444744	1	0	"model88"
0.391666666666667	0.0790569415042095	0.391666666666667	0.0790569415042095	1	0	"model89"
0.308333333333333	0.0946077020329244	0.308333333333333	0.0946077020329244	1	0	"model90"
0.604166666666667	0.132127066600281	0.604166666666667	0.132127066600281	1	0	"model91"
0.6875	0.10622957319985	0.6875	0.10622957319985	1	0	"model92"
0.775	0.0904378922005539	0.775	0.0904378922005539	1	0	"model93"
0.0125	0.0201269121474853	0.0125	0.0201269121474853	1	0	"model94"
0.45	0.0937885723118563	0.45	0.0937885723118563	1	0	"model95"
0.408333333333333	0.0917087445512176	0.408333333333333	0.0917087445512176	1	0	"model96"
0.329166666666667	0.0820503082652329	0.329166666666667	0.0820503082652329	1	0	"model97"
0.8125	0.052887313235166	0.895833333333333	0.052887313235166	0.916666666666667	0	"model98"
0.741666666666667	0.0895806416477617	0.741666666666667	0.0895806416477617	1	0	"model99"
0.3375	0.0990892165652054	0.3375	0.0990892165652054	1	0	"model100"
0.4	0.052704627669473	0.4	0.052704627669473	1	0	"model101"
0.425	0.0614887322810518	0.425	0.0614887322810518	1	0	"model102"
0.145833333333333	0.102533493473843	0.145833333333333	0.102533493473843	1	0	"model103"
0.504166666666667	0.140888385032397	0.504166666666667	0.140888385032397	1	0	"model104"
0.316666666666667	0.0627310543924234	0.316666666666667	0.0627310543924234	1	0	"model105"
0.191666666666667	0.052704627669473	0.191666666666667	0.052704627669473	1	0	"model106"
0.329166666666667	0.0772052339427072	0.329166666666667	0.0772052339427072	1	0	"model107"
0.208333333333333	0.0439205230578942	0.208333333333333	0.0439205230578942	1	0	"model108"
0.2375	0.0681829872701865	0.2375	0.0681829872701865	1	0	"model109"
0.145833333333333	0.0839100414832956	0.145833333333333	0.0839100414832956	1	0	"model110"
0.295833333333333	0.0570966799752624	0.295833333333333	0.0570966799752624	1	0	"model111"
0.4375	0.133579055983829	0.4375	0.133579055983829	1	0	"model112"
0.233333333333333	0.0946077020329245	0.233333333333333	0.0946077020329245	1	0	"model113"
0.308333333333333	0.0627310543924234	0.308333333333333	0.0627310543924234	1	0	"model114"
0.754166666666667	0.0971229652058172	0.795833333333333	0.0971229652058171	0.958333333333333	0	"model115"
0.233333333333333	0.0986013297183269	0.233333333333333	0.0986013297183269	1	0	"model116"
0.345833333333333	0.0879507788832642	0.345833333333333	0.0879507788832642	1	0	"model117"
0.370833333333333	0.139512488931641	0.370833333333333	0.139512488931641	1	0	"model118"
0.620833333333333	0.060380736442456	0.620833333333333	0.060380736442456	1	0	"model119"
0.229166666666667	0.0741463767502174	0.229166666666667	0.0741463767502174	1	0	"model120"
0.133333333333333	0.0702728368926307	0.133333333333333	0.0702728368926307	1	0	"model121"
0.454166666666667	0.115286144274706	0.454166666666667	0.115286144274706	1	0	"model122"
0.579166666666667	0.139512488931641	0.579166666666667	0.139512488931641	1	0	"model123"
0.691666666666667	0.0562457131425461	0.733333333333333	0.0562457131425461	0.958333333333333	0	"model124"
0.15	0.0882791587892817	0.15	0.0882791587892817	1	0	"model125"
0.754166666666667	0.0746648891984201	0.795833333333333	0.0746648891984201	0.958333333333333	0	"model126"
0.4875	0.0983074353843688	0.4875	0.0983074353843688	1	0	"model127"
0.475	0.100538672615855	0.475	0.100538672615855	1	0	"model128"
0.254166666666667	0.0990892165652054	0.254166666666667	0.0990892165652054	1	0	"model129"
0.2625	0.105865772223108	0.2625	0.105865772223108	1	0	"model130"
0.420833333333333	0.0930659198208386	0.420833333333333	0.0930659198208386	1	0	"model131"
0.433333333333333	0.0814604349923066	0.433333333333333	0.0814604349923066	1	0	"model132"
0.6875	0.109801307644735	0.6875	0.109801307644735	1	0	"model133"
0.495833333333333	0.0720350137771663	0.495833333333333	0.0720350137771663	1	0	"model134"
0.358333333333333	0.086066296582387	0.358333333333333	0.086066296582387	1	0	"model135"
0.4875	0.0811044517814246	0.4875	0.0811044517814246	1	0	"model136"
0.45	0.0614887322810518	0.45	0.0614887322810518	1	0	"model137"
0.5625	0.0658807845868412	0.5625	0.0658807845868412	1	0	"model138"
0.4375	0.111544294473674	0.4375	0.111544294473674	1	0	"model139"
0.2625	0.059089020517174	0.2625	0.059089020517174	1	0	"model140"
0.120833333333333	0.0536118307378299	0.120833333333333	0.0536118307378299	1	0	"model141"
0.2125	0.0772052339427072	0.2125	0.0772052339427072	1	0	"model142"
0.191666666666667	0.0904378922005539	0.191666666666667	0.0904378922005539	1	0	"model143"
0.770833333333333	0.0404927214919812	0.895833333333333	0.0404927214919812	0.875	0	"model144"
0.383333333333333	0.0937885723118563	0.383333333333333	0.0937885723118563	1	0	"model145"
0.554166666666667	0.0761992595796956	0.554166666666667	0.0761992595796956	1	0	"model146"
0.554166666666667	0.104027685061522	0.554166666666667	0.104027685061522	1	0	"model147"
0.320833333333333	0.104027685061522	0.320833333333333	0.104027685061522	1	0	"model148"
0.204166666666667	0.0570966799752624	0.204166666666667	0.0570966799752624	1	0	"model149"
0.3375	0.0820503082652329	0.3375	0.0820503082652329	1	0	"model150"
0.325	0.0978156492314389	0.325	0.0978156492314389	1	0	"model151"
0.35	0.126075619087891	0.35	0.126075619087891	1	0	"model152"
0.429166666666667	0.0879507788832642	0.429166666666667	0.0879507788832642	1	0	"model153"
0.625	0.0833333333333333	0.625	0.0833333333333333	1	0	"model154"
0.6125	0.0622680882540553	0.6125	0.0622680882540553	1	0	"model155"
0.470833333333333	0.100250457958992	0.470833333333333	0.100250457958992	1	0	"model156"
0.170833333333333	0.060380736442456	0.170833333333333	0.060380736442456	1	0	"model157"
0.545833333333333	0.0570966799752624	0.545833333333333	0.0570966799752624	1	0	"model158"
0.733333333333333	0.0713624032148063	0.733333333333333	0.0713624032148063	1	0	"model159"
0.404166666666667	0.0761992595796956	0.404166666666667	0.0761992595796956	1	0	"model160"
0.2875	0.0536118307378299	0.2875	0.0536118307378299	1	0	"model161"
0.258333333333333	0.0780748295697511	0.258333333333333	0.0780748295697511	1	0	"model162"
0.6625	0.0843685697138191	0.6625	0.0843685697138191	1	0	"model163"
0.479166666666667	0.118259627541156	0.479166666666667	0.118259627541156	1	0	"model164"
0.25	0.100154202096222	0.25	0.100154202096222	1	0	"model165"
0.45	0.0729662529809094	0.45	0.0729662529809094	1	0	"model166"
0.483333333333333	0.0740161810804124	0.483333333333333	0.0740161810804124	1	0	"model167"
0.420833333333333	0.088823760862886	0.420833333333333	0.088823760862886	1	0	"model168"
0.479166666666667	0.149909952395298	0.479166666666667	0.149909952395298	1	0	"model169"
0.383333333333333	0.0729662529809094	0.383333333333333	0.0729662529809094	1	0	"model170"
0.495833333333333	0.0951160759347996	0.495833333333333	0.0951160759347996	1	0	"model171"
0.304166666666667	0.107672485796191	0.304166666666667	0.107672485796191	1	0	"model172"
0.383333333333333	0.0645497224367903	0.383333333333333	0.0645497224367903	1	0	"model173"
0.7	0.0512196914294049	0.7	0.0512196914294049	1	0	"model174"
0.116666666666667	0.0548567157170319	0.116666666666667	0.0548567157170319	1	0	"model175"
0.758333333333333	0.0917087445512177	0.8	0.0917087445512176	0.958333333333333	0	"model176"
0.379166666666667	0.118585412256314	0.379166666666667	0.118585412256314	1	0	"model177"
0.129166666666667	0.0414345385838231	0.129166666666667	0.0414345385838231	1	0	"model178"
0.395833333333333	0.0714974315346319	0.395833333333333	0.0714974315346319	1	0	"model179"
0.308333333333333	0.0882791587892817	0.308333333333333	0.0882791587892817	1	0	"model180"
0.3875	0.119557440092541	0.3875	0.119557440092541	1	0	"model181"
0.125	0.0833333333333333	0.125	0.0833333333333333	1	0	"model182"
0.191666666666667	0.052704627669473	0.191666666666667	0.052704627669473	1	0	"model183"
0.445833333333333	0.102156530824629	0.445833333333333	0.102156530824629	1	0	"model184"
0.275	0.0740161810804124	0.275	0.0740161810804124	1	0	"model185"
0.6375	0.0652925515196842	0.8875	0.0652925515196842	0.75	0	"model186"
0.0958333333333333	0.0483125753636836	0.0958333333333333	0.0483125753636836	1	0	"model187"
0.354166666666667	0.124613600311989	0.354166666666667	0.124613600311989	1	0	"model188"
0.733333333333333	0.052704627669473	0.733333333333333	0.052704627669473	1	0	"model189"
0.420833333333333	0.108386738972926	0.420833333333333	0.108386738972926	1	0	"model190"
0.4375	0.0839100414832956	0.4375	0.0839100414832956	1	0	"model191"
0.145833333333333	0.0905444778500368	0.145833333333333	0.0905444778500368	1	0	"model192"
0.279166666666667	0.0557288962437191	0.279166666666667	0.0557288962437191	1	0	"model193"
0.304166666666667	0.0441395793946408	0.304166666666667	0.0441395793946408	1	0	"model194"
0.2625	0.109449379471364	0.2625	0.109449379471364	1	0	"model195"
0.341666666666667	0.10722366147566	0.341666666666667	0.10722366147566	1	0	"model196"
0.466666666666667	0.0582671582316751	0.466666666666667	0.0582671582316751	1	0	"model197"
0.5	0.0734930919740164	0.5	0.0734930919740164	1	0	"model198"
0.758333333333333	0.0614887322810518	0.8	0.0614887322810518	0.958333333333333	0	"model199"
0.1875	0.0791788489652179	0.1875	0.0791788489652179	1	0	"model200"
0.5125	0.137563116826826	0.5125	0.137563116826826	1	0	"model201"
0.279166666666667	0.0879507788832642	0.279166666666667	0.0879507788832642	1	0	"model202"
0.325	0.0828690771676461	0.325	0.0828690771676461	1	0	"model203"
0.245833333333333	0.0746648891984201	0.245833333333333	0.0746648891984201	1	0	"model204"
0.441666666666667	0.113175271041463	0.441666666666667	0.113175271041463	1	0	"model205"
0.854166666666667	0.0404927214919813	0.895833333333333	0.0404927214919812	0.958333333333333	0	"model206"
0.154166666666667	0.0943013622042664	0.154166666666667	0.0943013622042664	1	0	"model207"
0.6625	0.060380736442456	0.9125	0.060380736442456	0.75	0	"model208"
0.0125	0.0201269121474853	0.0125	0.0201269121474853	1	0	"model209"
0.379166666666667	0.0498841249890777	0.920833333333333	0.0498841249890777	0.458333333333333	0	"model210"
0.195833333333333	0.0681829872701865	0.195833333333333	0.0681829872701865	1	0	"model211"
0.5125	0.131834749723159	0.5125	0.131834749723159	1	0	"model212"
0.479166666666667	0.052887313235166	0.479166666666667	0.052887313235166	1	0	"model213"
0.616666666666667	0.0582671582316751	0.908333333333333	0.0582671582316751	0.708333333333333	0	"model214"
0.479166666666667	0.0767038959526893	0.479166666666667	0.0767038959526893	1	0	"model215"
0.216666666666667	0.0674719877860618	0.216666666666667	0.0674719877860618	1	0	"model216"
0.479166666666667	0.0815787508643801	0.479166666666667	0.0815787508643801	1	0	"model217"
0.270833333333333	0.0986991000246659	0.270833333333333	0.0986991000246659	1	0	"model218"
0.283333333333333	0.105409255338946	0.283333333333333	0.105409255338946	1	0	"model219"
0.191666666666667	0.0627310543924234	0.191666666666667	0.0627310543924234	1	0	"model220"
0.2	0.0702728368926307	0.2	0.0702728368926307	1	0	"model221"
0.170833333333333	0.088823760862886	0.170833333333333	0.088823760862886	1	0	"model222"
0.2875	0.0772052339427072	0.2875	0.0772052339427072	1	0	"model223"
0.429166666666667	0.116285753827414	0.429166666666667	0.116285753827414	1	0	"model224"
0.483333333333333	0.0447903208238808	0.483333333333333	0.0447903208238808	1	0	"model225"
0.208333333333333	0.0982092751647983	0.208333333333333	0.0982092751647983	1	0	"model226"
0.345833333333333	0.0922330984215777	0.345833333333333	0.0922330984215777	1	0	"model227"
0.466666666666667	0.0937885723118563	0.466666666666667	0.0937885723118563	1	0	"model228"
0.4125	0.104766789809145	0.4125	0.104766789809145	1	0	"model229"
0.420833333333333	0.120201091796771	0.420833333333333	0.120201091796771	1	0	"model230"
0.408333333333333	0.0702728368926307	0.408333333333333	0.0702728368926307	1	0	"model231"
0.404166666666667	0.0879507788832642	0.404166666666667	0.0879507788832642	1	0	"model232"
0.779166666666667	0.0922330984215777	0.820833333333333	0.0922330984215777	0.958333333333333	0	"model233"
0.170833333333333	0.0634951636147914	0.170833333333333	0.0634951636147914	1	0	"model234"
0.216666666666667	0.0674719877860618	0.216666666666667	0.0674719877860618	1	0	"model235"
0.566666666666667	0.0790569415042095	0.566666666666667	0.0790569415042095	1	0	"model236"
0.1875	0.0741463767502174	0.1875	0.0741463767502174	1	0	"model237"
0.333333333333333	0.0734930919740164	0.333333333333333	0.0734930919740164	1	0	"model238"
0.491666666666667	0.114193359950525	0.491666666666667	0.114193359950525	1	0	"model239"
0.254166666666667	0.0307443661405259	0.9625	0.0307443661405259	0.291666666666667	0	"model240"
0.266666666666667	0.0837950173833242	0.266666666666667	0.0837950173833242	1	0	"model241"
0.3125	0.0883883476483184	0.3125	0.0883883476483184	1	0	"model242"
0.204166666666667	0.106592132524166	0.204166666666667	0.106592132524166	1	0	"model243"
0.408333333333333	0.0263523138347365	0.95	0.0263523138347365	0.458333333333333	0	"model244"
0.420833333333333	0.104766789809145	0.420833333333333	0.104766789809145	1	0	"model245"
0.25	0.0734930919740164	0.25	0.0734930919740164	1	0	"model246"
0.308333333333333	0.0837950173833242	0.308333333333333	0.0837950173833242	1	0	"model247"
0.195833333333333	0.0709557765246933	0.195833333333333	0.0709557765246933	1	0	"model248"
0.4125	0.108386738972926	0.4125	0.108386738972926	1	0	"model249"
0.445833333333333	0.0761992595796956	0.445833333333333	0.0761992595796956	1	0	"model250"
0.479166666666667	0.0883883476483184	0.479166666666667	0.0883883476483184	1	0	"model251"
0.179166666666667	0.0761992595796956	0.179166666666667	0.0761992595796956	1	0	"model252"
0.15	0.0351364184463153	0.15	0.0351364184463153	1	0	"model253"
0.495833333333333	0.113600583592659	0.495833333333333	0.113600583592659	1	0	"model254"
0.379166666666667	0.0634951636147914	0.379166666666667	0.0634951636147914	1	0	"model255"
0.408333333333333	0.0917087445512177	0.408333333333333	0.0917087445512177	1	0	"model256"
0.491666666666667	0.0805076485899413	0.491666666666667	0.0805076485899413	1	0	"model257"
0.475	0.107940884598475	0.475	0.107940884598475	1	0	"model258"
0.675	0.0895806416477617	0.675	0.0895806416477617	1	0	"model259"
0.479166666666667	0.0767038959526893	0.479166666666667	0.0767038959526893	1	0	"model260"
0.0541666666666667	0.0343030250978569	0.0541666666666667	0.0343030250978569	1	0	"model261"
0.458333333333333	0.0941990275434065	0.458333333333333	0.0941990275434065	1	0	"model262"
0.445833333333333	0.0521527315431072	0.445833333333333	0.0521527315431072	1	0	"model263"
0.254166666666667	0.0971229652058172	0.254166666666667	0.0971229652058172	1	0	"model264"
0.316666666666667	0.052704627669473	0.316666666666667	0.052704627669473	1	0	"model265"
0.3625	0.0879507788832642	0.3625	0.0879507788832642	1	0	"model266"
0.470833333333333	0.109449379471364	0.470833333333333	0.109449379471364	1	0	"model267"
0.65	0.107940884598475	0.65	0.107940884598475	1	0	"model268"
0.2	0.0874007373475126	0.2	0.0874007373475126	1	0	"model269"
0.245833333333333	0.0414345385838231	0.954166666666667	0.0414345385838231	0.291666666666667	0	"model270"
0.320833333333333	0.0483125753636836	0.320833333333333	0.0483125753636836	1	0	"model271"
0.208333333333333	0.0621129993749942	0.208333333333333	0.0621129993749942	1	0	"model272"
0.625	0.0785674201318386	0.625	0.0785674201318386	1	0	"model273"
0.504166666666667	0.120201091796771	0.504166666666667	0.120201091796771	1	0	"model274"
0.379166666666667	0.0693054163881925	0.379166666666667	0.0693054163881925	1	0	"model275"
0.3125	0.0815787508643801	0.3125	0.0815787508643801	1	0	"model276"
0.433333333333333	0.0686060501957137	0.433333333333333	0.0686060501957137	1	0	"model277"
0.170833333333333	0.0498841249890777	0.170833333333333	0.0498841249890777	1	0	"model278"
0.404166666666667	0.11461489464321	0.404166666666667	0.11461489464321	1	0	"model279"
0.545833333333333	0.140888385032397	0.545833333333333	0.140888385032397	1	0	"model280"
0.129166666666667	0.0720350137771663	0.129166666666667	0.0720350137771663	1	0	"model281"
0.65	0.114867072934085	0.65	0.114867072934085	1	0	"model282"
0.1625	0.0720350137771663	0.1625	0.0720350137771663	1	0	"model283"
0.2375	0.0681829872701865	0.2375	0.0681829872701865	1	0	"model284"
0.216666666666667	0.10722366147566	0.216666666666667	0.10722366147566	1	0	"model285"
0.4625	0.0820503082652329	0.4625	0.0820503082652329	1	0	"model286"
0.279166666666667	0.11461489464321	0.279166666666667	0.11461489464321	1	0	"model287"
0.0583333333333333	0.0402538242949707	0.0583333333333333	0.0402538242949707	1	0	"model288"
0.466666666666667	0.112491426285092	0.466666666666667	0.112491426285092	1	0	"model289"
0.4375	0.108030202681278	0.4375	0.108030202681278	1	0	"model290"
0.441666666666667	0.0790569415042095	0.441666666666667	0.0790569415042095	1	0	"model291"
0.620833333333333	0.088823760862886	0.620833333333333	0.088823760862886	1	0	"model292"
0.429166666666667	0.0761992595796956	0.429166666666667	0.0761992595796956	1	0	"model293"
0.191666666666667	0.0904378922005539	0.191666666666667	0.0904378922005539	1	0	"model294"
0.741666666666667	0.0958232683925574	0.783333333333333	0.0958232683925574	0.958333333333333	0	"model295"
0.195833333333333	0.0879507788832642	0.195833333333333	0.0879507788832642	1	0	"model296"
0.125	0.105774626470332	0.125	0.105774626470332	1	0	"model297"
0.204166666666667	0.0307443661405259	0.204166666666667	0.0307443661405259	1	0	"model298"
0.545833333333333	0.05361183073783	0.545833333333333	0.05361183073783	1	0	"model299"
0.3625	0.0943013622042664	0.3625	0.0943013622042664	1	0	"model300"
0.629166666666667	0.0498841249890777	0.920833333333333	0.0498841249890777	0.708333333333333	0	"model301"
0.529166666666667	0.0395284707521047	0.529166666666667	0.0395284707521047	1	0	"model302"
0.220833333333333	0.0879507788832642	0.220833333333333	0.0879507788832642	1	0	"model303"
0.175	0.0702728368926307	0.175	0.0702728368926307	1	0	"model304"
0.5	0.0734930919740164	0.5	0.0734930919740164	1	0	"model305"
0.325	0.120761472884912	0.325	0.120761472884912	1	0	"model306"
0.216666666666667	0.0582671582316751	0.216666666666667	0.0582671582316751	1	0	"model307"
0.5125	0.059089020517174	0.5125	0.059089020517174	1	0	"model308"
0.7375	0.0811044517814246	0.779166666666667	0.0811044517814246	0.958333333333333	0	"model309"
0.470833333333333	0.0922330984215777	0.470833333333333	0.0922330984215777	1	0	"model310"
0.270833333333333	0.0926504448897662	0.270833333333333	0.0926504448897662	1	0	"model311"
0.154166666666667	0.0736242126705476	0.154166666666667	0.0736242126705476	1	0	"model312"
0.766666666666667	0.0790569415042095	0.808333333333333	0.0790569415042095	0.958333333333333	0	"model313"
0.241666666666667	0.0828690771676461	0.241666666666667	0.0828690771676461	1	0	"model314"
0.208333333333333	0.0734930919740164	0.208333333333333	0.0734930919740164	1	0	"model315"
0.316666666666667	0.126075619087891	0.316666666666667	0.126075619087891	1	0	"model316"
0.358333333333333	0.0946077020329244	0.358333333333333	0.0946077020329244	1	0	"model317"
0.075	0.0614887322810518	0.075	0.0614887322810518	1	0	"model318"
0.2	0.0755637250485302	0.2	0.0755637250485302	1	0	"model319"
0.420833333333333	0.0664638117444744	0.420833333333333	0.0664638117444744	1	0	"model320"
0.295833333333333	0.0634951636147914	0.295833333333333	0.0634951636147914	1	0	"model321"
0.283333333333333	0.0805076485899413	0.283333333333333	0.0805076485899413	1	0	"model322"
0.404166666666667	0.0441395793946408	0.404166666666667	0.0441395793946408	1	0	"model323"
0.279166666666667	0.0681829872701865	0.279166666666667	0.0681829872701865	1	0	"model324"
0.283333333333333	0.105409255338946	0.283333333333333	0.105409255338946	1	0	"model325"
0.770833333333333	0.0687464926153588	0.8125	0.0687464926153588	0.958333333333333	0	"model326"
0.216666666666667	0.0997682499781554	0.216666666666667	0.0997682499781554	1	0	"model327"
0.479166666666667	0.100634560737427	0.479166666666667	0.100634560737427	1	0	"model328"
0.0458333333333333	0.0498841249890777	0.0458333333333333	0.0498841249890777	1	0	"model329"
0.233333333333333	0.0814604349923066	0.233333333333333	0.0814604349923066	1	0	"model330"
0.341666666666667	0.120761472884912	0.341666666666667	0.120761472884912	1	0	"model331"
0.208333333333333	0.0760725774312731	0.208333333333333	0.0760725774312731	1	0	"model332"
0.358333333333333	0.0402538242949707	0.9	0.0402538242949707	0.458333333333333	0	"model333"
0.6125	0.0557288962437191	0.6125	0.0557288962437191	1	0	"model334"
0.0791666666666667	0.0720350137771663	0.0791666666666667	0.0720350137771663	1	0	"model335"
0.166666666666667	0.0785674201318386	0.166666666666667	0.0785674201318386	1	0	"model336"
0.383333333333333	0.0548567157170319	0.383333333333333	0.0548567157170319	1	0	"model337"
0.725	0.0814604349923066	0.766666666666667	0.0814604349923066	0.958333333333333	0	"model338"
0.191666666666667	0.0740161810804124	0.191666666666667	0.0740161810804124	1	0	"model339"
0.7875	0.0693054163881925	0.829166666666667	0.0693054163881925	0.958333333333333	0	"model340"
0.479166666666667	0.136436685447142	0.479166666666667	0.136436685447142	1	0	"model341"
0.2625	0.0441395793946408	0.2625	0.0441395793946408	1	0	"model342"
0.508333333333333	0.117523310007257	0.508333333333333	0.117523310007257	1	0	"model343"
0.425	0.0978156492314389	0.425	0.0978156492314389	1	0	"model344"
0.7	0.105409255338946	0.741666666666667	0.105409255338946	0.958333333333333	0	"model345"
0.425	0.109007871501937	0.425	0.109007871501937	1	0	"model346"
0.308333333333333	0.136365974540373	0.308333333333333	0.136365974540373	1	0	"model347"
0.325	0.138610832776385	0.325	0.138610832776385	1	0	"model348"
0.220833333333333	0.059089020517174	0.220833333333333	0.059089020517174	1	0	"model349"
0.583333333333333	0.0481125224324688	0.958333333333333	0.0481125224324688	0.625	0	"model350"
0.5625	0.0986991000246659	0.5625	0.0986991000246659	1	0	"model351"
0.333333333333333	0.0734930919740164	0.333333333333333	0.0734930919740164	1	0	"model352"
0.191666666666667	0.0447903208238808	0.191666666666667	0.0447903208238808	1	0	"model353"
0.320833333333333	0.0857294409000609	0.320833333333333	0.0857294409000609	1	0	"model354"
0.7375	0.0521527315431072	0.779166666666667	0.0521527315431072	0.958333333333333	0	"model355"
0.425	0.0917087445512176	0.425	0.0917087445512176	1	0	"model356"
0.325	0.101683362320684	0.325	0.101683362320684	1	0	"model357"
0.4375	0.0967249185915564	0.4375	0.0967249185915564	1	0	"model358"
0.433333333333333	0.0627310543924234	0.433333333333333	0.0627310543924234	1	0	"model359"
0.304166666666667	0.0811044517814246	0.304166666666667	0.0811044517814246	1	0	"model360"
0.254166666666667	0.0971229652058172	0.254166666666667	0.0971229652058172	1	0	"model361"
0.204166666666667	0.0664638117444744	0.204166666666667	0.0664638117444744	1	0	"model362"
0.391666666666667	0.10243938285881	0.391666666666667	0.10243938285881	1	0	"model363"
0.308333333333333	0.127596489753954	0.308333333333333	0.127596489753954	1	0	"model364"
0.270833333333333	0.109801307644735	0.270833333333333	0.109801307644735	1	0	"model365"
0.470833333333333	0.0736242126705476	0.470833333333333	0.0736242126705476	1	0	"model366"
0.708333333333333	0.105774626470332	0.708333333333333	0.105774626470332	1	0	"model367"
0.483333333333333	0.0814604349923066	0.483333333333333	0.0814604349923066	1	0	"model368"
0.4125	0.0664638117444744	0.4125	0.0664638117444744	1	0	"model369"
0.170833333333333	0.0307443661405259	0.9625	0.0307443661405259	0.208333333333333	0	"model370"
0.179166666666667	0.0709557765246933	0.179166666666667	0.0709557765246933	1	0	"model371"
0.4625	0.0746648891984201	0.4625	0.0746648891984201	1	0	"model372"
0.375	0.0809854429839625	0.375	0.0809854429839625	1	0	"model373"
0.304166666666667	0.0922330984215777	0.304166666666667	0.0922330984215777	1	0	"model374"
0.7625	0.0736242126705476	0.804166666666667	0.0736242126705476	0.958333333333333	0	"model375"
0.479166666666667	0.113260461321528	0.479166666666667	0.113260461321528	1	0	"model376"
0.45	0.0674719877860618	0.45	0.0674719877860618	1	0	"model377"
0.245833333333333	0.0796646133316666	0.245833333333333	0.0796646133316666	1	0	"model378"
0.275	0.0489078246157195	0.275	0.0489078246157195	1	0	"model379"
0.658333333333333	0.0828690771676461	0.658333333333333	0.0828690771676461	1	0	"model380"
0.3125	0.10622957319985	0.3125	0.10622957319985	1	0	"model381"
0.733333333333333	0.0627310543924234	0.733333333333333	0.0627310543924234	1	0	"model382"
0.183333333333333	0.0595766960820201	0.183333333333333	0.0595766960820201	1	0	"model383"
0.3625	0.0736242126705476	0.3625	0.0736242126705476	1	0	"model384"
0.104166666666667	0.0564169333655275	0.104166666666667	0.0564169333655275	1	0	"model385"
0.291666666666667	0.065144663330881	0.291666666666667	0.065144663330881	1	0	"model386"
0.233333333333333	0.0925462847164316	0.233333333333333	0.0925462847164316	1	0	"model387"
0.279166666666667	0.0622680882540553	0.279166666666667	0.0622680882540553	1	0	"model388"
0.2875	0.0772052339427072	0.2875	0.0772052339427072	1	0	"model389"
0.616666666666667	0.105409255338946	0.616666666666667	0.105409255338946	1	0	"model390"
0.454166666666667	0.0498841249890777	0.454166666666667	0.0498841249890777	1	0	"model391"
0.129166666666667	0.060380736442456	0.129166666666667	0.060380736442456	1	0	"model392"
0.283333333333333	0.103563066012818	0.283333333333333	0.103563066012818	1	0	"model393"
0.466666666666667	0.132927623488949	0.466666666666667	0.132927623488949	1	0	"model394"
0.475	0.0946077020329245	0.475	0.0946077020329245	1	0	"model395"
0.470833333333333	0.130363333669526	0.470833333333333	0.130363333669526	1	0	"model396"
0.2875	0.126457551556556	0.2875	0.126457551556556	1	0	"model397"
0.15	0.0814604349923066	0.15	0.0814604349923066	1	0	"model398"
0.2625	0.0681829872701865	0.2625	0.0681829872701865	1	0	"model399"
0.445833333333333	0.0681829872701865	0.445833333333333	0.0681829872701865	1	0	"model400"
0.3875	0.102156530824629	0.3875	0.102156530824629	1	0	"model401"
0.7625	0.0736242126705476	0.804166666666667	0.0736242126705476	0.958333333333333	0	"model402"
0.6125	0.14033964532299	0.6125	0.14033964532299	1	0	"model403"
0.275	0.0686060501957137	0.275	0.0686060501957137	1	0	"model404"
0.433333333333333	0.05957669608202	0.433333333333333	0.05957669608202	1	0	"model405"
0.370833333333333	0.0746648891984201	0.370833333333333	0.0746648891984201	1	0	"model406"
0.166666666666667	0.065144663330881	0.166666666666667	0.065144663330881	1	0	"model407"
0.354166666666667	0.0767038959526893	0.354166666666667	0.0767038959526893	1	0	"model408"
0.354166666666667	0.0926504448897662	0.354166666666667	0.0926504448897662	1	0	"model409"
0.758333333333333	0.0582671582316751	0.8	0.0582671582316751	0.958333333333333	0	"model410"
0.1125	0.0652925515196842	0.1125	0.0652925515196842	1	0	"model411"
0.425	0.0702728368926306	0.425	0.0702728368926306	1	0	"model412"
0.3125	0.0883883476483184	0.3125	0.0883883476483184	1	0	"model413"
0.5125	0.0761992595796955	0.5125	0.0761992595796955	1	0	"model414"
0.404166666666667	0.111197882784712	0.404166666666667	0.111197882784712	1	0	"model415"
0.141666666666667	0.05957669608202	0.141666666666667	0.05957669608202	1	0	"model416"
0.420833333333333	0.0796646133316666	0.420833333333333	0.0796646133316666	1	0	"model417"
0.345833333333333	0.0622680882540553	0.345833333333333	0.0622680882540553	1	0	"model418"
0.25	0.102062072615966	0.25	0.102062072615966	1	0	"model419"
0.316666666666667	0.0925462847164316	0.316666666666667	0.0925462847164316	1	0	"model420"
0.45	0.117523310007257	0.45	0.117523310007257	1	0	"model421"
0.3625	0.0736242126705476	0.3625	0.0736242126705476	1	0	"model422"
0.420833333333333	0.0746648891984201	0.420833333333333	0.0746648891984201	1	0	"model423"
0.233333333333333	0.05957669608202	0.233333333333333	0.05957669608202	1	0	"model424"
0.25	0.0708197154665665	0.25	0.0708197154665665	1	0	"model425"
0.275	0.0966251507273671	0.275	0.0966251507273671	1	0	"model426"
0.279166666666667	0.0521527315431072	0.279166666666667	0.0521527315431072	1	0	"model427"
0.283333333333333	0.0805076485899413	0.283333333333333	0.0805076485899413	1	0	"model428"
0.466666666666667	0.126990327229583	0.466666666666667	0.126990327229583	1	0	"model429"
0.479166666666667	0.118259627541156	0.479166666666667	0.118259627541156	1	0	"model430"
0.6125	0.124303615751469	0.6125	0.124303615751469	1	0	"model431"
0.6375	0.0901173788750463	0.6375	0.0901173788750463	1	0	"model432"
0.479166666666667	0.0905444778500368	0.479166666666667	0.0905444778500368	1	0	"model433"
0.229166666666667	0.0815787508643801	0.229166666666667	0.0815787508643801	1	0	"model434"
0.304166666666667	0.0901173788750463	0.304166666666667	0.0901173788750463	1	0	"model435"
0.533333333333333	0.0702728368926307	0.533333333333333	0.0702728368926307	1	0	"model436"
0.366666666666667	0.0895806416477617	0.366666666666667	0.0895806416477617	1	0	"model437"
0.2625	0.0557288962437191	0.2625	0.0557288962437191	1	0	"model438"
0.458333333333333	0.0878410461157883	0.458333333333333	0.0878410461157883	1	0	"model439"
0.483333333333333	0.065734219812218	0.483333333333333	0.065734219812218	1	0	"model440"
0.691666666666667	0.0925462847164316	0.733333333333333	0.0925462847164316	0.958333333333333	0	"model441"
0.366666666666667	0.0937885723118563	0.366666666666667	0.0937885723118563	1	0	"model442"
0.304166666666667	0.0901173788750463	0.304166666666667	0.0901173788750463	1	0	"model443"
0.404166666666667	0.0786900859678627	0.404166666666667	0.0786900859678627	1	0	"model444"
0.416666666666667	0.058925565098879	0.416666666666667	0.058925565098879	1	0	"model445"
0.3125	0.0815787508643801	0.3125	0.0815787508643801	1	0	"model446"
0.479166666666667	0.0767038959526893	0.479166666666667	0.0767038959526893	1	0	"model447"
0.279166666666667	0.100250457958992	0.279166666666667	0.100250457958992	1	0	"model448"
0.566666666666667	0.0713624032148063	0.566666666666667	0.0713624032148063	1	0	"model449"
0.695833333333333	0.111197882784712	0.7375	0.111197882784712	0.958333333333333	0	"model450"
0.458333333333333	0.111111111111111	0.458333333333333	0.111111111111111	1	0	"model451"
0.483333333333333	0.05957669608202	0.483333333333333	0.05957669608202	1	0	"model452"
0.35	0.104305463086214	0.35	0.104305463086214	1	0	"model453"
0.175	0.0917087445512177	0.175	0.0917087445512177	1	0	"model454"
0.4	0.0351364184463153	0.941666666666667	0.0351364184463153	0.458333333333333	0	"model455"
0.4	0.106138739858571	0.4	0.106138739858571	1	0	"model456"
0.595833333333333	0.107672485796191	0.595833333333333	0.107672485796191	1	0	"model457"
0.133333333333333	0.0430331482911935	0.133333333333333	0.0430331482911935	1	0	"model458"
0.454166666666667	0.102909075293571	0.454166666666667	0.102909075293571	1	0	"model459"
0.420833333333333	0.086624811830626	0.420833333333333	0.086624811830626	1	0	"model460"
0.7875	0.0746648891984201	0.829166666666667	0.0746648891984201	0.958333333333333	0	"model461"
0.3	0.0895806416477617	0.3	0.0895806416477617	1	0	"model462"
0.295833333333333	0.0664638117444744	0.295833333333333	0.0664638117444744	1	0	"model463"
0.733333333333333	0.0686060501957137	0.858333333333333	0.0686060501957137	0.875	0	"model464"
0.516666666666667	0.0837950173833242	0.516666666666667	0.0837950173833242	1	0	"model465"
0.170833333333333	0.0820503082652329	0.170833333333333	0.0820503082652329	1	0	"model466"
0.691666666666667	0.0882791587892817	0.691666666666667	0.0882791587892817	1	0	"model467"
0.433333333333333	0.0740161810804124	0.433333333333333	0.0740161810804124	1	0	"model468"
0.470833333333333	0.0943013622042664	0.470833333333333	0.0943013622042664	1	0	"model469"
0.466666666666667	0.0917087445512177	0.466666666666667	0.0917087445512177	1	0	"model470"
0.4875	0.0901173788750463	0.4875	0.0901173788750463	1	0	"model471"
0.141666666666667	0.05957669608202	0.141666666666667	0.05957669608202	1	0	"model472"
0.666666666666667	0.0982092751647983	0.666666666666667	0.0982092751647983	1	0	"model473"
0.75	0.122663345365665	0.833333333333333	0.122663345365665	0.916666666666667	0	"model474"
0.308333333333333	0.104305463086214	0.308333333333333	0.104305463086214	1	0	"model475"
0.325	0.0874007373475126	0.325	0.0874007373475126	1	0	"model476"
0.75	0.0708197154665665	0.791666666666667	0.0708197154665665	0.958333333333333	0	"model477"
0.195833333333333	0.0922330984215777	0.195833333333333	0.0922330984215777	1	0	"model478"
0.458333333333333	0.0962250448649376	0.458333333333333	0.0962250448649376	1	0	"model479"
0.266666666666667	0.0713624032148063	0.266666666666667	0.0713624032148063	1	0	"model480"
0.3125	0.0741463767502174	0.3125	0.0741463767502174	1	0	"model481"
0.133333333333333	0.0512196914294049	0.133333333333333	0.0512196914294049	1	0	"model482"
0.241666666666667	0.0937885723118563	0.241666666666667	0.0937885723118563	1	0	"model483"
0.345833333333333	0.0879507788832642	0.345833333333333	0.0879507788832642	1	0	"model484"
0.204166666666667	0.0990892165652054	0.204166666666667	0.0990892165652054	1	0	"model485"
0.4375	0.119879697928	0.4375	0.119879697928	1	0	"model486"
0.445833333333333	0.0786900859678628	0.445833333333333	0.0786900859678628	1	0	"model487"
0.4125	0.111889633672905	0.4125	0.111889633672905	1	0	"model488"
0.433333333333333	0.0904378922005539	0.433333333333333	0.0904378922005539	1	0	"model489"
0.15	0.0713624032148063	0.15	0.0713624032148063	1	0	"model490"
0.420833333333333	0.086624811830626	0.420833333333333	0.086624811830626	1	0	"model491"
0.5	0.0982092751647983	0.5	0.0982092751647983	1	0	"model492"
0.475	0.0740161810804124	0.475	0.0740161810804124	1	0	"model493"
0.575	0.11915339216404	0.575	0.11915339216404	1	0	"model494"
0.470833333333333	0.059089020517174	0.470833333333333	0.059089020517174	1	0	"model495"
0.420833333333333	0.118585412256314	0.420833333333333	0.118585412256314	1	0	"model496"
0.3	0.128500372291338	0.3	0.128500372291338	1	0	"model497"
0.3	0.0937885723118563	0.3	0.0937885723118563	1	0	"model498"
0.541666666666667	0.0982092751647983	0.541666666666667	0.0982092751647983	1	0	"model499"
0.404166666666667	0.0786900859678627	0.404166666666667	0.0786900859678627	1	0	"model500"
0.3	0.0729662529809094	0.3	0.0729662529809094	1	0	"model501"
0.370833333333333	0.0909695716322934	0.370833333333333	0.0909695716322934	1	0	"model502"
0.266666666666667	0.05957669608202	0.266666666666667	0.05957669608202	1	0	"model503"
0.425	0.0917087445512176	0.425	0.0917087445512176	1	0	"model504"
0.5625	0.102533493473843	0.5625	0.102533493473843	1	0	"model505"
0.779166666666667	0.0622680882540553	0.820833333333333	0.0622680882540553	0.958333333333333	0	"model506"
0.283333333333333	0.110763344652094	0.283333333333333	0.110763344652094	1	0	"model507"
0.433333333333333	0.114867072934085	0.433333333333333	0.114867072934085	1	0	"model508"
0.65	0.0946077020329244	0.65	0.0946077020329244	1	0	"model509"
0.6125	0.0879507788832642	0.6125	0.0879507788832642	1	0	"model510"
0.145833333333333	0.0767038959526893	0.145833333333333	0.0767038959526893	1	0	"model511"
0.804166666666667	0.0709557765246933	0.845833333333333	0.0709557765246933	0.958333333333333	0	"model512"
0.458333333333333	0.065144663330881	0.458333333333333	0.065144663330881	1	0	"model513"
0.545833333333333	0.110152111438324	0.545833333333333	0.110152111438324	1	0	"model514"
0.4875	0.0811044517814246	0.4875	0.0811044517814246	1	0	"model515"
0.154166666666667	0.0736242126705476	0.154166666666667	0.0736242126705476	1	0	"model516"
0.333333333333333	0.0196418550329596	0.333333333333333	0.0196418550329596	1	0	"model517"
0.429166666666667	0.107672485796191	0.429166666666667	0.107672485796191	1	0	"model518"
0.483333333333333	0.0814604349923066	0.483333333333333	0.0814604349923066	1	0	"model519"
0.441666666666667	0.11653431646335	0.441666666666667	0.11653431646335	1	0	"model520"
0.7125	0.0693054163881925	0.8375	0.0693054163881925	0.875	0	"model521"
0.470833333333333	0.0963252271355539	0.470833333333333	0.0963252271355539	1	0	"model522"
0.2625	0.0879507788832642	0.2625	0.0879507788832642	1	0	"model523"
0.3625	0.0901173788750463	0.3625	0.0901173788750463	1	0	"model524"
0.2375	0.0943013622042664	0.2375	0.0943013622042664	1	0	"model525"
0.5	0.100154202096222	0.5	0.100154202096222	1	0	"model526"
0.0666666666666667	0.0351364184463153	0.0666666666666667	0.0351364184463153	1	0	"model527"
0.758333333333333	0.0582671582316751	0.8	0.0582671582316751	0.958333333333333	0	"model528"
0.1875	0.0947095951179573	0.1875	0.0947095951179573	1	0	"model529"
0.283333333333333	0.0997682499781554	0.283333333333333	0.0997682499781554	1	0	"model530"
0.1375	0.107672485796191	0.1375	0.107672485796191	1	0	"model531"
0.675	0.0780748295697511	0.883333333333333	0.0780748295697511	0.791666666666667	0	"model532"
0.404166666666667	0.0557288962437191	0.404166666666667	0.0557288962437191	1	0	"model533"
0.358333333333333	0.0882791587892817	0.358333333333333	0.0882791587892817	1	0	"model534"
0.429166666666667	0.0901173788750463	0.429166666666667	0.0901173788750463	1	0	"model535"
0.704166666666667	0.0746648891984201	0.704166666666667	0.0746648891984201	1	0	"model536"
0.183333333333333	0.106138739858571	0.183333333333333	0.106138739858571	1	0	"model537"
0.229166666666667	0.0628846190148432	0.229166666666667	0.0628846190148432	1	0	"model538"
0.466666666666667	0.103563066012818	0.466666666666667	0.103563066012818	1	0	"model539"
0.545833333333333	0.0414345385838231	0.545833333333333	0.0414345385838231	1	0	"model540"
0.5	0.109361220472386	0.5	0.109361220472386	1	0	"model541"
0.295833333333333	0.0664638117444744	0.295833333333333	0.0664638117444744	1	0	"model542"
0.416666666666667	0.0809854429839625	0.416666666666667	0.0809854429839625	1	0	"model543"
0.195833333333333	0.0521527315431072	0.195833333333333	0.0521527315431072	1	0	"model544"
0.645833333333333	0.0628846190148432	0.895833333333333	0.0628846190148432	0.75	0	"model545"
0.583333333333333	0.0900102874778869	0.583333333333333	0.0900102874778869	1	0	"model546"
0.420833333333333	0.0990892165652054	0.420833333333333	0.0990892165652054	1	0	"model547"
0.5625	0.124613600311989	0.5625	0.124613600311989	1	0	"model548"
0.466666666666667	0.0702728368926306	0.466666666666667	0.0702728368926306	1	0	"model549"
0.0166666666666667	0.0291335791158375	0.0166666666666667	0.0291335791158375	1	0	"model550"
0.695833333333333	0.0681829872701866	0.8625	0.0681829872701865	0.833333333333333	0	"model551"
0.170833333333333	0.113600583592658	0.170833333333333	0.113600583592658	1	0	"model552"
0.225	0.0986013297183269	0.225	0.0986013297183269	1	0	"model553"
0.291666666666667	0.0680413817439772	0.291666666666667	0.0680413817439772	1	0	"model554"
0.3	0.0805076485899413	0.3	0.0805076485899413	1	0	"model555"
0.3	0.0828690771676461	0.3	0.0828690771676461	1	0	"model556"
0.416666666666667	0.105774626470332	0.416666666666667	0.105774626470332	1	0	"model557"
0.65	0.0657342198122179	0.65	0.0657342198122179	1	0	"model558"
0.270833333333333	0.071497431534632	0.270833333333333	0.071497431534632	1	0	"model559"
0.483333333333333	0.104305463086214	0.483333333333333	0.104305463086214	1	0	"model560"
0.416666666666667	0.0708197154665664	0.416666666666667	0.0708197154665664	1	0	"model561"
0.175	0.0828690771676461	0.175	0.0828690771676461	1	0	"model562"
0.45	0.0958232683925574	0.45	0.0958232683925574	1	0	"model563"
0.304166666666667	0.0622680882540553	0.304166666666667	0.0622680882540553	1	0	"model564"
0.191666666666667	0.0291335791158376	0.191666666666667	0.0291335791158376	1	0	"model565"
0.3125	0.0839100414832956	0.3125	0.0839100414832956	1	0	"model566"
0.145833333333333	0.0687464926153588	0.145833333333333	0.0687464926153588	1	0	"model567"
0.458333333333333	0.100154202096222	0.458333333333333	0.100154202096222	1	0	"model568"
0.291666666666667	0.0921284663987611	0.291666666666667	0.0921284663987611	1	0	"model569"
0.291666666666667	0.0708197154665665	0.291666666666667	0.0708197154665665	1	0	"model570"
0.695833333333333	0.0761992595796956	0.695833333333333	0.0761992595796956	1	0	"model571"
0.245833333333333	0.0570966799752624	0.245833333333333	0.0570966799752624	1	0	"model572"
0.329166666666667	0.101017203033157	0.329166666666667	0.101017203033157	1	0	"model573"
0.475	0.05957669608202	0.475	0.05957669608202	1	0	"model574"
0.470833333333333	0.0901173788750463	0.470833333333333	0.0901173788750463	1	0	"model575"
0.395833333333333	0.0986991000246659	0.395833333333333	0.0986991000246659	1	0	"model576"
0.245833333333333	0.0796646133316666	0.245833333333333	0.0796646133316666	1	0	"model577"
0.1375	0.0441395793946408	0.1375	0.0441395793946408	1	0	"model578"
0.141666666666667	0.0740161810804124	0.141666666666667	0.0740161810804124	1	0	"model579"
0.320833333333333	0.0811044517814246	0.320833333333333	0.0811044517814246	1	0	"model580"
0.370833333333333	0.0693054163881925	0.370833333333333	0.0693054163881925	1	0	"model581"
0.420833333333333	0.108386738972926	0.420833333333333	0.108386738972926	1	0	"model582"
0.170833333333333	0.0746648891984201	0.170833333333333	0.0746648891984201	1	0	"model583"
0.5125	0.0901173788750463	0.5125	0.0901173788750463	1	0	"model584"
0.175	0.0755637250485302	0.175	0.0755637250485302	1	0	"model585"
0.483333333333333	0.0765780486227235	0.483333333333333	0.0765780486227235	1	0	"model586"
0.483333333333333	0.065734219812218	0.9	0.0657342198122179	0.583333333333333	0	"model587"
0.741666666666667	0.0614887322810518	0.866666666666667	0.0614887322810518	0.875	0	"model588"
0.233333333333333	0.086066296582387	0.233333333333333	0.086066296582387	1	0	"model589"
0.729166666666667	0.0967249185915564	0.729166666666667	0.0967249185915564	1	0	"model590"
0.320833333333333	0.130363333669526	0.320833333333333	0.130363333669526	1	0	"model591"
0.604166666666667	0.113260461321528	0.604166666666667	0.113260461321528	1	0	"model592"
0.358333333333333	0.126075619087891	0.358333333333333	0.126075619087891	1	0	"model593"
0.175	0.0978156492314389	0.175	0.0978156492314389	1	0	"model594"
0.575	0.0674719877860618	0.575	0.0674719877860618	1	0	"model595"
0.5125	0.109449379471364	0.5125	0.109449379471364	1	0	"model596"
0.258333333333333	0.0978156492314389	0.258333333333333	0.0978156492314389	1	0	"model597"
0.308333333333333	0.0837950173833242	0.308333333333333	0.0837950173833242	1	0	"model598"
0.295833333333333	0.0664638117444744	0.295833333333333	0.0664638117444744	1	0	"model599"
0.483333333333333	0.10243938285881	0.483333333333333	0.10243938285881	1	0	"model600"
0.395833333333333	0.0986991000246659	0.395833333333333	0.0986991000246659	1	0	"model601"
0.720833333333333	0.0879507788832642	0.7625	0.0879507788832642	0.958333333333333	0	"model602"
0.408333333333333	0.0780748295697511	0.408333333333333	0.0780748295697511	1	0	"model603"
0.504166666666667	0.0843685697138191	0.504166666666667	0.0843685697138191	1	0	"model604"
0.3	0.0874007373475126	0.3	0.0874007373475126	1	0	"model605"
0.291666666666667	0.0878410461157883	0.291666666666667	0.0878410461157883	1	0	"model606"
0.704166666666667	0.0772052339427072	0.829166666666667	0.0772052339427072	0.875	0	"model607"
0.316666666666667	0.10243938285881	0.316666666666667	0.10243938285881	1	0	"model608"
0.0625	0.0450051437389435	0.0625	0.0450051437389435	1	0	"model609"
0.716666666666667	0.0755637250485302	0.716666666666667	0.0755637250485302	1	0	"model610"
0.129166666666667	0.0364831264904547	0.9625	0.0364831264904547	0.166666666666667	0	"model611"
0.408333333333333	0.0828690771676461	0.408333333333333	0.0828690771676461	1	0	"model612"
0.4625	0.088823760862886	0.4625	0.088823760862886	1	0	"model613"
0.5125	0.105865772223108	0.5125	0.105865772223108	1	0	"model614"
0.183333333333333	0.0814604349923066	0.183333333333333	0.0814604349923066	1	0	"model615"
0.675	0.0614887322810518	0.883333333333333	0.0614887322810518	0.791666666666667	0	"model616"
0.425	0.137212100391427	0.425	0.137212100391427	1	0	"model617"
0.508333333333333	0.0582671582316751	0.508333333333333	0.0582671582316751	1	0	"model618"
0.316666666666667	0.086066296582387	0.316666666666667	0.086066296582387	1	0	"model619"
0.241666666666667	0.0614887322810518	0.241666666666667	0.0614887322810518	1	0	"model620"
0.454166666666667	0.0796646133316666	0.454166666666667	0.0796646133316666	1	0	"model621"
0.275	0.0790569415042095	0.275	0.0790569415042095	1	0	"model622"
0.775	0.0904378922005539	0.816666666666667	0.0904378922005539	0.958333333333333	0	"model623"
0.275	0.0837950173833242	0.275	0.0837950173833242	1	0	"model624"
0.429166666666667	0.0652925515196842	0.429166666666667	0.0652925515196842	1	0	"model625"
0.420833333333333	0.0971229652058172	0.420833333333333	0.0971229652058172	1	0	"model626"
0.15	0.0882791587892817	0.15	0.0882791587892817	1	0	"model627"
0.333333333333333	0.136082763487954	0.333333333333333	0.136082763487954	1	0	"model628"
0.166666666666667	0.0785674201318386	0.166666666666667	0.0785674201318386	1	0	"model629"
0.433333333333333	0.0925462847164316	0.433333333333333	0.0925462847164316	1	0	"model630"
0.516666666666667	0.0925462847164316	0.516666666666667	0.0925462847164316	1	0	"model631"
0.520833333333333	0.118259627541156	0.520833333333333	0.118259627541156	1	0	"model632"
0.458333333333333	0.0785674201318386	0.458333333333333	0.0785674201318386	1	0	"model633"
0.1375	0.0652925515196842	0.1375	0.0652925515196842	1	0	"model634"
0.183333333333333	0.05957669608202	0.183333333333333	0.05957669608202	1	0	"model635"
0.520833333333333	0.0839100414832956	0.520833333333333	0.0839100414832956	1	0	"model636"
0.6875	0.0450051437389435	0.6875	0.0450051437389435	1	0	"model637"
0.25	0.105774626470332	0.25	0.105774626470332	1	0	"model638"
0.7625	0.0441395793946408	0.804166666666667	0.0441395793946409	0.958333333333333	0	"model639"
0.295833333333333	0.113600583592658	0.295833333333333	0.113600583592658	1	0	"model640"
0.695833333333333	0.0922330984215777	0.695833333333333	0.0922330984215777	1	0	"model641"
0.670833333333333	0.088823760862886	0.670833333333333	0.088823760862886	1	0	"model642"
0.720833333333333	0.0395284707521047	0.8875	0.0395284707521047	0.833333333333333	0	"model643"
0.416666666666667	0.0555555555555556	0.416666666666667	0.0555555555555556	1	0	"model644"
0.65	0.0686060501957137	0.858333333333333	0.0686060501957137	0.791666666666667	0	"model645"
0.7875	0.0930659198208386	0.829166666666667	0.0930659198208386	0.958333333333333	0	"model646"
0.608333333333333	0.0904378922005539	0.608333333333333	0.0904378922005539	1	0	"model647"
0.475	0.10243938285881	0.475	0.10243938285881	1	0	"model648"
0.4875	0.109449379471364	0.4875	0.109449379471364	1	0	"model649"
0.120833333333333	0.0693054163881925	0.120833333333333	0.0693054163881925	1	0	"model650"
0.283333333333333	0.0997682499781554	0.283333333333333	0.0997682499781554	1	0	"model651"
0.466666666666667	0.120761472884912	0.466666666666667	0.120761472884912	1	0	"model652"
0.270833333333333	0.0861782892082698	0.270833333333333	0.0861782892082698	1	0	"model653"
0.479166666666667	0.0947095951179573	0.479166666666667	0.0947095951179573	1	0	"model654"
0.308333333333333	0.086066296582387	0.308333333333333	0.086066296582387	1	0	"model655"
0.470833333333333	0.0983074353843688	0.470833333333333	0.0983074353843688	1	0	"model656"
0.525	0.0765780486227235	0.525	0.0765780486227235	1	0	"model657"
0.445833333333333	0.111197882784712	0.445833333333333	0.111197882784712	1	0	"model658"
0.204166666666667	0.0990892165652054	0.204166666666667	0.0990892165652054	1	0	"model659"
0.158333333333333	0.0582671582316751	0.158333333333333	0.0582671582316751	1	0	"model660"
0.45	0.0702728368926307	0.45	0.0702728368926307	1	0	"model661"
0.65	0.106138739858571	0.65	0.106138739858571	1	0	"model662"
0.15	0.0790569415042095	0.15	0.0790569415042095	1	0	"model663"
0.316666666666667	0.106138739858571	0.316666666666667	0.106138739858571	1	0	"model664"
0.1875	0.071497431534632	0.1875	0.071497431534632	1	0	"model665"
0.383333333333333	0.126990327229583	0.383333333333333	0.126990327229583	1	0	"model666"
0.579166666666667	0.082050308265233	0.579166666666667	0.082050308265233	1	0	"model667"
0.3375	0.0693054163881925	0.3375	0.0693054163881925	1	0	"model668"
0.245833333333333	0.0720350137771663	0.245833333333333	0.0720350137771663	1	0	"model669"
0.208333333333333	0.0340206908719886	0.208333333333333	0.0340206908719886	1	0	"model670"
0.395833333333333	0.0491046375823991	0.395833333333333	0.0491046375823991	1	0	"model671"
0.270833333333333	0.0815787508643801	0.270833333333333	0.0815787508643801	1	0	"model672"
0.354166666666667	0.0986991000246659	0.354166666666667	0.0986991000246659	1	0	"model673"
0.2875	0.0820503082652329	0.2875	0.0820503082652329	1	0	"model674"
0.279166666666667	0.0857294409000609	0.279166666666667	0.0857294409000609	1	0	"model675"
0.479166666666667	0.111544294473674	0.479166666666667	0.111544294473674	1	0	"model676"
0.0541666666666667	0.0343030250978569	0.0541666666666667	0.0343030250978569	1	0	"model677"
0.416666666666667	0.0833333333333333	0.416666666666667	0.0833333333333333	1	0	"model678"
0.525	0.0925462847164316	0.525	0.0925462847164316	1	0	"model679"
0.504166666666667	0.0772052339427072	0.504166666666667	0.0772052339427072	1	0	"model680"
0.4	0.100538672615855	0.4	0.100538672615855	1	0	"model681"
0.141666666666667	0.0925462847164316	0.141666666666667	0.0925462847164316	1	0	"model682"
0.675	0.105409255338946	0.675	0.105409255338946	1	0	"model683"
0.279166666666667	0.059089020517174	0.279166666666667	0.059089020517174	1	0	"model684"
0.775	0.0402538242949707	0.816666666666667	0.0402538242949707	0.958333333333333	0	"model685"
0.304166666666667	0.0834489938099989	0.304166666666667	0.0834489938099989	1	0	"model686"
0.479166666666667	0.0839100414832956	0.479166666666667	0.0839100414832956	1	0	"model687"
0.758333333333333	0.0512196914294049	0.883333333333333	0.0512196914294049	0.875	0	"model688"
0.775	0.0686060501957137	0.816666666666667	0.0686060501957137	0.958333333333333	0	"model689"
0.683333333333333	0.065734219812218	0.683333333333333	0.065734219812218	1	0	"model690"
0.341666666666667	0.103563066012818	0.341666666666667	0.103563066012818	1	0	"model691"
0.45	0.0702728368926307	0.45	0.0702728368926307	1	0	"model692"
0.4625	0.0820503082652329	0.4625	0.0820503082652329	1	0	"model693"
0.470833333333333	0.102156530824629	0.470833333333333	0.102156530824629	1	0	"model694"
0.604166666666667	0.0687464926153588	0.604166666666667	0.0687464926153588	1	0	"model695"
0.429166666666667	0.0857294409000609	0.429166666666667	0.0857294409000609	1	0	"model696"
0.2875	0.108386738972926	0.2875	0.108386738972926	1	0	"model697"
0.679166666666667	0.0834489938099989	0.679166666666667	0.0834489938099989	1	0	"model698"
0.4375	0.0741463767502174	0.4375	0.0741463767502174	1	0	"model699"
0.2625	0.0922330984215777	0.2625	0.0922330984215777	1	0	"model700"
0.1875	0.0658807845868412	0.1875	0.0658807845868412	1	0	"model701"
0.4375	0.0628846190148432	0.4375	0.0628846190148432	1	0	"model702"
0.233333333333333	0.0595766960820201	0.233333333333333	0.0595766960820201	1	0	"model703"
0.308333333333333	0.100538672615855	0.308333333333333	0.100538672615855	1	0	"model704"
0.316666666666667	0.0882791587892817	0.316666666666667	0.0882791587892817	1	0	"model705"
0.295833333333333	0.0746648891984201	0.295833333333333	0.0746648891984201	1	0	"model706"
0.320833333333333	0.059089020517174	0.320833333333333	0.059089020517174	1	0	"model707"
0.566666666666667	0.05957669608202	0.566666666666667	0.05957669608202	1	0	"model708"
0.2125	0.0693054163881925	0.2125	0.0693054163881925	1	0	"model709"
0.220833333333333	0.0681829872701865	0.220833333333333	0.0681829872701865	1	0	"model710"
0.508333333333333	0.109007871501937	0.508333333333333	0.109007871501937	1	0	"model711"
0.583333333333333	0.100154202096222	0.583333333333333	0.100154202096222	1	0	"model712"
0.425	0.117523310007257	0.425	0.117523310007257	1	0	"model713"
0.295833333333333	0.0971229652058172	0.295833333333333	0.0971229652058172	1	0	"model714"
0.691666666666667	0.0686060501957137	0.816666666666667	0.0686060501957137	0.875	0	"model715"
0.2875	0.101017203033157	0.2875	0.101017203033157	1	0	"model716"
0.504166666666667	0.108386738972926	0.504166666666667	0.108386738972926	1	0	"model717"
0.341666666666667	0.0874007373475126	0.341666666666667	0.0874007373475126	1	0	"model718"
0.341666666666667	0.103563066012818	0.341666666666667	0.103563066012818	1	0	"model719"
0.441666666666667	0.0986013297183269	0.441666666666667	0.0986013297183269	1	0	"model720"
0.379166666666667	0.0772052339427072	0.379166666666667	0.0772052339427072	1	0	"model721"
0.0208333333333333	0.0354098577332832	0.0208333333333333	0.0354098577332832	1	0	"model722"
0.3375	0.121795340379965	0.3375	0.121795340379965	1	0	"model723"
0.15	0.052704627669473	0.15	0.052704627669473	1	0	"model724"
0.158333333333333	0.0917087445512177	0.158333333333333	0.0917087445512177	1	0	"model725"
0.629166666666667	0.0971229652058171	0.629166666666667	0.0971229652058171	1	0	"model726"
0.25	0.0878410461157883	0.25	0.0878410461157883	1	0	"model727"
0.716666666666667	0.0828690771676461	0.758333333333333	0.0828690771676461	0.958333333333333	0	"model728"
0.283333333333333	0.0958232683925574	0.283333333333333	0.0958232683925574	1	0	"model729"
0.1875	0.0658807845868412	0.1875	0.0658807845868412	1	0	"model730"
0.116666666666667	0.0548567157170319	0.116666666666667	0.0548567157170319	1	0	"model731"
0.216666666666667	0.0702728368926307	0.216666666666667	0.0702728368926307	1	0	"model732"
0.6	0.0837950173833242	0.6	0.0837950173833242	1	0	"model733"
0.245833333333333	0.0820503082652329	0.245833333333333	0.0820503082652329	1	0	"model734"
0.5	0.0708197154665665	0.5	0.0708197154665665	1	0	"model735"
0.283333333333333	0.0645497224367903	0.283333333333333	0.0645497224367903	1	0	"model736"
0.616666666666667	0.101683362320684	0.616666666666667	0.101683362320684	1	0	"model737"
0.0916666666666667	0.0702728368926307	0.0916666666666667	0.0702728368926307	1	0	"model738"
0.283333333333333	0.10722366147566	0.283333333333333	0.10722366147566	1	0	"model739"
0.358333333333333	0.0904378922005539	0.358333333333333	0.0904378922005539	1	0	"model740"
0.366666666666667	0.0548567157170319	0.908333333333333	0.0548567157170319	0.458333333333333	0	"model741"
0.341666666666667	0.0755637250485302	0.341666666666667	0.0755637250485302	1	0	"model742"
0.441666666666667	0.0686060501957137	0.441666666666667	0.0686060501957137	1	0	"model743"
0.304166666666667	0.0922330984215777	0.304166666666667	0.0922330984215777	1	0	"model744"
0.7125	0.0720350137771663	0.8375	0.0720350137771663	0.875	0	"model745"
0.245833333333333	0.116947413527894	0.245833333333333	0.116947413527894	1	0	"model746"
0.129166666666667	0.0570966799752624	0.129166666666667	0.0570966799752624	1	0	"model747"
0.195833333333333	0.0857294409000609	0.195833333333333	0.0857294409000609	1	0	"model748"
0.141666666666667	0.10243938285881	0.141666666666667	0.10243938285881	1	0	"model749"
0.275	0.05957669608202	0.275	0.05957669608202	1	0	"model750"
0.475	0.0966251507273671	0.475	0.0966251507273671	1	0	"model751"
0.208333333333333	0.0760725774312731	0.208333333333333	0.0760725774312731	1	0	"model752"
0.175	0.0780748295697511	0.175	0.0780748295697511	1	0	"model753"
0.395833333333333	0.102533493473843	0.395833333333333	0.102533493473843	1	0	"model754"
0.229166666666667	0.0861782892082698	0.229166666666667	0.0861782892082698	1	0	"model755"
0.683333333333333	0.0904378922005539	0.683333333333333	0.0904378922005539	1	0	"model756"
0.025	0.0351364184463153	0.025	0.0351364184463153	1	0	"model757"
0.383333333333333	0.0874007373475126	0.383333333333333	0.0874007373475126	1	0	"model758"
0.4875	0.0736242126705476	0.4875	0.0736242126705476	1	0	"model759"
0.2875	0.102909075293571	0.2875	0.102909075293571	1	0	"model760"
0.525	0.139166389443059	0.525	0.139166389443059	1	0	"model761"
0.279166666666667	0.105865772223108	0.279166666666667	0.105865772223108	1	0	"model762"
0.345833333333333	0.100250457958992	0.345833333333333	0.100250457958992	1	0	"model763"
0.525	0.0627310543924234	0.525	0.0627310543924234	1	0	"model764"
0.5	0.065144663330881	0.5	0.065144663330881	1	0	"model765"
0.475	0.052704627669473	0.475	0.052704627669473	1	0	"model766"
0.175	0.0473038510164622	0.175	0.0473038510164622	1	0	"model767"
0.2625	0.0879507788832642	0.2625	0.0879507788832642	1	0	"model768"
0.454166666666667	0.130953884070257	0.454166666666667	0.130953884070257	1	0	"model769"
0.645833333333333	0.0905444778500368	0.645833333333333	0.0905444778500368	1	0	"model770"
0.391666666666667	0.10243938285881	0.391666666666667	0.10243938285881	1	0	"model771"
0.4375	0.0741463767502174	0.4375	0.0741463767502174	1	0	"model772"
0.5	0.105774626470332	0.5	0.105774626470332	1	0	"model773"
0.316666666666667	0.0814604349923066	0.316666666666667	0.0814604349923066	1	0	"model774"
0.575	0.131468439624436	0.575	0.131468439624436	1	0	"model775"
0.4125	0.0498841249890777	0.4125	0.0498841249890777	1	0	"model776"
0.320833333333333	0.104027685061522	0.320833333333333	0.104027685061522	1	0	"model777"
0.420833333333333	0.110152111438324	0.420833333333333	0.110152111438324	1	0	"model778"
0.3125	0.071497431534632	0.3125	0.071497431534632	1	0	"model779"
0.625	0.103934927410387	0.625	0.103934927410387	1	0	"model780"
0.479166666666667	0.0926504448897662	0.479166666666667	0.0926504448897662	1	0	"model781"
0.366666666666667	0.117523310007257	0.366666666666667	0.117523310007257	1	0	"model782"
0.133333333333333	0.0614887322810518	0.133333333333333	0.0614887322810518	1	0	"model783"
0.779166666666667	0.0811044517814246	0.8625	0.0811044517814246	0.916666666666667	0	"model784"
0.7625	0.0395284707521047	0.845833333333333	0.0395284707521047	0.916666666666667	0	"model785"
0.2125	0.108386738972926	0.2125	0.108386738972926	1	0	"model786"
0.429166666666667	0.127369516867893	0.429166666666667	0.127369516867893	1	0	"model787"
0.141666666666667	0.0402538242949707	0.141666666666667	0.0402538242949707	1	0	"model788"
0.408333333333333	0.0851650539819772	0.408333333333333	0.0851650539819772	1	0	"model789"
0.2875	0.0843685697138191	0.2875	0.0843685697138191	1	0	"model790"
0.466666666666667	0.0978156492314389	0.466666666666667	0.0978156492314389	1	0	"model791"
0.445833333333333	0.0681829872701865	0.445833333333333	0.0681829872701865	1	0	"model792"
0.166666666666667	0.0708197154665665	0.166666666666667	0.0708197154665665	1	0	"model793"
0.1625	0.0570966799752624	0.1625	0.0570966799752624	1	0	"model794"
0.3125	0.0947095951179573	0.3125	0.0947095951179573	1	0	"model795"
0.616666666666667	0.0755637250485302	0.616666666666667	0.0755637250485302	1	0	"model796"
0.4375	0.0967249185915564	0.4375	0.0967249185915564	1	0	"model797"
0.6	0.106138739858571	0.6	0.106138739858571	1	0	"model798"
0.241666666666667	0.0937885723118563	0.241666666666667	0.0937885723118563	1	0	"model799"
0.541666666666667	0.058925565098879	0.541666666666667	0.058925565098879	1	0	"model800"
0.1625	0.0990892165652054	0.1625	0.0990892165652054	1	0	"model801"
0.45	0.112491426285092	0.45	0.112491426285092	1	0	"model802"
0.229166666666667	0.108030202681278	0.229166666666667	0.108030202681278	1	0	"model803"
0.475	0.086066296582387	0.475	0.086066296582387	1	0	"model804"
0.341666666666667	0.0755637250485302	0.341666666666667	0.0755637250485302	1	0	"model805"
0.179166666666667	0.0786900859678627	0.179166666666667	0.0786900859678627	1	0	"model806"
0.4125	0.116947413527894	0.4125	0.116947413527894	1	0	"model807"
0.566666666666667	0.10243938285881	0.566666666666667	0.10243938285881	1	0	"model808"
0.325	0.0874007373475126	0.325	0.0874007373475126	1	0	"model809"
0.2125	0.0693054163881925	0.2125	0.0693054163881925	1	0	"model810"
0.691666666666667	0.0562457131425461	0.691666666666667	0.0562457131425461	1	0	"model811"
0.204166666666667	0.0746648891984201	0.204166666666667	0.0746648891984201	1	0	"model812"
0.429166666666667	0.0943013622042664	0.429166666666667	0.0943013622042664	1	0	"model813"
0.266666666666667	0.0882791587892817	0.266666666666667	0.0882791587892817	1	0	"model814"
0.658333333333333	0.0430331482911935	0.866666666666667	0.0430331482911935	0.791666666666667	0	"model815"
0.683333333333333	0.126075619087891	0.683333333333333	0.126075619087891	1	0	"model816"
0.145833333333333	0.052887313235166	0.145833333333333	0.052887313235166	1	0	"model817"
0.458333333333333	0.0982092751647983	0.458333333333333	0.0982092751647983	1	0	"model818"
0.666666666666667	0.090010287477887	0.666666666666667	0.090010287477887	1	0	"model819"
0.733333333333333	0.0966251507273672	0.775	0.0966251507273671	0.958333333333333	0	"model820"
0.545833333333333	0.0990892165652054	0.545833333333333	0.0990892165652054	1	0	"model821"
0.745833333333333	0.060380736442456	0.7875	0.060380736442456	0.958333333333333	0	"model822"
0.341666666666667	0.0645497224367903	0.341666666666667	0.0645497224367903	1	0	"model823"
0.154166666666667	0.0521527315431072	0.154166666666667	0.0521527315431072	1	0	"model824"
0.475	0.065734219812218	0.475	0.065734219812218	1	0	"model825"
0.7625	0.0963252271355539	0.804166666666667	0.0963252271355539	0.958333333333333	0	"model826"
0.208333333333333	0.0734930919740164	0.208333333333333	0.0734930919740164	1	0	"model827"
0.591666666666667	0.0851650539819772	0.591666666666667	0.0851650539819772	1	0	"model828"
0.3	0.0614887322810518	0.3	0.0614887322810518	1	0	"model829"
0.279166666666667	0.121160158264247	0.279166666666667	0.121160158264247	1	0	"model830"
0.283333333333333	0.0895806416477617	0.283333333333333	0.0895806416477617	1	0	"model831"
0.308333333333333	0.106138739858571	0.308333333333333	0.106138739858571	1	0	"model832"
0.2125	0.0746648891984201	0.2125	0.0746648891984201	1	0	"model833"
0.695833333333333	0.124303615751469	0.695833333333333	0.124303615751469	1	0	"model834"
0.2	0.0582671582316751	0.2	0.0582671582316751	1	0	"model835"
0.166666666666667	0.0621129993749942	0.166666666666667	0.0621129993749942	1	0	"model836"
0.320833333333333	0.0963252271355539	0.320833333333333	0.0963252271355539	1	0	"model837"
0.445833333333333	0.0709557765246933	0.445833333333333	0.0709557765246933	1	0	"model838"
0.379166666666667	0.0414345385838231	0.920833333333333	0.0414345385838231	0.458333333333333	0	"model839"
0.579166666666667	0.086624811830626	0.579166666666667	0.086624811830626	1	0	"model840"
0.308333333333333	0.0837950173833242	0.308333333333333	0.0837950173833242	1	0	"model841"
0.6125	0.100250457958992	0.6125	0.100250457958992	1	0	"model842"
0.2	0.0805076485899413	0.2	0.0805076485899413	1	0	"model843"
0.0833333333333333	0.0519674637051936	0.0833333333333333	0.0519674637051936	1	0	"model844"
0.4	0.104305463086214	0.4	0.104305463086214	1	0	"model845"
0.475	0.0790569415042095	0.475	0.0790569415042095	1	0	"model846"
0.270833333333333	0.0905444778500368	0.270833333333333	0.0905444778500368	1	0	"model847"
0.154166666666667	0.059089020517174	0.154166666666667	0.059089020517174	1	0	"model848"
0.391666666666667	0.124536176508111	0.391666666666667	0.124536176508111	1	0	"model849"
0.379166666666667	0.0951160759347996	0.379166666666667	0.0951160759347996	1	0	"model850"
0.3125	0.052887313235166	0.3125	0.052887313235166	1	0	"model851"
0.491666666666667	0.125462108784847	0.491666666666667	0.125462108784847	1	0	"model852"
0.308333333333333	0.0925462847164316	0.308333333333333	0.0925462847164316	1	0	"model853"
0.783333333333333	0.0674719877860618	0.825	0.0674719877860618	0.958333333333333	0	"model854"
0.320833333333333	0.0761992595796956	0.320833333333333	0.0761992595796956	1	0	"model855"
0.745833333333333	0.111889633672905	0.7875	0.111889633672905	0.958333333333333	0	"model856"
0.316666666666667	0.052704627669473	0.316666666666667	0.052704627669473	1	0	"model857"
0.195833333333333	0.0811044517814246	0.195833333333333	0.0811044517814246	1	0	"model858"
0.2375	0.0879507788832642	0.2375	0.0879507788832642	1	0	"model859"
0.470833333333333	0.105865772223108	0.470833333333333	0.105865772223108	1	0	"model860"
0.258333333333333	0.0917087445512177	0.258333333333333	0.0917087445512177	1	0	"model861"
0.7375	0.0681829872701866	0.8625	0.0681829872701866	0.875	0	"model862"
0.3125	0.0986991000246659	0.3125	0.0986991000246659	1	0	"model863"
0.375	0.100154202096222	0.375	0.100154202096222	1	0	"model864"
0.320833333333333	0.059089020517174	0.320833333333333	0.059089020517174	1	0	"model865"
0.533333333333333	0.0997682499781554	0.533333333333333	0.0997682499781554	1	0	"model866"
0.616666666666667	0.0874007373475126	0.616666666666667	0.0874007373475126	1	0	"model867"
0.279166666666667	0.0681829872701865	0.279166666666667	0.0681829872701865	1	0	"model868"
0.320833333333333	0.0441395793946408	0.320833333333333	0.0441395793946408	1	0	"model869"
0.720833333333333	0.0736242126705476	0.7625	0.0736242126705476	0.958333333333333	0	"model870"
0.1375	0.0622680882540553	0.1375	0.0622680882540553	1	0	"model871"
0.366666666666667	0.0755637250485302	0.366666666666667	0.0755637250485302	1	0	"model872"
0.525	0.0790569415042095	0.525	0.0790569415042095	1	0	"model873"
0.754166666666667	0.0720350137771664	0.795833333333333	0.0720350137771663	0.958333333333333	0	"model874"
0.283333333333333	0.0805076485899413	0.283333333333333	0.0805076485899413	1	0	"model875"
0.120833333333333	0.0414345385838231	0.120833333333333	0.0414345385838231	1	0	"model876"
0.179166666666667	0.059089020517174	0.179166666666667	0.059089020517174	1	0	"model877"
0.325	0.0828690771676461	0.325	0.0828690771676461	1	0	"model878"
0.745833333333333	0.106592132524166	0.7875	0.106592132524166	0.958333333333333	0	"model879"
0.654166666666667	0.0922330984215777	0.654166666666667	0.0922330984215777	1	0	"model880"
0.708333333333333	0.0392837100659193	0.916666666666667	0.0392837100659193	0.791666666666667	0	"model881"
0.470833333333333	0.107672485796191	0.470833333333333	0.107672485796191	1	0	"model882"
0.295833333333333	0.0772052339427072	0.295833333333333	0.0772052339427072	1	0	"model883"
0.345833333333333	0.107672485796191	0.345833333333333	0.107672485796191	1	0	"model884"
0.454166666666667	0.111889633672905	0.454166666666667	0.111889633672905	1	0	"model885"
0.579166666666667	0.088823760862886	0.579166666666667	0.088823760862886	1	0	"model886"
0.241666666666667	0.0614887322810518	0.241666666666667	0.0614887322810518	1	0	"model887"
0.425	0.0755637250485302	0.425	0.0755637250485302	1	0	"model888"
0.3875	0.0879507788832642	0.3875	0.0879507788832642	1	0	"model889"
0.775	0.0595766960820201	0.816666666666667	0.05957669608202	0.958333333333333	0	"model890"
0.166666666666667	0.0481125224324688	0.166666666666667	0.0481125224324688	1	0	"model891"
0.1875	0.0791788489652179	0.1875	0.0791788489652179	1	0	"model892"
0.6625	0.0414345385838231	0.870833333333333	0.041434538583823	0.791666666666667	0	"model893"
0.808333333333333	0.0627310543924234	0.85	0.0627310543924234	0.958333333333333	0	"model894"
0.733333333333333	0.124536176508111	0.775	0.124536176508111	0.958333333333333	0	"model895"
0.5875	0.0909695716322934	0.5875	0.0909695716322934	1	0	"model896"
0.195833333333333	0.0963252271355539	0.195833333333333	0.0963252271355539	1	0	"model897"
0.183333333333333	0.0713624032148063	0.183333333333333	0.0713624032148063	1	0	"model898"
0.725	0.107940884598475	0.725	0.107940884598475	1	0	"model899"
0.341666666666667	0.110763344652094	0.341666666666667	0.110763344652094	1	0	"model900"
0.025	0.0291335791158375	0.025	0.0291335791158375	1	0	"model901"
0.3625	0.0983074353843688	0.3625	0.0983074353843688	1	0	"model902"
0.7125	0.060380736442456	0.8375	0.060380736442456	0.875	0	"model903"
0.441666666666667	0.109713431434064	0.441666666666667	0.109713431434064	1	0	"model904"
0.470833333333333	0.102156530824629	0.470833333333333	0.102156530824629	1	0	"model905"
0.333333333333333	0.065144663330881	0.333333333333333	0.065144663330881	1	0	"model906"
0.183333333333333	0.065734219812218	0.183333333333333	0.065734219812218	1	0	"model907"
0.2375	0.0834489938099989	0.2375	0.0834489938099989	1	0	"model908"
0.183333333333333	0.0946077020329245	0.183333333333333	0.0946077020329245	1	0	"model909"
0.233333333333333	0.0765780486227235	0.233333333333333	0.0765780486227235	1	0	"model910"
0.45	0.0851650539819772	0.45	0.0851650539819772	1	0	"model911"
0.558333333333333	0.11653431646335	0.558333333333333	0.11653431646335	1	0	"model912"
0.3625	0.0761992595796956	0.3625	0.0761992595796956	1	0	"model913"
0.133333333333333	0.0614887322810518	0.133333333333333	0.0614887322810518	1	0	"model914"
0.3125	0.0905444778500368	0.3125	0.0905444778500368	1	0	"model915"
0.175	0.0674719877860618	0.175	0.0674719877860618	1	0	"model916"
0.6375	0.059089020517174	0.6375	0.059089020517174	1	0	"model917"
0.75	0.0621129993749941	0.791666666666667	0.0621129993749942	0.958333333333333	0	"model918"
0.416666666666667	0.13465777381712	0.416666666666667	0.13465777381712	1	0	"model919"
0.225	0.065734219812218	0.225	0.065734219812218	1	0	"model920"
0.504166666666667	0.0820503082652329	0.504166666666667	0.0820503082652329	1	0	"model921"
0.254166666666667	0.0909695716322934	0.254166666666667	0.0909695716322934	1	0	"model922"
0.141666666666667	0.0627310543924234	0.141666666666667	0.0627310543924234	1	0	"model923"
0.395833333333333	0.116617052942685	0.395833333333333	0.116617052942685	1	0	"model924"
0.741666666666667	0.0645497224367903	0.866666666666667	0.0645497224367903	0.875	0	"model925"
0.0333333333333333	0.0263523138347365	0.0333333333333333	0.0263523138347365	1	0	"model926"
0.679166666666667	0.0834489938099989	0.8875	0.0834489938099989	0.791666666666667	0	"model927"
0.608333333333333	0.0966251507273671	0.608333333333333	0.0966251507273671	1	0	"model928"
0.229166666666667	0.0791788489652179	0.229166666666667	0.0791788489652179	1	0	"model929"
0.445833333333333	0.0786900859678627	0.445833333333333	0.0786900859678627	1	0	"model930"
0.45	0.0874007373475126	0.45	0.0874007373475126	1	0	"model931"
0.295833333333333	0.116947413527894	0.295833333333333	0.116947413527894	1	0	"model932"
0.3125	0.0741463767502174	0.3125	0.0741463767502174	1	0	"model933"
0.583333333333333	0.0941990275434065	0.583333333333333	0.0941990275434065	1	0	"model934"
0.533333333333333	0.123915044573308	0.533333333333333	0.123915044573308	1	0	"model935"
0.391666666666667	0.065734219812218	0.391666666666667	0.065734219812218	1	0	"model936"
0.220833333333333	0.0811044517814246	0.220833333333333	0.0811044517814246	1	0	"model937"
0.233333333333333	0.086066296582387	0.233333333333333	0.086066296582387	1	0	"model938"
0.229166666666667	0.0839100414832956	0.229166666666667	0.0839100414832956	1	0	"model939"
0.495833333333333	0.101017203033157	0.495833333333333	0.101017203033157	1	0	"model940"
0.391666666666667	0.111457792487438	0.391666666666667	0.111457792487438	1	0	"model941"
0.2	0.0729662529809094	0.2	0.0729662529809094	1	0	"model942"
0.433333333333333	0.0925462847164316	0.433333333333333	0.0925462847164316	1	0	"model943"
0.691666666666667	0.0740161810804124	0.9	0.0740161810804124	0.791666666666667	0	"model944"
0.479166666666667	0.0967249185915564	0.479166666666667	0.0967249185915564	1	0	"model945"
0.408333333333333	0.105409255338946	0.408333333333333	0.105409255338946	1	0	"model946"
0.1875	0.0564169333655275	0.1875	0.0564169333655275	1	0	"model947"
0.7	0.0729662529809094	0.7	0.0729662529809094	1	0	"model948"
0.225	0.0713624032148063	0.225	0.0713624032148063	1	0	"model949"
0.75	0.0621129993749942	0.833333333333333	0.0621129993749942	0.916666666666667	0	"model950"
0.4375	0.071497431534632	0.4375	0.071497431534632	1	0	"model951"
0.4625	0.118585412256314	0.4625	0.118585412256314	1	0	"model952"
0.479166666666667	0.0839100414832956	0.479166666666667	0.0839100414832956	1	0	"model953"
0.254166666666667	0.0772052339427072	0.254166666666667	0.0772052339427072	1	0	"model954"
0.2	0.0780748295697511	0.2	0.0780748295697511	1	0	"model955"
0.1125	0.0521527315431072	0.1125	0.0521527315431072	1	0	"model956"
0.491666666666667	0.0874007373475126	0.491666666666667	0.0874007373475126	1	0	"model957"
0.220833333333333	0.0983074353843688	0.220833333333333	0.0983074353843688	1	0	"model958"
0.658333333333333	0.0548567157170319	0.866666666666667	0.0548567157170319	0.791666666666667	0	"model959"
0.1625	0.0693054163881925	0.1625	0.0693054163881925	1	0	"model960"
0.1875	0.0741463767502174	0.1875	0.0741463767502174	1	0	"model961"
0.445833333333333	0.117932942863077	0.445833333333333	0.117932942863077	1	0	"model962"
0.3	0.0874007373475126	0.3	0.0874007373475126	1	0	"model963"
0.729166666666667	0.0905444778500368	0.8125	0.0905444778500368	0.916666666666667	0	"model964"
0.1625	0.0458543722756088	0.1625	0.0458543722756088	1	0	"model965"
0.275	0.0986013297183269	0.275	0.0986013297183269	1	0	"model966"
0.491666666666667	0.0548567157170319	0.491666666666667	0.0548567157170319	1	0	"model967"
0.504166666666667	0.0720350137771663	0.504166666666667	0.0720350137771663	1	0	"model968"
0.320833333333333	0.0786900859678628	0.320833333333333	0.0786900859678628	1	0	"model969"
0.25	0.0340206908719886	0.25	0.0340206908719886	1	0	"model970"
0.3	0.0614887322810518	0.3	0.0614887322810518	1	0	"model971"
0.5	0.0982092751647983	0.5	0.0982092751647983	1	0	"model972"
0.304166666666667	0.111197882784712	0.304166666666667	0.111197882784712	1	0	"model973"
0.295833333333333	0.0772052339427072	0.295833333333333	0.0772052339427072	1	0	"model974"
0.245833333333333	0.113600583592658	0.245833333333333	0.113600583592658	1	0	"model975"
0.2375	0.0901173788750463	0.2375	0.0901173788750463	1	0	"model976"
0.608333333333333	0.0686060501957137	0.9	0.0686060501957137	0.708333333333333	0	"model977"
0.2	0.0917087445512177	0.2	0.0917087445512177	1	0	"model978"
0.479166666666667	0.126152098087395	0.479166666666667	0.126152098087395	1	0	"model979"
0.7625	0.0681829872701865	0.804166666666667	0.0681829872701866	0.958333333333333	0	"model980"
0.4125	0.0820503082652329	0.4125	0.0820503082652329	1	0	"model981"
0.483333333333333	0.0740161810804124	0.483333333333333	0.0740161810804124	1	0	"model982"
0.3125	0.0839100414832956	0.3125	0.0839100414832956	1	0	"model983"
0.454166666666667	0.0843685697138191	0.454166666666667	0.0843685697138191	1	0	"model984"
0.170833333333333	0.0458543722756088	0.170833333333333	0.0458543722756088	1	0	"model985"
0.766666666666667	0.0713624032148063	0.808333333333333	0.0713624032148063	0.958333333333333	0	"model986"
0.425	0.0674719877860618	0.425	0.0674719877860618	1	0	"model987"
0.241666666666667	0.0851650539819772	0.241666666666667	0.0851650539819772	1	0	"model988"
0.491666666666667	0.0917087445512176	0.491666666666667	0.0917087445512176	1	0	"model989"
0.0416666666666667	0.0392837100659193	0.0416666666666667	0.0392837100659193	1	0	"model990"
0.383333333333333	0.103563066012818	0.383333333333333	0.103563066012818	1	0	"model991"
0.545833333333333	0.0796646133316666	0.545833333333333	0.0796646133316666	1	0	"model992"
0.466666666666667	0.0874007373475126	0.466666666666667	0.0874007373475126	1	0	"model993"
0.1375	0.0736242126705476	0.1375	0.0736242126705476	1	0	"model994"
0.454166666666667	0.0746648891984201	0.454166666666667	0.0746648891984201	1	0	"model995"
0.466666666666667	0.0614887322810518	0.466666666666667	0.0614887322810518	1	0	"model996"
0.308333333333333	0.05957669608202	0.308333333333333	0.05957669608202	1	0	"model997"
0.6375	0.0901173788750463	0.845833333333333	0.0901173788750463	0.791666666666667	0	"model998"
0.4	0.065734219812218	0.4	0.065734219812218	1	0	"model999"
0.208333333333333	0.0555555555555556	0.208333333333333	0.0555555555555556	1	0	"model1000"
