"TSS.MN"	"TSS.sd"	"speci.MN"	"speci.sd"	"sensi.MN"	"sensi.sd"	"model"
0	0	1	0	0	0	"model1"
0	0	1	0	0	0	"model2"
0	0	1	0	0	0	"model3"
0	0	1	0	0	0	"model4"
0	0	1	0	0	0	"model5"
0.80398740818468	0.0042205255345221	0.978174186778594	0.0042205255345221	0.825813221406086	0	"model6"
0	0	1	0	0	0	"model7"
0	0	1	0	0	0	"model8"
0	0	1	0	0	0	"model9"
0	0	1	0	0	0	"model10"
0	0	1	0	0	0	"model11"
0	0	1	0	0	0	"model12"
0.0846799580272823	0.00050686872144769	0.999685204616999	0.000506868721447697	0.0849947534102833	0	"model13"
0	0	1	0	0	0	"model14"
0	0	1	0	0	0	"model15"
0.428121720881427	0.0022121564604186	0.996852046169989	0.00221215646041859	0.431269674711438	0	"model16"
0	0	1	0	0	0	"model17"
0	0	1	0	0	0	"model18"
0	0	1	0	0	0	"model19"
0	0	1	0	0	0	"model20"
0	0	1	0	0	0	"model21"
0	0	1	0	0	0	"model22"
0	0	1	0	0	0	"model23"
0	0	1	0	0	0	"model24"
0	0	1	0	0	0	"model25"
0	0	1	0	0	0	"model26"
0	0	1	0	0	0	"model27"
0	0	1	0	0	0	"model28"
0	0	1	0	0	0	"model29"
0.904931794333683	0.00694631218597072	0.941657922350472	0.00694631218597072	0.963273871983211	0	"model30"
0	0	1	0	0	0	"model31"
0.27607555089192	0.00077425476114652	0.999055613850997	0.00077425476114652	0.277019937040923	0	"model32"
0	0	1	0	0	0	"model33"
0	0	1	0	0	0	"model34"
0	0	1	0	0	0	"model35"
0	0	1	0	0	0	"model36"
0.139349422875131	0.000442431292083714	0.999790136411333	0.000442431292083725	0.139559286463799	0	"model37"
0	0	1	0	0	0	"model38"
0	0	1	0	0	0	"model39"
0	0	1	0	0	0	"model40"
0.908079748163694	0.0067497965207857	0.918572927597062	0.0067497965207857	0.989506820566632	0	"model41"
0	0	1	0	0	0	"model42"
0	0	1	0	0	0	"model43"
0	0	1	0	0	0	"model44"
0	0	1	0	0	0	"model45"
0	0	1	0	0	0	"model46"
0	0	1	0	0	0	"model47"
0	0	1	0	0	0	"model48"
0	0	1	0	0	0	"model49"
0	0	1	0	0	0	"model50"
0	0	1	0	0	0	"model51"
0	0	1	0	0	0	"model52"
0	0	1	0	0	0	"model53"
0	0	1	0	0	0	"model54"
0	0	1	0	0	0	"model55"
0	0	1	0	0	0	"model56"
0	0	1	0	0	0	"model57"
0	0	1	0	0	0	"model58"
0.0964323189926548	0.000331823469062785	0.999895068205666	0.000331823469062794	0.0965372507869885	0	"model59"
0	0	1	0	0	0	"model60"
0.00104931794333683	0	1	0	0.00104931794333683	0	"model61"
0	0	1	0	0	0	"model62"
0	0	1	0	0	0	"model63"
0	0	1	0	0	0	"model64"
0	0	1	0	0	0	"model65"
0.532528856243442	0.00233327458274332	0.995278069254984	0.00233327458274332	0.537250786988458	0	"model66"
0	0	1	0	0	0	"model67"
0	0	1	0	0	0	"model68"
0	0	1	0	0	0	"model69"
0	0	1	0	0	0	"model70"
0.712801678908709	0.00349947490403098	0.984575026232949	0.003499474904031	0.728226652675761	0	"model71"
0	0	1	0	0	0	"model72"
0	0	1	0	0	0	"model73"
0	0	1	0	0	0	"model74"
0	0	1	0	0	0	"model75"
0.392339979013641	0.0016738000859049	0.995697796432319	0.0016738000859049	0.396642182581322	0	"model76"
0	0	1	0	0	0	"model77"
0	0	1	0	0	0	"model78"
0	0	1	0	0	0	"model79"
0	0	1	0	0	0	"model80"
0	0	1	0	0	0	"model81"
0	0	1	0	0	0	"model82"
0	0	1	0	0	0	"model83"
0	0	1	0	0	0	"model84"
0	0	1	0	0	0	"model85"
0	0	1	0	0	0	"model86"
0	0	1	0	0	0	"model87"
0.152046169989507	0.000331823469062785	0.999895068205666	0.000331823469062794	0.152151101783841	0	"model88"
0	0	1	0	0	0	"model89"
0.840713536201469	0.0137510037079321	0.841762854144806	0.0137510037079322	0.998950682056663	0	"model90"
0	0	1	0	0	0	"model91"
0	0	1	0	0	0	"model92"
0	0	1	0	0	0	"model93"
0	0	1	0	0	0	"model94"
0	0	1	0	0	0	"model95"
0	0	1	0	0	0	"model96"
0.716474291710388	0.00398188162875347	0.983001049317943	0.00398188162875348	0.733473242392445	0	"model97"
0	0	1	0	0	0	"model98"
0.749632738719832	0.00233065145141065	0.982581322140609	0.00233065145141065	0.767051416579223	0	"model99"
0	0	1	0	0	0	"model100"
0.887093389296957	0.00442983985980764	0.955299055613851	0.00442983985980764	0.931794333683106	0	"model101"
0	0	1	0	0	0	"model102"
0	0	1	0	0	0	"model103"
0	0	1	0	0	0	"model104"
0	0	1	0	0	0	"model105"
0	0	1	0	0	0	"model106"
0	0	1	0	0	0	"model107"
0.668730325288562	0.00292849747309331	0.989821615949633	0.00292849747309331	0.67890870933893	0	"model108"
0	0	1	0	0	0	"model109"
0	0	1	0	0	0	"model110"
0	0	1	0	0	0	"model111"
0	0	1	0	0	0	"model112"
0	0	1	0	0	0	"model113"
0.375341028331584	0.0020425045569299	0.997586568730325	0.00204250455692988	0.377754459601259	0	"model114"
0	0	1	0	0	0	"model115"
0	0	1	0	0	0	"model116"
0.0953830010493179	0.00033182346906279	0.999895068205666	0.000331823469062794	0.0954879328436516	0	"model117"
0	0	1	0	0	0	"model118"
0.00419727177334732	0	1	0	0.00419727177334732	0	"model119"
0.0167890870933893	0	1	0	0.0167890870933893	0	"model120"
0	0	1	0	0	0	"model121"
0.0419727177334732	0	1	0	0.0419727177334732	0	"model122"
0	0	1	0	0	0	"model123"
0	0	1	0	0	0	"model124"
0	0	1	0	0	0	"model125"
0	0	1	0	0	0	"model126"
0	0	1	0	0	0	"model127"
0	0	1	0	0	0	"model128"
0	0	1	0	0	0	"model129"
0	0	1	0	0	0	"model130"
0	0	1	0	0	0	"model131"
0	0	1	0	0	0	"model132"
0	0	1	0	0	0	"model133"
0.379433368310598	0.00165542631216499	0.997481636935992	0.00165542631216497	0.381951731374607	0	"model134"
0	0	1	0	0	0	"model135"
0	0	1	0	0	0	"model136"
0	0	1	0	0	0	"model137"
0	0	1	0	0	0	"model138"
0	0	1	0	0	0	"model139"
0	0	1	0	0	0	"model140"
0	0	1	0	0	0	"model141"
0	0	1	0	0	0	"model142"
0	0	1	0	0	0	"model143"
0	0	1	0	0	0	"model144"
0.904197271773347	0.00672892034357682	0.948268625393494	0.00672892034357682	0.955928646379853	0	"model145"
0.284260230849948	0.00125626337852871	0.997796432318993	0.00125626337852869	0.286463798530955	0	"model146"
0	0	1	0	0	0	"model147"
0	0	1	0	0	0	"model148"
0	0	1	0	0	0	"model149"
0	0	1	0	0	0	"model150"
0	0	1	0	0	0	"model151"
0.00629590766002099	0	1	0	0.00629590766002099	0	"model152"
0	0	1	0	0	0	"model153"
0.00104931794333683	0	1	0	0.00104931794333683	0	"model154"
0	0	1	0	0	0	"model155"
0	0	1	0	0	0	"model156"
0	0	1	0	0	0	"model157"
0	0	1	0	0	0	"model158"
0.0849947534102833	0	1	0	0.0849947534102833	0	"model159"
0.864742917103883	0.0108874286672573	0.865792235047219	0.0108874286672573	0.998950682056663	0	"model160"
0	0	1	0	0	0	"model161"
0	0	1	0	0	0	"model162"
0	0	1	0	0	0	"model163"
0.572507869884575	0.00353945033666974	0.990136411332634	0.00353945033666975	0.582371458551941	0	"model164"
0	0	1	0	0	0	"model165"
0	0	1	0	0	0	"model166"
0	0	1	0	0	0	"model167"
0	0	1	0	0	0	"model168"
0	0	1	0	0	0	"model169"
0	0	1	0	0	0	"model170"
0.0178384050367261	0	1	0	0.0178384050367261	0	"model171"
0	0	1	0	0	0	"model172"
0.640818467995803	0.00296997967336185	0.989192025183631	0.00296997967336185	0.651626442812172	0	"model173"
0	0	1	0	0	0	"model174"
0.873767051416579	0.00629687917575241	0.959811122770199	0.00629687917575241	0.91395592864638	0	"model175"
0	0	1	0	0	0	"model176"
0	0	1	0	0	0	"model177"
0	0	1	0	0	0	"model178"
0	0	1	0	0	0	"model179"
0	0	1	0	0	0	"model180"
0	0	1	0	0	0	"model181"
0	0	1	0	0	0	"model182"
0	0	1	0	0	0	"model183"
0	0	1	0	0	0	"model184"
0	0	1	0	0	0	"model185"
0	0	1	0	0	0	"model186"
0	0	1	0	0	0	"model187"
0	0	1	0	0	0	"model188"
0	0	1	0	0	0	"model189"
0.0797481636935992	0	1	0	0.0797481636935992	0	"model190"
0	0	1	0	0	0	"model191"
0	0	1	0	0	0	"model192"
0	0	1	0	0	0	"model193"
0	0	1	0	0	0	"model194"
0	0	1	0	0	0	"model195"
0	0	1	0	0	0	"model196"
0	0	1	0	0	0	"model197"
0	0	1	0	0	0	"model198"
0.853410283315845	0.010186133792779	0.854459601259182	0.010186133792779	0.998950682056663	0	"model199"
0.617838405036726	0.00138149126674582	0.992444910807975	0.00138149126674584	0.625393494228751	0	"model200"
0.0482686253934942	0	1	0	0.0482686253934942	0	"model201"
0	0	1	0	0	0	"model202"
0	0	1	0	0	0	"model203"
0	0	1	0	0	0	"model204"
0	0	1	0	0	0	"model205"
0	0	1	0	0	0	"model206"
0	0	1	0	0	0	"model207"
0	0	1	0	0	0	"model208"
0	0	1	0	0	0	"model209"
0	0	1	0	0	0	"model210"
0	0	1	0	0	0	"model211"
0	0	1	0	0	0	"model212"
0	0	1	0	0	0	"model213"
0	0	1	0	0	0	"model214"
0	0	1	0	0	0	"model215"
0.591185729275971	0.00321334286893483	0.990975865687303	0.00321334286893483	0.600209863588667	0	"model216"
0	0	1	0	0	0	"model217"
0	0	1	0	0	0	"model218"
0	0	1	0	0	0	"model219"
0	0	1	0	0	0	"model220"
0	0	1	0	0	0	"model221"
0.0262329485834208	0	1	0	0.0262329485834208	0	"model222"
0	0	1	0	0	0	"model223"
0	0	1	0	0	0	"model224"
0	0	1	0	0	0	"model225"
0	0	1	0	0	0	"model226"
0	0	1	0	0	0	"model227"
0.188142707240294	0.00099547040718837	0.999265477439664	0.000995470407188382	0.18887722980063	0	"model228"
0.727177334732424	0.00370164576574268	0.981112277019937	0.00370164576574268	0.746065057712487	0	"model229"
0	0	1	0	0	0	"model230"
0	0	1	0	0	0	"model231"
0.622245540398741	0.00185082288287135	0.992654774396642	0.00185082288287138	0.629590766002099	0	"model232"
0	0	1	0	0	0	"model233"
0	0	1	0	0	0	"model234"
0	0	1	0	0	0	"model235"
0	0	1	0	0	0	"model236"
0	0	1	0	0	0	"model237"
0.906925498426023	0.00921503240654708	0.934207764952781	0.00921503240654707	0.972717733473242	0	"model238"
0	0	1	0	0	0	"model239"
0.00419727177334732	0	1	0	0.00419727177334732	0	"model240"
0	0	1	0	0	0	"model241"
0	0	1	0	0	0	"model242"
0	0	1	0	0	0	"model243"
0	0	1	0	0	0	"model244"
0.00104931794333683	0	1	0	0.00104931794333683	0	"model245"
0	0	1	0	0	0	"model246"
0	0	1	0	0	0	"model247"
0.18090241343127	0.000541865455922697	0.999370409233998	0.000541865455922697	0.181532004197272	0	"model248"
0	0	1	0	0	0	"model249"
0	0	1	0	0	0	"model250"
0	0	1	0	0	0	"model251"
0	0	1	0	0	0	"model252"
0	0	1	0	0	0	"model253"
0	0	1	0	0	0	"model254"
0	0	1	0	0	0	"model255"
0	0	1	0	0	0	"model256"
0	0	1	0	0	0	"model257"
0	0	1	0	0	0	"model258"
0	0	1	0	0	0	"model259"
0	0	1	0	0	0	"model260"
0	0	1	0	0	0	"model261"
0	0	1	0	0	0	"model262"
0	0	1	0	0	0	"model263"
0	0	1	0	0	0	"model264"
0	0	1	0	0	0	"model265"
0.824134312696747	0.00336218673401831	0.976285414480588	0.00336218673401831	0.847848898216159	0	"model266"
0	0	1	0	0	0	"model267"
0	0	1	0	0	0	"model268"
0	0	1	0	0	0	"model269"
0	0	1	0	0	0	"model270"
0	0	1	0	0	0	"model271"
0	0	1	0	0	0	"model272"
0	0	1	0	0	0	"model273"
0	0	1	0	0	0	"model274"
0	0	1	0	0	0	"model275"
0.813641133263379	0.00428953052584984	0.978384050367261	0.00428953052584984	0.835257082896118	0	"model276"
0	0	1	0	0	0	"model277"
0	0	1	0	0	0	"model278"
0.886358866736621	0.006581862540957	0.957712486883526	0.00658186254095701	0.928646379853096	0	"model279"
0	0	1	0	0	0	"model280"
0	0	1	0	0	0	"model281"
0	0	1	0	0	0	"model282"
0	0	1	0	0	0	"model283"
0	0	1	0	0	0	"model284"
0.236621196222455	0.00133189456206085	0.998426023084995	0.00133189456206086	0.238195173137461	0	"model285"
0.105456453305352	0.000741979833354196	0.999475341028332	0.000741979833354206	0.10598111227702	0	"model286"
0	0	1	0	0	0	"model287"
0	0	1	0	0	0	"model288"
0	0	1	0	0	0	"model289"
0	0	1	0	0	0	"model290"
0	0	1	0	0	0	"model291"
0	0	1	0	0	0	"model292"
0	0	1	0	0	0	"model293"
0	0	1	0	0	0	"model294"
0	0	1	0	0	0	"model295"
0	0	1	0	0	0	"model296"
0	0	1	0	0	0	"model297"
0.900419727177335	0.00586221462010926	0.910912906610703	0.00586221462010927	0.989506820566632	0	"model298"
0	0	1	0	0	0	"model299"
0.846274921301154	0.00604307539110561	0.96694648478489	0.00604307539110563	0.879328436516264	0	"model300"
0.12791185729276	0.000331823469062785	0.999895068205666	0.000331823469062794	0.128016789087093	0	"model301"
0	0	1	0	0	0	"model302"
0	0	1	0	0	0	"model303"
0	0	1	0	0	0	"model304"
0	0	1	0	0	0	"model305"
0	0	1	0	0	0	"model306"
0.841238195173137	0.00431370509781626	0.973452256033578	0.00431370509781627	0.867785939139559	0	"model307"
0	0	1	0	0	0	"model308"
0	0	1	0	0	0	"model309"
0	0	1	0	0	0	"model310"
0	0	1	0	0	0	"model311"
0	0	1	0	0	0	"model312"
0	0	1	0	0	0	"model313"
0	0	1	0	0	0	"model314"
0	0	1	0	0	0	"model315"
0	0	1	0	0	0	"model316"
0	0	1	0	0	0	"model317"
0.895802728226653	0.00605924959304377	0.901049317943337	0.0060592495930438	0.994753410283316	0	"model318"
0	0	1	0	0	0	"model319"
0	0	1	0	0	0	"model320"
0.804302203567681	0.00262911793955454	0.975341028331584	0.00262911793955455	0.828961175236097	0	"model321"
0	0	1	0	0	0	"model322"
0.00524658971668416	0	1	0	0.00524658971668416	0	"model323"
0	0	1	0	0	0	"model324"
0.0272822665267576	0	1	0	0.0272822665267576	0	"model325"
0	0	1	0	0	0	"model326"
0	0	1	0	0	0	"model327"
0	0	1	0	0	0	"model328"
0	0	1	0	0	0	"model329"
0.136096537250787	0.000506868721447697	0.999685204616999	0.000506868721447697	0.136411332633788	0	"model330"
0	0	1	0	0	0	"model331"
0.879748163693599	0.011955881964912	0.883945435466946	0.011955881964912	0.995802728226653	0	"model332"
0	0	1	0	0	0	"model333"
0	0	1	0	0	0	"model334"
0	0	1	0	0	0	"model335"
0	0	1	0	0	0	"model336"
0	0	1	0	0	0	"model337"
0	0	1	0	0	0	"model338"
0	0	1	0	0	0	"model339"
0	0	1	0	0	0	"model340"
0	0	1	0	0	0	"model341"
0	0	1	0	0	0	"model342"
0	0	1	0	0	0	"model343"
0	0	1	0	0	0	"model344"
0	0	1	0	0	0	"model345"
0	0	1	0	0	0	"model346"
0	0	1	0	0	0	"model347"
0	0	1	0	0	0	"model348"
0	0	1	0	0	0	"model349"
0	0	1	0	0	0	"model350"
0	0	1	0	0	0	"model351"
0	0	1	0	0	0	"model352"
0.292759706190976	0.00156423083420762	0.997901364113326	0.0015642308342076	0.29485834207765	0	"model353"
0	0	1	0	0	0	"model354"
0	0	1	0	0	0	"model355"
0	0	1	0	0	0	"model356"
0	0	1	0	0	0	"model357"
0	0	1	0	0	0	"model358"
0	0	1	0	0	0	"model359"
0	0	1	0	0	0	"model360"
0	0	1	0	0	0	"model361"
0	0	1	0	0	0	"model362"
0	0	1	0	0	0	"model363"
0	0	1	0	0	0	"model364"
0	0	1	0	0	0	"model365"
0	0	1	0	0	0	"model366"
0	0	1	0	0	0	"model367"
0	0	1	0	0	0	"model368"
0	0	1	0	0	0	"model369"
0	0	1	0	0	0	"model370"
0	0	1	0	0	0	"model371"
0.0419727177334732	0	1	0	0.0419727177334732	0	"model372"
0	0	1	0	0	0	"model373"
0	0	1	0	0	0	"model374"
0	0	1	0	0	0	"model375"
0	0	1	0	0	0	"model376"
0	0	1	0	0	0	"model377"
0	0	1	0	0	0	"model378"
0.149737670514166	0.000506868721447684	0.999685204616999	0.000506868721447697	0.150052465897167	0	"model379"
0.11311647429171	0.00044243129208372	0.999790136411333	0.000442431292083725	0.113326337880378	0	"model380"
0	0	1	0	0	0	"model381"
0	0	1	0	0	0	"model382"
0	0	1	0	0	0	"model383"
0	0	1	0	0	0	"model384"
0	0	1	0	0	0	"model385"
0	0	1	0	0	0	"model386"
0	0	1	0	0	0	"model387"
0	0	1	0	0	0	"model388"
0	0	1	0	0	0	"model389"
0	0	1	0	0	0	"model390"
0	0	1	0	0	0	"model391"
0	0	1	0	0	0	"model392"
0	0	1	0	0	0	"model393"
0.903882476390346	0.00544568043540499	0.950052465897167	0.00544568043540498	0.953830010493179	0	"model394"
0	0	1	0	0	0	"model395"
0	0	1	0	0	0	"model396"
0.068205666316894	0	1	0	0.068205666316894	0	"model397"
0	0	1	0	0	0	"model398"
0	0	1	0	0	0	"model399"
0	0	1	0	0	0	"model400"
0	0	1	0	0	0	"model401"
0	0	1	0	0	0	"model402"
0	0	1	0	0	0	"model403"
0	0	1	0	0	0	"model404"
0	0	1	0	0	0	"model405"
0.0377754459601259	0	1	0	0.0377754459601259	0	"model406"
0	0	1	0	0	0	"model407"
0.874291710388248	0.00770770676227454	0.957187827911857	0.00770770676227453	0.91710388247639	0	"model408"
0	0	1	0	0	0	"model409"
0	0	1	0	0	0	"model410"
0	0	1	0	0	0	"model411"
0	0	1	0	0	0	"model412"
0	0	1	0	0	0	"model413"
0	0	1	0	0	0	"model414"
0	0	1	0	0	0	"model415"
0.888667366211962	0.0113387855260442	0.89601259181532	0.0113387855260442	0.992654774396642	0	"model416"
0	0	1	0	0	0	"model417"
0	0	1	0	0	0	"model418"
0	0	1	0	0	0	"model419"
0	0	1	0	0	0	"model420"
0.00419727177334732	0	1	0	0.00419727177334732	0	"model421"
0	0	1	0	0	0	"model422"
0.0230849947534103	0	1	0	0.0230849947534103	0	"model423"
0	0	1	0	0	0	"model424"
0.396956977964323	0.00232276428343953	0.997166841552991	0.00232276428343951	0.399790136411333	0	"model425"
0	0	1	0	0	0	"model426"
0.00104931794333683	0	1	0	0.00104931794333683	0	"model427"
0	0	1	0	0	0	"model428"
0	0	1	0	0	0	"model429"
0	0	1	0	0	0	"model430"
0	0	1	0	0	0	"model431"
0.86694648478489	0.00513582506973841	0.962434417628541	0.00513582506973839	0.904512067156348	0	"model432"
0.897061909758657	0.00673618896070394	0.960020986358867	0.0067361889607039	0.93704092339979	0	"model433"
0	0	1	0	0	0	"model434"
0	0	1	0	0	0	"model435"
0	0	1	0	0	0	"model436"
0	0	1	0	0	0	"model437"
0	0	1	0	0	0	"model438"
0	0	1	0	0	0	"model439"
0.167785939139559	0.000331823469062785	0.999895068205666	0.000331823469062794	0.167890870933893	0	"model440"
0	0	1	0	0	0	"model441"
0	0	1	0	0	0	"model442"
0	0	1	0	0	0	"model443"
0	0	1	0	0	0	"model444"
0	0	1	0	0	0	"model445"
0	0	1	0	0	0	"model446"
0	0	1	0	0	0	"model447"
0	0	1	0	0	0	"model448"
0	0	1	0	0	0	"model449"
0	0	1	0	0	0	"model450"
0	0	1	0	0	0	"model451"
0	0	1	0	0	0	"model452"
0.904826862539349	0.0121774139747845	0.920566631689402	0.0121774139747845	0.984260230849948	0	"model453"
0	0	1	0	0	0	"model454"
0	0	1	0	0	0	"model455"
0.194963273871983	0.000442431292083714	0.999790136411333	0.000442431292083725	0.195173137460651	0	"model456"
0	0	1	0	0	0	"model457"
0	0	1	0	0	0	"model458"
0	0	1	0	0	0	"model459"
0	0	1	0	0	0	"model460"
0	0	1	0	0	0	"model461"
0	0	1	0	0	0	"model462"
0	0	1	0	0	0	"model463"
0	0	1	0	0	0	"model464"
0	0	1	0	0	0	"model465"
0	0	1	0	0	0	"model466"
0	0	1	0	0	0	"model467"
0	0	1	0	0	0	"model468"
0	0	1	0	0	0	"model469"
0	0	1	0	0	0	"model470"
0	0	1	0	0	0	"model471"
0	0	1	0	0	0	"model472"
0.113536201469045	0.000663646938125579	0.999160545645331	0.000663646938125588	0.114375655823715	0	"model473"
0	0	1	0	0	0	"model474"
0.0178384050367261	0	1	0	0.0178384050367261	0	"model475"
0	0	1	0	0	0	"model476"
0	0	1	0	0	0	"model477"
0	0	1	0	0	0	"model478"
0	0	1	0	0	0	"model479"
0	0	1	0	0	0	"model480"
0	0	1	0	0	0	"model481"
0	0	1	0	0	0	"model482"
0	0	1	0	0	0	"model483"
0	0	1	0	0	0	"model484"
0	0	1	0	0	0	"model485"
0	0	1	0	0	0	"model486"
0	0	1	0	0	0	"model487"
0	0	1	0	0	0	"model488"
0	0	1	0	0	0	"model489"
0	0	1	0	0	0	"model490"
0.916054564533054	0.00891748778172925	0.934942287513116	0.00891748778172926	0.981112277019937	0	"model491"
0.848373557187828	0.00540169472244858	0.969045120671563	0.00540169472244858	0.879328436516264	0	"model492"
0	0	1	0	0	0	"model493"
0	0	1	0	0	0	"model494"
0	0	1	0	0	0	"model495"
0	0	1	0	0	0	"model496"
0	0	1	0	0	0	"model497"
0	0	1	0	0	0	"model498"
0.670409233997901	0.00365005815969067	0.988352570828961	0.00365005815969069	0.68205666316894	0	"model499"
0	0	1	0	0	0	"model500"
0.649737670514166	0.00214476526292491	0.990766002098636	0.00214476526292494	0.65897166841553	0	"model501"
0	0	1	0	0	0	"model502"
0	0	1	0	0	0	"model503"
0.810388247639035	0.0036366264373753	0.976180482686254	0.0036366264373753	0.834207764952781	0	"model504"
0	0	1	0	0	0	"model505"
0	0	1	0	0	0	"model506"
0	0	1	0	0	0	"model507"
0	0	1	0	0	0	"model508"
0	0	1	0	0	0	"model509"
0	0	1	0	0	0	"model510"
0	0	1	0	0	0	"model511"
0	0	1	0	0	0	"model512"
0	0	1	0	0	0	"model513"
0	0	1	0	0	0	"model514"
0	0	1	0	0	0	"model515"
0	0	1	0	0	0	"model516"
0	0	1	0	0	0	"model517"
0	0	1	0	0	0	"model518"
0	0	1	0	0	0	"model519"
0	0	1	0	0	0	"model520"
0	0	1	0	0	0	"model521"
0	0	1	0	0	0	"model522"
0	0	1	0	0	0	"model523"
0	0	1	0	0	0	"model524"
0.0136411332633788	0	1	0	0.0136411332633788	0	"model525"
0	0	1	0	0	0	"model526"
0	0	1	0	0	0	"model527"
0	0	1	0	0	0	"model528"
0	0	1	0	0	0	"model529"
0	0	1	0	0	0	"model530"
0	0	1	0	0	0	"model531"
0	0	1	0	0	0	"model532"
0	0	1	0	0	0	"model533"
0	0	1	0	0	0	"model534"
0	0	1	0	0	0	"model535"
0	0	1	0	0	0	"model536"
0	0	1	0	0	0	"model537"
0	0	1	0	0	0	"model538"
0	0	1	0	0	0	"model539"
0	0	1	0	0	0	"model540"
0	0	1	0	0	0	"model541"
0	0	1	0	0	0	"model542"
0.899685204616999	0.00802497678891921	0.951101783840504	0.00802497678891918	0.948583420776495	0	"model543"
0	0	1	0	0	0	"model544"
0	0	1	0	0	0	"model545"
0.458027282266527	0.00285230962404689	0.996327387198321	0.00285230962404689	0.461699895068206	0	"model546"
0	0	1	0	0	0	"model547"
0	0	1	0	0	0	"model548"
0	0	1	0	0	0	"model549"
0	0	1	0	0	0	"model550"
0.173032528856243	0.000331823469062785	0.999895068205666	0.000331823469062794	0.173137460650577	0	"model551"
0	0	1	0	0	0	"model552"
0.286149003147954	0.00111159486408329	0.998635886673662	0.00111159486408331	0.287513116474292	0	"model553"
0.692130115424974	0.00495147628378773	0.98488982161595	0.00495147628378772	0.707240293809024	0	"model554"
0	0	1	0	0	0	"model555"
0	0	1	0	0	0	"model556"
0	0	1	0	0	0	"model557"
0	0	1	0	0	0	"model558"
0	0	1	0	0	0	"model559"
0	0	1	0	0	0	"model560"
0	0	1	0	0	0	"model561"
0	0	1	0	0	0	"model562"
0.583630640083945	0.00183755516426213	0.991815320041973	0.00183755516426215	0.591815320041973	0	"model563"
0	0	1	0	0	0	"model564"
0	0	1	0	0	0	"model565"
0	0	1	0	0	0	"model566"
0.912591815320042	0.00872400579344397	0.926232948583421	0.00872400579344396	0.986358866736621	0	"model567"
0.00839454354669465	0	1	0	0.00839454354669465	0	"model568"
0	0	1	0	0	0	"model569"
0	0	1	0	0	0	"model570"
0	0	1	0	0	0	"model571"
0	0	1	0	0	0	"model572"
0.523294858342078	0.00232276428343953	0.995487932843652	0.00232276428343951	0.527806925498426	0	"model573"
0	0	1	0	0	0	"model574"
0.415215110178384	0.00156813653525427	0.996537250786989	0.00156813653525425	0.418677859391396	0	"model575"
0	0	1	0	0	0	"model576"
0	0	1	0	0	0	"model577"
0	0	1	0	0	0	"model578"
0.881322140608604	0.0129505655030428	0.886568730325289	0.0129505655030428	0.994753410283316	0	"model579"
0	0	1	0	0	0	"model580"
0.585729275970619	0.00345549885560783	0.990766002098636	0.00345549885560784	0.594963273871983	0	"model581"
0	0	1	0	0	0	"model582"
0	0	1	0	0	0	"model583"
0	0	1	0	0	0	"model584"
0	0	1	0	0	0	"model585"
0	0	1	0	0	0	"model586"
0	0	1	0	0	0	"model587"
0.893913955928646	0.00628521107584009	0.953725078698846	0.00628521107584012	0.940188877229801	0	"model588"
0.904826862539349	0.00619897397176996	0.949947534102833	0.00619897397176996	0.954879328436516	0	"model589"
0	0	1	0	0	0	"model590"
0	0	1	0	0	0	"model591"
0	0	1	0	0	0	"model592"
0	0	1	0	0	0	"model593"
0	0	1	0	0	0	"model594"
0	0	1	0	0	0	"model595"
0	0	1	0	0	0	"model596"
0.0304302203567681	0	1	0	0.0304302203567681	0	"model597"
0	0	1	0	0	0	"model598"
0	0	1	0	0	0	"model599"
0	0	1	0	0	0	"model600"
0	0	1	0	0	0	"model601"
0	0	1	0	0	0	"model602"
0	0	1	0	0	0	"model603"
0	0	1	0	0	0	"model604"
0	0	1	0	0	0	"model605"
0	0	1	0	0	0	"model606"
0	0	1	0	0	0	"model607"
0	0	1	0	0	0	"model608"
0	0	1	0	0	0	"model609"
0	0	1	0	0	0	"model610"
0	0	1	0	0	0	"model611"
0.00944386149003148	0	1	0	0.00944386149003148	0	"model612"
0	0	1	0	0	0	"model613"
0	0	1	0	0	0	"model614"
0	0	1	0	0	0	"model615"
0	0	1	0	0	0	"model616"
0	0	1	0	0	0	"model617"
0	0	1	0	0	0	"model618"
0	0	1	0	0	0	"model619"
0	0	1	0	0	0	"model620"
0	0	1	0	0	0	"model621"
0.546379853095488	0.00346433872386552	0.993389296956978	0.00346433872386552	0.55299055613851	0	"model622"
0	0	1	0	0	0	"model623"
0	0	1	0	0	0	"model624"
0	0	1	0	0	0	"model625"
0	0	1	0	0	0	"model626"
0	0	1	0	0	0	"model627"
0	0	1	0	0	0	"model628"
0	0	1	0	0	0	"model629"
0	0	1	0	0	0	"model630"
0	0	1	0	0	0	"model631"
0	0	1	0	0	0	"model632"
0	0	1	0	0	0	"model633"
0	0	1	0	0	0	"model634"
0.903462749213012	0.00897219680894065	0.945435466946485	0.00897219680894067	0.958027282266527	0	"model635"
0	0	1	0	0	0	"model636"
0.00104931794333683	0	1	0	0.00104931794333683	0	"model637"
0	0	1	0	0	0	"model638"
0	0	1	0	0	0	"model639"
0	0	1	0	0	0	"model640"
0.880167890870934	0.00679675847582573	0.884365162644281	0.00679675847582573	0.995802728226653	0	"model641"
0	0	1	0	0	0	"model642"
0	0	1	0	0	0	"model643"
0.687618048268625	0.00405042162972061	0.984575026232949	0.00405042162972061	0.703043022035677	0	"model644"
0	0	1	0	0	0	"model645"
0	0	1	0	0	0	"model646"
0	0	1	0	0	0	"model647"
0	0	1	0	0	0	"model648"
0	0	1	0	0	0	"model649"
0	0	1	0	0	0	"model650"
0	0	1	0	0	0	"model651"
0	0	1	0	0	0	"model652"
0	0	1	0	0	0	"model653"
0	0	1	0	0	0	"model654"
0	0	1	0	0	0	"model655"
0.809548793284365	0.00193168258432795	0.978488982161595	0.00193168258432796	0.83105981112277	0	"model656"
0.592235047219307	0.00257979558091441	0.993074501573977	0.00257979558091444	0.599160545645331	0	"model657"
0	0	1	0	0	0	"model658"
0	0	1	0	0	0	"model659"
0	0	1	0	0	0	"model660"
0	0	1	0	0	0	"model661"
0	0	1	0	0	0	"model662"
0	0	1	0	0	0	"model663"
0	0	1	0	0	0	"model664"
0	0	1	0	0	0	"model665"
0	0	1	0	0	0	"model666"
0	0	1	0	0	0	"model667"
0	0	1	0	0	0	"model668"
0.305246589716684	0.0015990387479066	0.998845750262329	0.0015990387479066	0.306400839454355	0	"model669"
0	0	1	0	0	0	"model670"
0	0	1	0	0	0	"model671"
0.873347324239244	0.0126504599918805	0.874396642182581	0.0126504599918805	0.998950682056663	0	"model672"
0	0	1	0	0	0	"model673"
0.216054564533054	0.000331823469062794	0.999895068205666	0.000331823469062794	0.216159496327387	0	"model674"
0.899895068205666	0.00905634268355778	0.919832109129066	0.00905634268355776	0.9800629590766	0	"model675"
0	0	1	0	0	0	"model676"
0	0	1	0	0	0	"model677"
0.0388247639034627	0	1	0	0.0388247639034627	0	"model678"
0	0	1	0	0	0	"model679"
0	0	1	0	0	0	"model680"
0	0	1	0	0	0	"model681"
0	0	1	0	0	0	"model682"
0	0	1	0	0	0	"model683"
0.893704092339979	0.0113344688663175	0.902098635886674	0.0113344688663175	0.991605456453305	0	"model684"
0	0	1	0	0	0	"model685"
0	0	1	0	0	0	"model686"
0.20398740818468	0.000541865455922683	0.999370409233998	0.000541865455922697	0.204616998950682	0	"model687"
0	0	1	0	0	0	"model688"
0.0178384050367261	0	1	0	0.0178384050367261	0	"model689"
0.651626442812172	0.00215614340782405	0.990556138509968	0.00215614340782405	0.661070304302204	0	"model690"
0	0	1	0	0	0	"model691"
0	0	1	0	0	0	"model692"
0	0	1	0	0	0	"model693"
0	0	1	0	0	0	"model694"
0	0	1	0	0	0	"model695"
0.884260230849948	0.00566264525073733	0.957712486883526	0.00566264525073735	0.926547743966422	0	"model696"
0.708919202518363	0.0055348136956565	0.983840503672613	0.0055348136956565	0.72507869884575	0	"model697"
0	0	1	0	0	0	"model698"
0	0	1	0	0	0	"model699"
0	0	1	0	0	0	"model700"
0	0	1	0	0	0	"model701"
0	0	1	0	0	0	"model702"
0	0	1	0	0	0	"model703"
0	0	1	0	0	0	"model704"
0	0	1	0	0	0	"model705"
0	0	1	0	0	0	"model706"
0	0	1	0	0	0	"model707"
0	0	1	0	0	0	"model708"
0	0	1	0	0	0	"model709"
0	0	1	0	0	0	"model710"
0	0	1	0	0	0	"model711"
0	0	1	0	0	0	"model712"
0	0	1	0	0	0	"model713"
0	0	1	0	0	0	"model714"
0	0	1	0	0	0	"model715"
0	0	1	0	0	0	"model716"
0.0283315844700944	0	1	0	0.0283315844700944	0	"model717"
0	0	1	0	0	0	"model718"
0.895173137460651	0.00498226551397534	0.957082896117524	0.00498226551397536	0.938090241343127	0	"model719"
0	0	1	0	0	0	"model720"
0	0	1	0	0	0	"model721"
0.863483735571878	0.00647693572382413	0.965267576075551	0.00647693572382412	0.898216159496327	0	"model722"
0	0	1	0	0	0	"model723"
0	0	1	0	0	0	"model724"
0.904826862539349	0.00678324512464409	0.913221406086044	0.00678324512464408	0.991605456453305	0	"model725"
0	0	1	0	0	0	"model726"
0.215739769150052	0.00088486258416744	0.998530954879328	0.000884862584167451	0.217208814270724	0	"model727"
0	0	1	0	0	0	"model728"
0.852570828961175	0.0118433039197881	0.853620146904512	0.011843303919788	0.998950682056663	0	"model729"
0.0199370409233998	0	1	0	0.0199370409233998	0	"model730"
0	0	1	0	0	0	"model731"
0	0	1	0	0	0	"model732"
0	0	1	0	0	0	"model733"
0	0	1	0	0	0	"model734"
0	0	1	0	0	0	"model735"
0	0	1	0	0	0	"model736"
0	0	1	0	0	0	"model737"
0	0	1	0	0	0	"model738"
0.879853095487933	0.00934946932817325	0.885099685204617	0.00934946932817323	0.994753410283316	0	"model739"
0	0	1	0	0	0	"model740"
0	0	1	0	0	0	"model741"
0	0	1	0	0	0	"model742"
0	0	1	0	0	0	"model743"
0.659916054564533	0.00462573500192001	0.988352570828961	0.00462573500192	0.671563483735572	0	"model744"
0	0	1	0	0	0	"model745"
0	0	1	0	0	0	"model746"
0	0	1	0	0	0	"model747"
0	0	1	0	0	0	"model748"
0	0	1	0	0	0	"model749"
0	0	1	0	0	0	"model750"
0	0	1	0	0	0	"model751"
0.906190975865687	0.0051690670029832	0.92193074501574	0.0051690670029832	0.984260230849948	0	"model752"
0	0	1	0	0	0	"model753"
0	0	1	0	0	0	"model754"
0	0	1	0	0	0	"model755"
0	0	1	0	0	0	"model756"
0	0	1	0	0	0	"model757"
0	0	1	0	0	0	"model758"
0	0	1	0	0	0	"model759"
0	0	1	0	0	0	"model760"
0	0	1	0	0	0	"model761"
0	0	1	0	0	0	"model762"
0	0	1	0	0	0	"model763"
0.624029380902413	0.00328302204414335	0.990241343126967	0.00328302204414336	0.633788037775446	0	"model764"
0	0	1	0	0	0	"model765"
0	0	1	0	0	0	"model766"
0	0	1	0	0	0	"model767"
0	0	1	0	0	0	"model768"
0	0	1	0	0	0	"model769"
0	0	1	0	0	0	"model770"
0	0	1	0	0	0	"model771"
0	0	1	0	0	0	"model772"
0.00104931794333683	0	1	0	0.00104931794333683	0	"model773"
0	0	1	0	0	0	"model774"
0	0	1	0	0	0	"model775"
0	0	1	0	0	0	"model776"
0	0	1	0	0	0	"model777"
0	0	1	0	0	0	"model778"
0	0	1	0	0	0	"model779"
0	0	1	0	0	0	"model780"
0	0	1	0	0	0	"model781"
0	0	1	0	0	0	"model782"
0	0	1	0	0	0	"model783"
0	0	1	0	0	0	"model784"
0	0	1	0	0	0	"model785"
0	0	1	0	0	0	"model786"
0	0	1	0	0	0	"model787"
0.903672612801679	0.00295966363082284	0.912067156348374	0.00295966363082282	0.991605456453305	0	"model788"
0.899475341028332	0.0085361726258309	0.928856243441763	0.0085361726258309	0.970619097586569	0	"model789"
0.00419727177334732	0	1	0	0.00419727177334732	0	"model790"
0	0	1	0	0	0	"model791"
0	0	1	0	0	0	"model792"
0	0	1	0	0	0	"model793"
0	0	1	0	0	0	"model794"
0	0	1	0	0	0	"model795"
0	0	1	0	0	0	"model796"
0	0	1	0	0	0	"model797"
0	0	1	0	0	0	"model798"
0	0	1	0	0	0	"model799"
0	0	1	0	0	0	"model800"
0	0	1	0	0	0	"model801"
0	0	1	0	0	0	"model802"
0	0	1	0	0	0	"model803"
0.433368310598111	0.00130872941125356	0.996852046169989	0.00130872941125354	0.436516264428122	0	"model804"
0	0	1	0	0	0	"model805"
0	0	1	0	0	0	"model806"
0	0	1	0	0	0	"model807"
0	0	1	0	0	0	"model808"
0	0	1	0	0	0	"model809"
0	0	1	0	0	0	"model810"
0	0	1	0	0	0	"model811"
0	0	1	0	0	0	"model812"
0	0	1	0	0	0	"model813"
0.00419727177334732	0	1	0	0.00419727177334732	0	"model814"
0	0	1	0	0	0	"model815"
0	0	1	0	0	0	"model816"
0.00629590766002099	0	1	0	0.00629590766002099	0	"model817"
0	0	1	0	0	0	"model818"
0	0	1	0	0	0	"model819"
0	0	1	0	0	0	"model820"
0.333997901364113	0.000995470407188371	0.998216159496327	0.000995470407188382	0.335781741867786	0	"model821"
0.0514165792235047	0	1	0	0.0514165792235047	0	"model822"
0	0	1	0	0	0	"model823"
0	0	1	0	0	0	"model824"
0.893179433368311	0.00723277063340348	0.899475341028332	0.00723277063340348	0.993704092339979	0	"model825"
0	0	1	0	0	0	"model826"
0	0	1	0	0	0	"model827"
0.0115424973767051	0	1	0	0.0115424973767051	0	"model828"
0	0	1	0	0	0	"model829"
0	0	1	0	0	0	"model830"
0	0	1	0	0	0	"model831"
0	0	1	0	0	0	"model832"
0	0	1	0	0	0	"model833"
0	0	1	0	0	0	"model834"
0.155299055613851	0	1	0	0.155299055613851	0	"model835"
0	0	1	0	0	0	"model836"
0	0	1	0	0	0	"model837"
0	0	1	0	0	0	"model838"
0	0	1	0	0	0	"model839"
0	0	1	0	0	0	"model840"
0	0	1	0	0	0	"model841"
0	0	1	0	0	0	"model842"
0	0	1	0	0	0	"model843"
0	0	1	0	0	0	"model844"
0	0	1	0	0	0	"model845"
0	0	1	0	0	0	"model846"
0	0	1	0	0	0	"model847"
0	0	1	0	0	0	"model848"
0	0	1	0	0	0	"model849"
0.018887722980063	0	1	0	0.018887722980063	0	"model850"
0	0	1	0	0	0	"model851"
0	0	1	0	0	0	"model852"
0.063903462749213	0.00033182346906279	0.999895068205666	0.000331823469062794	0.0640083945435467	0	"model853"
0	0	1	0	0	0	"model854"
0	0	1	0	0	0	"model855"
0	0	1	0	0	0	"model856"
0	0	1	0	0	0	"model857"
0	0	1	0	0	0	"model858"
0	0	1	0	0	0	"model859"
0	0	1	0	0	0	"model860"
0	0	1	0	0	0	"model861"
0	0	1	0	0	0	"model862"
0	0	1	0	0	0	"model863"
0	0	1	0	0	0	"model864"
0	0	1	0	0	0	"model865"
0	0	1	0	0	0	"model866"
0.00104931794333683	0	1	0	0.00104931794333683	0	"model867"
0.220986358866737	0.000541865455922697	0.999580272822665	0.000541865455922697	0.221406086044071	0	"model868"
0	0	1	0	0	0	"model869"
0.828331584470094	0.0121386731624071	0.829380902413431	0.0121386731624071	0.998950682056663	0	"model870"
0	0	1	0	0	0	"model871"
0	0	1	0	0	0	"model872"
0	0	1	0	0	0	"model873"
0	0	1	0	0	0	"model874"
0	0	1	0	0	0	"model875"
0.571878279118573	0.00261745882250715	0.993704092339979	0.00261745882250713	0.578174186778594	0	"model876"
0	0	1	0	0	0	"model877"
0	0	1	0	0	0	"model878"
0	0	1	0	0	0	"model879"
0	0	1	0	0	0	"model880"
0.740503672612802	0.00335672420119205	0.980797481636936	0.00335672420119206	0.759706190975866	0	"model881"
0.00629590766002099	0	1	0	0.00629590766002099	0	"model882"
0	0	1	0	0	0	"model883"
0	0	1	0	0	0	"model884"
0	0	1	0	0	0	"model885"
0	0	1	0	0	0	"model886"
0	0	1	0	0	0	"model887"
0	0	1	0	0	0	"model888"
0	0	1	0	0	0	"model889"
0.524029380902413	0.00227755447304647	0.995173137460651	0.00227755447304647	0.528856243441763	0	"model890"
0.561490031479538	0.00239536812427617	0.993809024134313	0.00239536812427616	0.567681007345226	0	"model891"
0	0	1	0	0	0	"model892"
0	0	1	0	0	0	"model893"
0	0	1	0	0	0	"model894"
0	0	1	0	0	0	"model895"
0	0	1	0	0	0	"model896"
0	0	1	0	0	0	"model897"
0.196537250786988	0.000863874713901957	0.999265477439664	0.00086387471390197	0.197271773347324	0	"model898"
0	0	1	0	0	0	"model899"
0	0	1	0	0	0	"model900"
0	0	1	0	0	0	"model901"
0	0	1	0	0	0	"model902"
0	0	1	0	0	0	"model903"
0	0	1	0	0	0	"model904"
0	0	1	0	0	0	"model905"
0	0	1	0	0	0	"model906"
0	0	1	0	0	0	"model907"
0	0	1	0	0	0	"model908"
0	0	1	0	0	0	"model909"
0	0	1	0	0	0	"model910"
0.852256033578174	0.0128114229626598	0.853305351521511	0.0128114229626598	0.998950682056663	0	"model911"
0.762644281217209	0.0106643380203761	0.763693599160546	0.0106643380203761	0.998950682056663	0	"model912"
0	0	1	0	0	0	"model913"
0	0	1	0	0	0	"model914"
0	0	1	0	0	0	"model915"
0	0	1	0	0	0	"model916"
0	0	1	0	0	0	"model917"
0	0	1	0	0	0	"model918"
0	0	1	0	0	0	"model919"
0	0	1	0	0	0	"model920"
0	0	1	0	0	0	"model921"
0	0	1	0	0	0	"model922"
0.26495278069255	0.000553039115104657	0.999475341028332	0.000553039115104657	0.265477439664218	0	"model923"
0	0	1	0	0	0	"model924"
0.542182581322141	0.0015681365352543	0.994438614900315	0.00156813653525426	0.547743966421826	0	"model925"
0.866736621196222	0.00751807809031292	0.964323189926548	0.00751807809031294	0.902413431269675	0	"model926"
0	0	1	0	0	0	"model927"
0	0	1	0	0	0	"model928"
0	0	1	0	0	0	"model929"
0	0	1	0	0	0	"model930"
0	0	1	0	0	0	"model931"
0	0	1	0	0	0	"model932"
0	0	1	0	0	0	"model933"
0	0	1	0	0	0	"model934"
0	0	1	0	0	0	"model935"
0	0	1	0	0	0	"model936"
0	0	1	0	0	0	"model937"
0.278803777544596	0.000995470407188371	0.997586568730325	0.00099547040718836	0.281217208814271	0	"model938"
0	0	1	0	0	0	"model939"
0	0	1	0	0	0	"model940"
0	0	1	0	0	0	"model941"
0	0	1	0	0	0	"model942"
0	0	1	0	0	0	"model943"
0	0	1	0	0	0	"model944"
0	0	1	0	0	0	"model945"
0	0	1	0	0	0	"model946"
0.0458551941238195	0.00050686872144769	0.999685204616999	0.000506868721447697	0.0461699895068206	0	"model947"
0	0	1	0	0	0	"model948"
0	0	1	0	0	0	"model949"
0	0	1	0	0	0	"model950"
0	0	1	0	0	0	"model951"
0	0	1	0	0	0	"model952"
0	0	1	0	0	0	"model953"
0.0521511017838405	0.00050686872144769	0.999685204616999	0.000506868721447697	0.0524658971668416	0	"model954"
0	0	1	0	0	0	"model955"
0	0	1	0	0	0	"model956"
0	0	1	0	0	0	"model957"
0	0	1	0	0	0	"model958"
0	0	1	0	0	0	"model959"
0.601573976915005	0.00280036640800953	0.99401888772298	0.00280036640800952	0.607555089192025	0	"model960"
0.289926547743966	0.000708235632435009	0.999265477439664	0.000708235632435009	0.290661070304302	0	"model961"
0	0	1	0	0	0	"model962"
0	0	1	0	0	0	"model963"
0.195068205666317	0.000331823469062785	0.999895068205666	0.000331823469062794	0.195173137460651	0	"model964"
0	0	1	0	0	0	"model965"
0	0	1	0	0	0	"model966"
0	0	1	0	0	0	"model967"
0	0	1	0	0	0	"model968"
0	0	1	0	0	0	"model969"
0.818887722980063	0.0153915862958321	0.8199370409234	0.015391586295832	0.998950682056663	0	"model970"
0	0	1	0	0	0	"model971"
0	0	1	0	0	0	"model972"
0	0	1	0	0	0	"model973"
0	0	1	0	0	0	"model974"
0	0	1	0	0	0	"model975"
0.604092339979014	0.0036366264373753	0.989192025183631	0.00363662643737532	0.614900314795383	0	"model976"
0.112277019937041	0	1	0	0.112277019937041	0	"model977"
0	0	1	0	0	0	"model978"
0	0	1	0	0	0	"model979"
0	0	1	0	0	0	"model980"
0	0	1	0	0	0	"model981"
0	0	1	0	0	0	"model982"
0	0	1	0	0	0	"model983"
0	0	1	0	0	0	"model984"
0	0	1	0	0	0	"model985"
0	0	1	0	0	0	"model986"
0	0	1	0	0	0	"model987"
0.00104931794333683	0	1	0	0.00104931794333683	0	"model988"
0.516579223504722	0.00210154863739767	0.99401888772298	0.00210154863739767	0.522560335781742	0	"model989"
0	0	1	0	0	0	"model990"
0	0	1	0	0	0	"model991"
0.0115424973767051	0	1	0	0.0115424973767051	0	"model992"
0.854774396642183	0.00654738521541663	0.855823714585519	0.00654738521541663	0.998950682056663	0	"model993"
0	0	1	0	0	0	"model994"
0	0	1	0	0	0	"model995"
0	0	1	0	0	0	"model996"
0	0	1	0	0	0	"model997"
0	0	1	0	0	0	"model998"
0	0	1	0	0	0	"model999"
0	0	1	0	0	0	"model1000"
