"TSS.MN"	"TSS.sd"	"speci.MN"	"speci.sd"	"sensi.MN"	"sensi.sd"	"model"
0	0	1	0	0	0	"model1"
0	0	1	0	0	0	"model2"
0	0	1	0	0	0	"model3"
0	0	1	0	0	0	"model4"
0.0294117647058824	0	1	0	0.0294117647058824	0	"model5"
0	0	1	0	0	0	"model6"
0	0	1	0	0	0	"model7"
0.573529411764706	0.0207972582701926	0.985294117647059	0.0207972582701926	0.588235294117647	0	"model8"
0	0	1	0	0	0	"model9"
0	0	1	0	0	0	"model10"
0	0	1	0	0	0	"model11"
0	0	1	0	0	0	"model12"
0	0	1	0	0	0	"model13"
0	0	1	0	0	0	"model14"
0	0	1	0	0	0	"model15"
0	0	1	0	0	0	"model16"
0	0	1	0	0	0	"model17"
0	0	1	0	0	0	"model18"
0.429411764705882	0.0151881699851271	0.988235294117647	0.0151881699851271	0.441176470588235	0	"model19"
0	0	1	0	0	0	"model20"
0.470588235294118	0	1	0	0.470588235294118	0	"model21"
0	0	1	0	0	0	"model22"
0	0	1	0	0	0	"model23"
0	0	1	0	0	0	"model24"
0	0	1	0	0	0	"model25"
0.852941176470588	0	1	0	0.852941176470588	0	"model26"
0	0	1	0	0	0	"model27"
0.95	0.0279024499426622	0.979411764705882	0.0279024499426622	0.970588235294118	0	"model28"
0.176470588235294	0	1	0	0.176470588235294	0	"model29"
0	0	1	0	0	0	"model30"
0	0	1	0	0	0	"model31"
0	0	1	0	0	0	"model32"
0.529411764705882	0	1	0	0.529411764705882	0	"model33"
0	0	1	0	0	0	"model34"
0	0	1	0	0	0	"model35"
0	0	1	0	0	0	"model36"
0.873529411764706	0.0142072321041073	0.991176470588235	0.0142072321041073	0.882352941176471	0	"model37"
0	0	1	0	0	0	"model38"
0	0	1	0	0	0	"model39"
0.264705882352941	0	1	0	0.264705882352941	0	"model40"
0.932352941176471	0.0142072321041073	0.991176470588235	0.0142072321041073	0.941176470588235	0	"model41"
0.0588235294117647	0	1	0	0.0588235294117647	0	"model42"
0	0	1	0	0	0	"model43"
0	0	1	0	0	0	"model44"
0	0	1	0	0	0	"model45"
0.95	0.0198514281679574	0.979411764705882	0.0198514281679574	0.970588235294118	0	"model46"
0	0	1	0	0	0	"model47"
0	0	1	0	0	0	"model48"
0	0	1	0	0	0	"model49"
0.967647058823529	0.00930081664755406	0.997058823529412	0.00930081664755406	0.970588235294118	0	"model50"
0	0	1	0	0	0	"model51"
0	0	1	0	0	0	"model52"
0	0	1	0	0	0	"model53"
0	0	1	0	0	0	"model54"
0	0	1	0	0	0	"model55"
0	0	1	0	0	0	"model56"
0	0	1	0	0	0	"model57"
0	0	1	0	0	0	"model58"
0.470588235294118	0	1	0	0.470588235294118	0	"model59"
0	0	1	0	0	0	"model60"
0	0	1	0	0	0	"model61"
0	0	1	0	0	0	"model62"
0.264705882352941	0	1	0	0.264705882352941	0	"model63"
0	0	1	0	0	0	"model64"
0	0	1	0	0	0	"model65"
0.961764705882353	0.0142072321041073	0.991176470588235	0.0142072321041073	0.970588235294118	0	"model66"
0.411764705882353	0	1	0	0.411764705882353	0	"model67"
0	0	1	0	0	0	"model68"
0	0	1	0	0	0	"model69"
0	0	1	0	0	0	"model70"
0.9	0.0522467160567617	0.9	0.0522467160567617	1	0	"model71"
0.938235294117647	0.00930081664755406	0.997058823529412	0.00930081664755406	0.941176470588235	0	"model72"
0	0	1	0	0	0	"model73"
0	0	1	0	0	0	"model74"
0	0	1	0	0	0	"model75"
0	0	1	0	0	0	"model76"
0.352941176470588	0	1	0	0.352941176470588	0	"model77"
0	0	1	0	0	0	"model78"
0	0	1	0	0	0	"model79"
0	0	1	0	0	0	"model80"
0	0	1	0	0	0	"model81"
0	0	1	0	0	0	"model82"
0	0	1	0	0	0	"model83"
0	0	1	0	0	0	"model84"
0.176470588235294	0	1	0	0.176470588235294	0	"model85"
0	0	1	0	0	0	"model86"
0	0	1	0	0	0	"model87"
0	0	1	0	0	0	"model88"
0	0	1	0	0	0	"model89"
0	0	1	0	0	0	"model90"
0.938235294117647	0.0323677921945474	0.938235294117647	0.0323677921945474	1	0	"model91"
0	0	1	0	0	0	"model92"
0	0	1	0	0	0	"model93"
0	0	1	0	0	0	"model94"
0	0	1	0	0	0	"model95"
0	0	1	0	0	0	"model96"
0	0	1	0	0	0	"model97"
0.176470588235294	0	1	0	0.176470588235294	0	"model98"
0	0	1	0	0	0	"model99"
0	0	1	0	0	0	"model100"
0	0	1	0	0	0	"model101"
0.932352941176471	0.0519700324733277	0.932352941176471	0.0519700324733277	1	0	"model102"
0	0	1	0	0	0	"model103"
0.117647058823529	0	1	0	0.117647058823529	0	"model104"
0	0	1	0	0	0	"model105"
0	0	1	0	0	0	"model106"
0	0	1	0	0	0	"model107"
0	0	1	0	0	0	"model108"
0	0	1	0	0	0	"model109"
0	0	1	0	0	0	"model110"
0	0	1	0	0	0	"model111"
0	0	1	0	0	0	"model112"
0.382352941176471	0	1	0	0.382352941176471	0	"model113"
0	0	1	0	0	0	"model114"
0.0294117647058824	0	1	0	0.0294117647058824	0	"model115"
0	0	1	0	0	0	"model116"
0	0	1	0	0	0	"model117"
0	0	1	0	0	0	"model118"
0	0	1	0	0	0	"model119"
0	0	1	0	0	0	"model120"
0.876470588235294	0.0124010888634054	0.994117647058824	0.0124010888634054	0.882352941176471	0	"model121"
0.95	0.0279024499426622	0.979411764705882	0.0279024499426622	0.970588235294118	0	"model122"
0	0	1	0	0	0	"model123"
0.382352941176471	0	1	0	0.382352941176471	0	"model124"
0	0	1	0	0	0	"model125"
0.958823529411765	0.0284144642082146	0.958823529411765	0.0284144642082146	1	0	"model126"
0	0	1	0	0	0	"model127"
0.938235294117647	0.00930081664755406	0.997058823529412	0.00930081664755406	0.941176470588235	0	"model128"
0	0	1	0	0	0	"model129"
0	0	1	0	0	0	"model130"
0	0	1	0	0	0	"model131"
0	0	1	0	0	0	"model132"
0.944117647058824	0.0257527951697327	0.944117647058824	0.0257527951697327	1	0	"model133"
0	0	1	0	0	0	"model134"
0	0	1	0	0	0	"model135"
0	0	1	0	0	0	"model136"
0.470588235294118	0	1	0	0.470588235294118	0	"model137"
0	0	1	0	0	0	"model138"
0	0	1	0	0	0	"model139"
0	0	1	0	0	0	"model140"
0	0	1	0	0	0	"model141"
0.947058823529412	0.0303763399702543	0.976470588235294	0.0303763399702543	0.970588235294118	0	"model142"
0	0	1	0	0	0	"model143"
0	0	1	0	0	0	"model144"
0	0	1	0	0	0	"model145"
0	0	1	0	0	0	"model146"
0.941176470588235	0.0415945165403852	0.941176470588235	0.0415945165403852	1	0	"model147"
0	0	1	0	0	0	"model148"
0	0	1	0	0	0	"model149"
0	0	1	0	0	0	"model150"
0	0	1	0	0	0	"model151"
0	0	1	0	0	0	"model152"
0	0	1	0	0	0	"model153"
0	0	1	0	0	0	"model154"
0.644117647058824	0.00930081664755406	0.997058823529412	0.00930081664755406	0.647058823529412	0	"model155"
0	0	1	0	0	0	"model156"
0	0	1	0	0	0	"model157"
0	0	1	0	0	0	"model158"
0	0	1	0	0	0	"model159"
0.964705882352941	0.0124010888634054	0.994117647058824	0.0124010888634054	0.970588235294118	0	"model160"
0	0	1	0	0	0	"model161"
0	0	1	0	0	0	"model162"
0	0	1	0	0	0	"model163"
0.441176470588235	0	1	0	0.441176470588235	0	"model164"
0	0	1	0	0	0	"model165"
0.917647058823529	0.0270275465727259	0.976470588235294	0.0270275465727259	0.941176470588235	0	"model166"
0	0	1	0	0	0	"model167"
0.647058823529412	0	1	0	0.647058823529412	0	"model168"
0	0	1	0	0	0	"model169"
0	0	1	0	0	0	"model170"
0	0	1	0	0	0	"model171"
0	0	1	0	0	0	"model172"
0.820588235294118	0.00930081664755406	0.997058823529412	0.00930081664755406	0.823529411764706	0	"model173"
0	0	1	0	0	0	"model174"
0	0	1	0	0	0	"model175"
0	0	1	0	0	0	"model176"
0	0	1	0	0	0	"model177"
0	0	1	0	0	0	"model178"
0	0	1	0	0	0	"model179"
0	0	1	0	0	0	"model180"
0	0	1	0	0	0	"model181"
0	0	1	0	0	0	"model182"
0	0	1	0	0	0	"model183"
0	0	1	0	0	0	"model184"
0.938235294117647	0.0426216963123219	0.938235294117647	0.0426216963123219	1	0	"model185"
0.467647058823529	0.00930081664755406	0.997058823529412	0.00930081664755406	0.470588235294118	0	"model186"
0	0	1	0	0	0	"model187"
0	0	1	0	0	0	"model188"
0	0	1	0	0	0	"model189"
0.411764705882353	0	1	0	0.411764705882353	0	"model190"
0.958823529411765	0.0284144642082146	0.958823529411765	0.0284144642082146	1	0	"model191"
0.941176470588235	0.0310027221585135	0.970588235294118	0.0310027221585135	0.970588235294118	0	"model192"
0	0	1	0	0	0	"model193"
0	0	1	0	0	0	"model194"
0	0	1	0	0	0	"model195"
0	0	1	0	0	0	"model196"
0.470588235294118	0	1	0	0.470588235294118	0	"model197"
0	0	1	0	0	0	"model198"
0	0	1	0	0	0	"model199"
0.0882352941176471	0	1	0	0.0882352941176471	0	"model200"
0	0	1	0	0	0	"model201"
0	0	1	0	0	0	"model202"
0	0	1	0	0	0	"model203"
0.294117647058824	0	1	0	0.294117647058824	0	"model204"
0	0	1	0	0	0	"model205"
0	0	1	0	0	0	"model206"
0	0	1	0	0	0	"model207"
0	0	1	0	0	0	"model208"
0	0	1	0	0	0	"model209"
0.382352941176471	0	1	0	0.382352941176471	0	"model210"
0	0	1	0	0	0	"model211"
0	0	1	0	0	0	"model212"
0	0	1	0	0	0	"model213"
0.411764705882353	0	1	0	0.411764705882353	0	"model214"
0	0	1	0	0	0	"model215"
0.935294117647059	0.0124010888634054	0.994117647058824	0.0124010888634054	0.941176470588235	0	"model216"
0	0	1	0	0	0	"model217"
0	0	1	0	0	0	"model218"
0	0	1	0	0	0	"model219"
0.941176470588235	0.0392156862745098	0.941176470588235	0.0392156862745098	1	0	"model220"
0	0	1	0	0	0	"model221"
0	0	1	0	0	0	"model222"
0	0	1	0	0	0	"model223"
0	0	1	0	0	0	"model224"
0	0	1	0	0	0	"model225"
0.961764705882353	0.0142072321041073	0.991176470588235	0.0142072321041073	0.970588235294118	0	"model226"
0	0	1	0	0	0	"model227"
0	0	1	0	0	0	"model228"
0	0	1	0	0	0	"model229"
0.382352941176471	0	1	0	0.382352941176471	0	"model230"
0	0	1	0	0	0	"model231"
0	0	1	0	0	0	"model232"
0	0	1	0	0	0	"model233"
0.205882352941176	0	1	0	0.205882352941176	0	"model234"
0	0	1	0	0	0	"model235"
0.926470588235294	0.0155013610792568	0.985294117647059	0.0155013610792568	0.941176470588235	0	"model236"
0.932352941176471	0.0142072321041073	0.991176470588235	0.0142072321041073	0.941176470588235	0	"model237"
0	0	1	0	0	0	"model238"
0	0	1	0	0	0	"model239"
0	0	1	0	0	0	"model240"
0	0	1	0	0	0	"model241"
0	0	1	0	0	0	"model242"
0	0	1	0	0	0	"model243"
0.888235294117647	0.0232003128749005	0.976470588235294	0.0232003128749005	0.911764705882353	0	"model244"
0	0	1	0	0	0	"model245"
0	0	1	0	0	0	"model246"
0.529411764705882	0	1	0	0.529411764705882	0	"model247"
0	0	1	0	0	0	"model248"
0	0	1	0	0	0	"model249"
0.176470588235294	0	1	0	0.176470588235294	0	"model250"
0	0	1	0	0	0	"model251"
0	0	1	0	0	0	"model252"
0	0	1	0	0	0	"model253"
0	0	1	0	0	0	"model254"
0	0	1	0	0	0	"model255"
0	0	1	0	0	0	"model256"
0.0588235294117647	0	1	0	0.0588235294117647	0	"model257"
0.464705882352941	0.0124010888634054	0.994117647058824	0.0124010888634054	0.470588235294118	0	"model258"
0	0	1	0	0	0	"model259"
0.582352941176471	0.0124010888634054	0.994117647058824	0.0124010888634054	0.588235294117647	0	"model260"
0	0	1	0	0	0	"model261"
0	0	1	0	0	0	"model262"
0	0	1	0	0	0	"model263"
0.294117647058824	0	1	0	0.294117647058824	0	"model264"
0.782352941176471	0.0205648793758853	0.988235294117647	0.0205648793758853	0.794117647058823	0	"model265"
0	0	1	0	0	0	"model266"
0	0	1	0	0	0	"model267"
0	0	1	0	0	0	"model268"
0	0	1	0	0	0	"model269"
0	0	1	0	0	0	"model270"
0.958823529411765	0.0205648793758853	0.988235294117647	0.0205648793758853	0.970588235294118	0	"model271"
0	0	1	0	0	0	"model272"
0	0	1	0	0	0	"model273"
0	0	1	0	0	0	"model274"
0	0	1	0	0	0	"model275"
0	0	1	0	0	0	"model276"
0	0	1	0	0	0	"model277"
0.614705882352941	0.00930081664755406	0.997058823529412	0.00930081664755406	0.617647058823529	0	"model278"
0	0	1	0	0	0	"model279"
0	0	1	0	0	0	"model280"
0	0	1	0	0	0	"model281"
0.294117647058824	0	1	0	0.294117647058824	0	"model282"
0	0	1	0	0	0	"model283"
0.470588235294118	0	1	0	0.470588235294118	0	"model284"
0	0	1	0	0	0	"model285"
0.0294117647058824	0	1	0	0.0294117647058824	0	"model286"
0	0	1	0	0	0	"model287"
0.947058823529412	0.0333909536586792	0.947058823529412	0.0333909536586792	1	0	"model288"
0	0	1	0	0	0	"model289"
0.970588235294118	0.0240146053214037	0.970588235294118	0.0240146053214037	1	0	"model290"
0	0	1	0	0	0	"model291"
0.958823529411765	0.0205648793758853	0.988235294117647	0.0205648793758853	0.970588235294118	0	"model292"
0	0	1	0	0	0	"model293"
0.929411764705882	0.0151881699851271	0.988235294117647	0.0151881699851271	0.941176470588235	0	"model294"
0	0	1	0	0	0	"model295"
0	0	1	0	0	0	"model296"
0.941176470588235	0.0339617805405662	0.970588235294118	0.0339617805405662	0.970588235294118	0	"model297"
0.205882352941176	0	1	0	0.205882352941176	0	"model298"
0	0	1	0	0	0	"model299"
0	0	1	0	0	0	"model300"
0.382352941176471	0	1	0	0.382352941176471	0	"model301"
0	0	1	0	0	0	"model302"
0.932352941176471	0.036813692853958	0.961764705882353	0.036813692853958	0.970588235294118	0	"model303"
0	0	1	0	0	0	"model304"
0.955882352941176	0.0207972582701926	0.985294117647059	0.0207972582701926	0.970588235294118	0	"model305"
0	0	1	0	0	0	"model306"
0	0	1	0	0	0	"model307"
0	0	1	0	0	0	"model308"
0	0	1	0	0	0	"model309"
0.617647058823529	0	1	0	0.617647058823529	0	"model310"
0.470588235294118	0	1	0	0.470588235294118	0	"model311"
0.529411764705882	0	1	0	0.529411764705882	0	"model312"
0	0	1	0	0	0	"model313"
0.961764705882353	0.0142072321041073	0.991176470588235	0.0142072321041073	0.970588235294118	0	"model314"
0.967647058823529	0.0217019055109595	0.967647058823529	0.0217019055109595	1	0	"model315"
0	0	1	0	0	0	"model316"
0	0	1	0	0	0	"model317"
0	0	1	0	0	0	"model318"
0	0	1	0	0	0	"model319"
0	0	1	0	0	0	"model320"
0.955882352941176	0.0207972582701926	0.985294117647059	0.0207972582701926	0.970588235294118	0	"model321"
0	0	1	0	0	0	"model322"
0.929411764705882	0.0151881699851271	0.988235294117647	0.0151881699851271	0.941176470588235	0	"model323"
0.205882352941176	0	1	0	0.205882352941176	0	"model324"
0.5	0	1	0	0.5	0	"model325"
0.911764705882353	0.0480292106428074	0.911764705882353	0.0480292106428074	1	0	"model326"
0	0	1	0	0	0	"model327"
0	0	1	0	0	0	"model328"
0.382352941176471	0	1	0	0.382352941176471	0	"model329"
0	0	1	0	0	0	"model330"
0	0	1	0	0	0	"model331"
0	0	1	0	0	0	"model332"
0	0	1	0	0	0	"model333"
0	0	1	0	0	0	"model334"
0.958823529411765	0.0205648793758853	0.988235294117647	0.0205648793758853	0.970588235294118	0	"model335"
0	0	1	0	0	0	"model336"
0	0	1	0	0	0	"model337"
0	0	1	0	0	0	"model338"
0	0	1	0	0	0	"model339"
0	0	1	0	0	0	"model340"
0.973529411764706	0.029247909588581	0.973529411764706	0.029247909588581	1	0	"model341"
0	0	1	0	0	0	"model342"
0	0	1	0	0	0	"model343"
0.470588235294118	0	1	0	0.470588235294118	0	"model344"
0	0	1	0	0	0	"model345"
0.967647058823529	0.0217019055109595	0.967647058823529	0.0217019055109595	1	0	"model346"
0	0	1	0	0	0	"model347"
0	0	1	0	0	0	"model348"
0.791176470588235	0.00930081664755406	0.997058823529412	0.00930081664755406	0.794117647058823	0	"model349"
0.926470588235294	0.0485269359637827	0.926470588235294	0.0485269359637827	1	0	"model350"
0.379411764705882	0.00930081664755404	0.997058823529412	0.00930081664755406	0.382352941176471	0	"model351"
0	0	1	0	0	0	"model352"
0	0	1	0	0	0	"model353"
0	0	1	0	0	0	"model354"
0.411764705882353	0	1	0	0.411764705882353	0	"model355"
0	0	1	0	0	0	"model356"
0	0	1	0	0	0	"model357"
0	0	1	0	0	0	"model358"
0	0	1	0	0	0	"model359"
0	0	1	0	0	0	"model360"
0	0	1	0	0	0	"model361"
0	0	1	0	0	0	"model362"
0	0	1	0	0	0	"model363"
0	0	1	0	0	0	"model364"
0	0	1	0	0	0	"model365"
0	0	1	0	0	0	"model366"
0.176470588235294	0	1	0	0.176470588235294	0	"model367"
0	0	1	0	0	0	"model368"
0	0	1	0	0	0	"model369"
0	0	1	0	0	0	"model370"
0	0	1	0	0	0	"model371"
0	0	1	0	0	0	"model372"
0	0	1	0	0	0	"model373"
0	0	1	0	0	0	"model374"
0	0	1	0	0	0	"model375"
0	0	1	0	0	0	"model376"
0.441176470588235	0	1	0	0.441176470588235	0	"model377"
0.497058823529412	0.00930081664755406	0.997058823529412	0.00930081664755406	0.5	0	"model378"
0	0	1	0	0	0	"model379"
0.411764705882353	0	1	0	0.411764705882353	0	"model380"
0	0	1	0	0	0	"model381"
0	0	1	0	0	0	"model382"
0	0	1	0	0	0	"model383"
0	0	1	0	0	0	"model384"
0	0	1	0	0	0	"model385"
0	0	1	0	0	0	"model386"
0.908823529411765	0.029247909588581	0.967647058823529	0.029247909588581	0.941176470588235	0	"model387"
0	0	1	0	0	0	"model388"
0	0	1	0	0	0	"model389"
0.941176470588235	0.0310027221585135	0.970588235294118	0.0310027221585135	0.970588235294118	0	"model390"
0	0	1	0	0	0	"model391"
0	0	1	0	0	0	"model392"
0	0	1	0	0	0	"model393"
0	0	1	0	0	0	"model394"
0	0	1	0	0	0	"model395"
0	0	1	0	0	0	"model396"
0	0	1	0	0	0	"model397"
0	0	1	0	0	0	"model398"
0.961764705882353	0.036813692853958	0.961764705882353	0.036813692853958	1	0	"model399"
0	0	1	0	0	0	"model400"
0	0	1	0	0	0	"model401"
0.958823529411765	0.0205648793758853	0.988235294117647	0.0205648793758853	0.970588235294118	0	"model402"
0	0	1	0	0	0	"model403"
0	0	1	0	0	0	"model404"
0	0	1	0	0	0	"model405"
0	0	1	0	0	0	"model406"
0	0	1	0	0	0	"model407"
0	0	1	0	0	0	"model408"
0	0	1	0	0	0	"model409"
0	0	1	0	0	0	"model410"
0.264705882352941	0	1	0	0.264705882352941	0	"model411"
0	0	1	0	0	0	"model412"
0	0	1	0	0	0	"model413"
0.758823529411765	0.0124010888634054	0.994117647058824	0.0124010888634054	0.764705882352941	0	"model414"
0	0	1	0	0	0	"model415"
0.529411764705882	0	1	0	0.529411764705882	0	"model416"
0	0	1	0	0	0	"model417"
0	0	1	0	0	0	"model418"
0	0	1	0	0	0	"model419"
0	0	1	0	0	0	"model420"
0	0	1	0	0	0	"model421"
0	0	1	0	0	0	"model422"
0	0	1	0	0	0	"model423"
0	0	1	0	0	0	"model424"
0	0	1	0	0	0	"model425"
0.947058823529412	0.0303763399702543	0.976470588235294	0.0303763399702543	0.970588235294118	0	"model426"
0	0	1	0	0	0	"model427"
0	0	1	0	0	0	"model428"
0.0294117647058824	0	1	0	0.0294117647058824	0	"model429"
0.470588235294118	0	1	0	0.470588235294118	0	"model430"
0	0	1	0	0	0	"model431"
0.147058823529412	0	1	0	0.147058823529412	0	"model432"
0	0	1	0	0	0	"model433"
0	0	1	0	0	0	"model434"
0	0	1	0	0	0	"model435"
0	0	1	0	0	0	"model436"
0.676470588235294	0	1	0	0.676470588235294	0	"model437"
0.5	0	1	0	0.5	0	"model438"
0	0	1	0	0	0	"model439"
0	0	1	0	0	0	"model440"
0	0	1	0	0	0	"model441"
0	0	1	0	0	0	"model442"
0	0	1	0	0	0	"model443"
0	0	1	0	0	0	"model444"
0	0	1	0	0	0	"model445"
0	0	1	0	0	0	"model446"
0	0	1	0	0	0	"model447"
0	0	1	0	0	0	"model448"
0	0	1	0	0	0	"model449"
0	0	1	0	0	0	"model450"
0	0	1	0	0	0	"model451"
0	0	1	0	0	0	"model452"
0	0	1	0	0	0	"model453"
0	0	1	0	0	0	"model454"
0	0	1	0	0	0	"model455"
0	0	1	0	0	0	"model456"
0	0	1	0	0	0	"model457"
0	0	1	0	0	0	"model458"
0.935294117647059	0.0124010888634054	0.994117647058824	0.0124010888634054	0.941176470588235	0	"model459"
0	0	1	0	0	0	"model460"
0	0	1	0	0	0	"model461"
0	0	1	0	0	0	"model462"
0	0	1	0	0	0	"model463"
0	0	1	0	0	0	"model464"
0	0	1	0	0	0	"model465"
0	0	1	0	0	0	"model466"
0.941176470588235	0	1	0	0.941176470588235	0	"model467"
0	0	1	0	0	0	"model468"
0	0	1	0	0	0	"model469"
0	0	1	0	0	0	"model470"
0.117647058823529	0	1	0	0.117647058823529	0	"model471"
0	0	1	0	0	0	"model472"
0	0	1	0	0	0	"model473"
0	0	1	0	0	0	"model474"
0	0	1	0	0	0	"model475"
0	0	1	0	0	0	"model476"
0	0	1	0	0	0	"model477"
0	0	1	0	0	0	"model478"
0.382352941176471	0	1	0	0.382352941176471	0	"model479"
0	0	1	0	0	0	"model480"
0	0	1	0	0	0	"model481"
0	0	1	0	0	0	"model482"
0	0	1	0	0	0	"model483"
0	0	1	0	0	0	"model484"
0	0	1	0	0	0	"model485"
0	0	1	0	0	0	"model486"
0.941176470588235	0	1	0	0.941176470588235	0	"model487"
0	0	1	0	0	0	"model488"
0.941176470588235	0.0277296776935901	0.970588235294118	0.0277296776935901	0.970588235294118	0	"model489"
0	0	1	0	0	0	"model490"
0	0	1	0	0	0	"model491"
0	0	1	0	0	0	"model492"
0	0	1	0	0	0	"model493"
0.617647058823529	0	1	0	0.617647058823529	0	"model494"
0	0	1	0	0	0	"model495"
0	0	1	0	0	0	"model496"
0	0	1	0	0	0	"model497"
0	0	1	0	0	0	"model498"
0	0	1	0	0	0	"model499"
0	0	1	0	0	0	"model500"
0.0294117647058824	0	1	0	0.0294117647058824	0	"model501"
0	0	1	0	0	0	"model502"
0	0	1	0	0	0	"model503"
0.985294117647059	0.0207972582701926	0.985294117647059	0.0207972582701926	1	0	"model504"
0	0	1	0	0	0	"model505"
0.411764705882353	0	1	0	0.411764705882353	0	"model506"
0	0	1	0	0	0	"model507"
0	0	1	0	0	0	"model508"
0	0	1	0	0	0	"model509"
0.944117647058824	0.0352123235217019	0.973529411764706	0.0352123235217019	0.970588235294118	0	"model510"
0.235294117647059	0	1	0	0.235294117647059	0	"model511"
0	0	1	0	0	0	"model512"
0.7	0.0124010888634054	0.994117647058824	0.0124010888634054	0.705882352941177	0	"model513"
0	0	1	0	0	0	"model514"
0	0	1	0	0	0	"model515"
0	0	1	0	0	0	"model516"
0	0	1	0	0	0	"model517"
0	0	1	0	0	0	"model518"
0	0	1	0	0	0	"model519"
0	0	1	0	0	0	"model520"
0.5	0	1	0	0.5	0	"model521"
0	0	1	0	0	0	"model522"
0.947058823529412	0.0270275465727259	0.976470588235294	0.0270275465727259	0.970588235294118	0	"model523"
0.944117647058824	0.0217019055109595	0.973529411764706	0.0217019055109595	0.970588235294118	0	"model524"
0	0	1	0	0	0	"model525"
0	0	1	0	0	0	"model526"
0	0	1	0	0	0	"model527"
0	0	1	0	0	0	"model528"
0.402941176470588	0.0142072321041073	0.991176470588235	0.0142072321041073	0.411764705882353	0	"model529"
0	0	1	0	0	0	"model530"
0	0	1	0	0	0	"model531"
0.947058823529412	0.0232003128749005	0.976470588235294	0.0232003128749005	0.970588235294118	0	"model532"
0	0	1	0	0	0	"model533"
0	0	1	0	0	0	"model534"
0	0	1	0	0	0	"model535"
0	0	1	0	0	0	"model536"
0	0	1	0	0	0	"model537"
0	0	1	0	0	0	"model538"
0	0	1	0	0	0	"model539"
0	0	1	0	0	0	"model540"
0	0	1	0	0	0	"model541"
0	0	1	0	0	0	"model542"
0	0	1	0	0	0	"model543"
0	0	1	0	0	0	"model544"
0	0	1	0	0	0	"model545"
0.638235294117647	0.0142072321041073	0.991176470588235	0.0142072321041073	0.647058823529412	0	"model546"
0.555882352941176	0.00930081664755406	0.997058823529412	0.00930081664755406	0.558823529411765	0	"model547"
0	0	1	0	0	0	"model548"
0.294117647058824	0	1	0	0.294117647058824	0	"model549"
0.694117647058824	0.0151881699851271	0.988235294117647	0.0151881699851271	0.705882352941177	0	"model550"
0	0	1	0	0	0	"model551"
0	0	1	0	0	0	"model552"
0	0	1	0	0	0	"model553"
0.641176470588235	0.0124010888634054	0.994117647058824	0.0124010888634054	0.647058823529412	0	"model554"
0.382352941176471	0	1	0	0.382352941176471	0	"model555"
0	0	1	0	0	0	"model556"
0	0	1	0	0	0	"model557"
0	0	1	0	0	0	"model558"
0	0	1	0	0	0	"model559"
0	0	1	0	0	0	"model560"
0.947058823529412	0.0333909536586792	0.947058823529412	0.0333909536586792	1	0	"model561"
0	0	1	0	0	0	"model562"
0.264705882352941	0	1	0	0.264705882352941	0	"model563"
0.761764705882353	0.00930081664755402	0.997058823529412	0.00930081664755406	0.764705882352941	0	"model564"
0	0	1	0	0	0	"model565"
0	0	1	0	0	0	"model566"
0	0	1	0	0	0	"model567"
0	0	1	0	0	0	"model568"
0.441176470588235	0	1	0	0.441176470588235	0	"model569"
0	0	1	0	0	0	"model570"
0	0	1	0	0	0	"model571"
0	0	1	0	0	0	"model572"
0	0	1	0	0	0	"model573"
0.935294117647059	0.0124010888634054	0.994117647058824	0.0124010888634054	0.941176470588235	0	"model574"
0	0	1	0	0	0	"model575"
0.323529411764706	0	1	0	0.323529411764706	0	"model576"
0	0	1	0	0	0	"model577"
0.382352941176471	0	1	0	0.382352941176471	0	"model578"
0	0	1	0	0	0	"model579"
0.264705882352941	0	1	0	0.264705882352941	0	"model580"
0	0	1	0	0	0	"model581"
0	0	1	0	0	0	"model582"
0	0	1	0	0	0	"model583"
0	0	1	0	0	0	"model584"
0.920588235294118	0.0393380444073311	0.95	0.0393380444073311	0.970588235294118	0	"model585"
0.0882352941176471	0	1	0	0.0882352941176471	0	"model586"
0	0	1	0	0	0	"model587"
0	0	1	0	0	0	"model588"
0	0	1	0	0	0	"model589"
0.947058823529412	0.0411297587517707	0.947058823529412	0.0411297587517707	1	0	"model590"
0	0	1	0	0	0	"model591"
0	0	1	0	0	0	"model592"
0.923529411764706	0.0205648793758853	0.982352941176471	0.0205648793758853	0.941176470588235	0	"model593"
0	0	1	0	0	0	"model594"
0	0	1	0	0	0	"model595"
0	0	1	0	0	0	"model596"
0	0	1	0	0	0	"model597"
0.735294117647059	0	1	0	0.735294117647059	0	"model598"
0	0	1	0	0	0	"model599"
0	0	1	0	0	0	"model600"
0.411764705882353	0	1	0	0.411764705882353	0	"model601"
0	0	1	0	0	0	"model602"
0.947058823529412	0.0411297587517707	0.947058823529412	0.0411297587517707	1	0	"model603"
0.523529411764706	0.0124010888634054	0.994117647058824	0.0124010888634054	0.529411764705882	0	"model604"
0	0	1	0	0	0	"model605"
0	0	1	0	0	0	"model606"
0	0	1	0	0	0	"model607"
0	0	1	0	0	0	"model608"
0.961764705882353	0.0142072321041073	0.991176470588235	0.0142072321041073	0.970588235294118	0	"model609"
0.947058823529412	0.0186016332951081	0.976470588235294	0.0186016332951081	0.970588235294118	0	"model610"
0	0	1	0	0	0	"model611"
0	0	1	0	0	0	"model612"
0	0	1	0	0	0	"model613"
0	0	1	0	0	0	"model614"
0.235294117647059	0	1	0	0.235294117647059	0	"model615"
0.411764705882353	0	1	0	0.411764705882353	0	"model616"
0	0	1	0	0	0	"model617"
0	0	1	0	0	0	"model618"
0	0	1	0	0	0	"model619"
0	0	1	0	0	0	"model620"
0	0	1	0	0	0	"model621"
0	0	1	0	0	0	"model622"
0	0	1	0	0	0	"model623"
0	0	1	0	0	0	"model624"
0	0	1	0	0	0	"model625"
0.382352941176471	0	1	0	0.382352941176471	0	"model626"
0	0	1	0	0	0	"model627"
0.647058823529412	0	1	0	0.647058823529412	0	"model628"
0	0	1	0	0	0	"model629"
0.147058823529412	0	1	0	0.147058823529412	0	"model630"
0.205882352941176	0	1	0	0.205882352941176	0	"model631"
0	0	1	0	0	0	"model632"
0	0	1	0	0	0	"model633"
0	0	1	0	0	0	"model634"
0	0	1	0	0	0	"model635"
0.0294117647058824	0	1	0	0.0294117647058824	0	"model636"
0	0	1	0	0	0	"model637"
0.294117647058824	0	1	0	0.294117647058824	0	"model638"
0	0	1	0	0	0	"model639"
0	0	1	0	0	0	"model640"
0	0	1	0	0	0	"model641"
0	0	1	0	0	0	"model642"
0	0	1	0	0	0	"model643"
0.647058823529412	0	1	0	0.647058823529412	0	"model644"
0.411764705882353	0	1	0	0.411764705882353	0	"model645"
0	0	1	0	0	0	"model646"
0.935294117647059	0.0124010888634054	0.994117647058824	0.0124010888634054	0.941176470588235	0	"model647"
0.888235294117647	0.0232003128749005	0.888235294117647	0.0232003128749005	1	0	"model648"
0	0	1	0	0	0	"model649"
0	0	1	0	0	0	"model650"
0	0	1	0	0	0	"model651"
0	0	1	0	0	0	"model652"
0	0	1	0	0	0	"model653"
0	0	1	0	0	0	"model654"
0.958823529411765	0.0205648793758853	0.988235294117647	0.0205648793758853	0.970588235294118	0	"model655"
0.873529411764706	0.0142072321041073	0.991176470588235	0.0142072321041073	0.882352941176471	0	"model656"
0.608823529411765	0.0142072321041073	0.991176470588235	0.0142072321041073	0.617647058823529	0	"model657"
0	0	1	0	0	0	"model658"
0	0	1	0	0	0	"model659"
0.205882352941176	0	1	0	0.205882352941176	0	"model660"
0	0	1	0	0	0	"model661"
0	0	1	0	0	0	"model662"
0	0	1	0	0	0	"model663"
0.441176470588235	0	1	0	0.441176470588235	0	"model664"
0	0	1	0	0	0	"model665"
0	0	1	0	0	0	"model666"
0	0	1	0	0	0	"model667"
0	0	1	0	0	0	"model668"
0.382352941176471	0	1	0	0.382352941176471	0	"model669"
0	0	1	0	0	0	"model670"
0	0	1	0	0	0	"model671"
0	0	1	0	0	0	"model672"
0	0	1	0	0	0	"model673"
0	0	1	0	0	0	"model674"
0	0	1	0	0	0	"model675"
0	0	1	0	0	0	"model676"
0	0	1	0	0	0	"model677"
0	0	1	0	0	0	"model678"
0	0	1	0	0	0	"model679"
0	0	1	0	0	0	"model680"
0	0	1	0	0	0	"model681"
0	0	1	0	0	0	"model682"
0	0	1	0	0	0	"model683"
0	0	1	0	0	0	"model684"
0	0	1	0	0	0	"model685"
0.264705882352941	0	1	0	0.264705882352941	0	"model686"
0	0	1	0	0	0	"model687"
0	0	1	0	0	0	"model688"
0	0	1	0	0	0	"model689"
0	0	1	0	0	0	"model690"
0	0	1	0	0	0	"model691"
0	0	1	0	0	0	"model692"
0.294117647058824	0	1	0	0.294117647058824	0	"model693"
0.967647058823529	0.029247909588581	0.967647058823529	0.029247909588581	1	0	"model694"
0	0	1	0	0	0	"model695"
0	0	1	0	0	0	"model696"
0	0	1	0	0	0	"model697"
0	0	1	0	0	0	"model698"
0	0	1	0	0	0	"model699"
0	0	1	0	0	0	"model700"
0	0	1	0	0	0	"model701"
0	0	1	0	0	0	"model702"
0	0	1	0	0	0	"model703"
0	0	1	0	0	0	"model704"
0	0	1	0	0	0	"model705"
0	0	1	0	0	0	"model706"
0	0	1	0	0	0	"model707"
0	0	1	0	0	0	"model708"
0	0	1	0	0	0	"model709"
0.205882352941176	0	1	0	0.205882352941176	0	"model710"
0	0	1	0	0	0	"model711"
0.617647058823529	0	1	0	0.617647058823529	0	"model712"
0.958823529411765	0.0464006257498009	0.958823529411765	0.0464006257498009	1	0	"model713"
0	0	1	0	0	0	"model714"
0.952941176470588	0.0316166970521512	0.952941176470588	0.0316166970521512	1	0	"model715"
0.952941176470588	0.0151881699851271	0.982352941176471	0.0151881699851271	0.970588235294118	0	"model716"
0	0	1	0	0	0	"model717"
0	0	1	0	0	0	"model718"
0.935294117647059	0.0361550763031094	0.935294117647059	0.0361550763031094	1	0	"model719"
0.944117647058824	0.0166954768293396	0.973529411764706	0.0166954768293396	0.970588235294118	0	"model720"
0	0	1	0	0	0	"model721"
0	0	1	0	0	0	"model722"
0	0	1	0	0	0	"model723"
0.470588235294118	0	1	0	0.470588235294118	0	"model724"
0	0	1	0	0	0	"model725"
0	0	1	0	0	0	"model726"
0	0	1	0	0	0	"model727"
0	0	1	0	0	0	"model728"
0.5	0	1	0	0.5	0	"model729"
0	0	1	0	0	0	"model730"
0	0	1	0	0	0	"model731"
0	0	1	0	0	0	"model732"
0	0	1	0	0	0	"model733"
0	0	1	0	0	0	"model734"
0	0	1	0	0	0	"model735"
0.95	0.031157350160923	0.979411764705882	0.031157350160923	0.970588235294118	0	"model736"
0.647058823529412	0	1	0	0.647058823529412	0	"model737"
0	0	1	0	0	0	"model738"
0.958823529411765	0.0205648793758853	0.988235294117647	0.0205648793758853	0.970588235294118	0	"model739"
0	0	1	0	0	0	"model740"
0.7	0.0124010888634054	0.994117647058824	0.0124010888634054	0.705882352941177	0	"model741"
0	0	1	0	0	0	"model742"
0	0	1	0	0	0	"model743"
0	0	1	0	0	0	"model744"
0	0	1	0	0	0	"model745"
0.438235294117647	0.00930081664755406	0.997058823529412	0.00930081664755406	0.441176470588235	0	"model746"
0	0	1	0	0	0	"model747"
0	0	1	0	0	0	"model748"
0	0	1	0	0	0	"model749"
0.947058823529412	0.0232003128749005	0.976470588235294	0.0232003128749005	0.970588235294118	0	"model750"
0	0	1	0	0	0	"model751"
0.952941176470588	0.0205648793758853	0.952941176470588	0.0205648793758853	1	0	"model752"
0	0	1	0	0	0	"model753"
0	0	1	0	0	0	"model754"
0	0	1	0	0	0	"model755"
0	0	1	0	0	0	"model756"
0	0	1	0	0	0	"model757"
0	0	1	0	0	0	"model758"
0	0	1	0	0	0	"model759"
0.470588235294118	0	1	0	0.470588235294118	0	"model760"
0.0294117647058824	0	1	0	0.0294117647058824	0	"model761"
0	0	1	0	0	0	"model762"
0	0	1	0	0	0	"model763"
0	0	1	0	0	0	"model764"
0.952941176470588	0.0205648793758853	0.982352941176471	0.0205648793758853	0.970588235294118	0	"model765"
0	0	1	0	0	0	"model766"
0	0	1	0	0	0	"model767"
0	0	1	0	0	0	"model768"
0.520588235294118	0.0142072321041073	0.991176470588235	0.0142072321041073	0.529411764705882	0	"model769"
0	0	1	0	0	0	"model770"
0	0	1	0	0	0	"model771"
0	0	1	0	0	0	"model772"
0	0	1	0	0	0	"model773"
0	0	1	0	0	0	"model774"
0	0	1	0	0	0	"model775"
0	0	1	0	0	0	"model776"
0	0	1	0	0	0	"model777"
0	0	1	0	0	0	"model778"
0	0	1	0	0	0	"model779"
0	0	1	0	0	0	"model780"
0	0	1	0	0	0	"model781"
0.0294117647058824	0	1	0	0.0294117647058824	0	"model782"
0	0	1	0	0	0	"model783"
0	0	1	0	0	0	"model784"
0.0882352941176471	0	1	0	0.0882352941176471	0	"model785"
0	0	1	0	0	0	"model786"
0.938235294117647	0.0257527951697327	0.967647058823529	0.0257527951697327	0.970588235294118	0	"model787"
0	0	1	0	0	0	"model788"
0	0	1	0	0	0	"model789"
0.411764705882353	0	1	0	0.411764705882353	0	"model790"
0.876470588235294	0.0124010888634054	0.994117647058824	0.0124010888634054	0.882352941176471	0	"model791"
0	0	1	0	0	0	"model792"
0	0	1	0	0	0	"model793"
0	0	1	0	0	0	"model794"
0.470588235294118	0	1	0	0.470588235294118	0	"model795"
0.382352941176471	0	1	0	0.382352941176471	0	"model796"
0	0	1	0	0	0	"model797"
0	0	1	0	0	0	"model798"
0.555882352941176	0.00930081664755406	0.997058823529412	0.00930081664755406	0.558823529411765	0	"model799"
0	0	1	0	0	0	"model800"
0.929411764705882	0.0420541384108377	0.929411764705882	0.0420541384108377	1	0	"model801"
0	0	1	0	0	0	"model802"
0	0	1	0	0	0	"model803"
0	0	1	0	0	0	"model804"
0	0	1	0	0	0	"model805"
0	0	1	0	0	0	"model806"
0.382352941176471	0	1	0	0.382352941176471	0	"model807"
0	0	1	0	0	0	"model808"
0	0	1	0	0	0	"model809"
0	0	1	0	0	0	"model810"
0	0	1	0	0	0	"model811"
0.294117647058824	0	1	0	0.294117647058824	0	"model812"
0	0	1	0	0	0	"model813"
0	0	1	0	0	0	"model814"
0	0	1	0	0	0	"model815"
0.470588235294118	0	1	0	0.470588235294118	0	"model816"
0	0	1	0	0	0	"model817"
0	0	1	0	0	0	"model818"
0	0	1	0	0	0	"model819"
0.967647058823529	0.00930081664755406	0.997058823529412	0.00930081664755406	0.970588235294118	0	"model820"
0	0	1	0	0	0	"model821"
0	0	1	0	0	0	"model822"
0	0	1	0	0	0	"model823"
0.411764705882353	0	1	0	0.411764705882353	0	"model824"
0	0	1	0	0	0	"model825"
0	0	1	0	0	0	"model826"
0	0	1	0	0	0	"model827"
0	0	1	0	0	0	"model828"
0	0	1	0	0	0	"model829"
0	0	1	0	0	0	"model830"
0.0294117647058824	0	1	0	0.0294117647058824	0	"model831"
0.791176470588235	0.00930081664755406	0.997058823529412	0.00930081664755406	0.794117647058823	0	"model832"
0	0	1	0	0	0	"model833"
0	0	1	0	0	0	"model834"
0.676470588235294	0	1	0	0.676470588235294	0	"model835"
0	0	1	0	0	0	"model836"
0	0	1	0	0	0	"model837"
0.382352941176471	0	1	0	0.382352941176471	0	"model838"
0.967647058823529	0.0403035388060676	0.967647058823529	0.0403035388060676	1	0	"model839"
0	0	1	0	0	0	"model840"
0.873529411764706	0.0142072321041073	0.991176470588235	0.0142072321041073	0.882352941176471	0	"model841"
0.979411764705882	0.0142072321041073	0.979411764705882	0.0142072321041073	1	0	"model842"
0	0	1	0	0	0	"model843"
0	0	1	0	0	0	"model844"
0	0	1	0	0	0	"model845"
0	0	1	0	0	0	"model846"
0.117647058823529	0	1	0	0.117647058823529	0	"model847"
0	0	1	0	0	0	"model848"
0	0	1	0	0	0	"model849"
0	0	1	0	0	0	"model850"
0	0	1	0	0	0	"model851"
0	0	1	0	0	0	"model852"
0	0	1	0	0	0	"model853"
0	0	1	0	0	0	"model854"
0	0	1	0	0	0	"model855"
0	0	1	0	0	0	"model856"
0	0	1	0	0	0	"model857"
0	0	1	0	0	0	"model858"
0.382352941176471	0	1	0	0.382352941176471	0	"model859"
0	0	1	0	0	0	"model860"
0	0	1	0	0	0	"model861"
0.970588235294118	0.0310027221585135	0.970588235294118	0.0310027221585135	1	0	"model862"
0	0	1	0	0	0	"model863"
0.676470588235294	0	1	0	0.676470588235294	0	"model864"
0	0	1	0	0	0	"model865"
0	0	1	0	0	0	"model866"
0.529411764705882	0	1	0	0.529411764705882	0	"model867"
0	0	1	0	0	0	"model868"
0	0	1	0	0	0	"model869"
0	0	1	0	0	0	"model870"
0	0	1	0	0	0	"model871"
0	0	1	0	0	0	"model872"
0	0	1	0	0	0	"model873"
0	0	1	0	0	0	"model874"
0	0	1	0	0	0	"model875"
0	0	1	0	0	0	"model876"
0	0	1	0	0	0	"model877"
0	0	1	0	0	0	"model878"
0.941176470588235	0.0240146053214037	0.970588235294118	0.0240146053214037	0.970588235294118	0	"model879"
0	0	1	0	0	0	"model880"
0	0	1	0	0	0	"model881"
0	0	1	0	0	0	"model882"
0.888235294117647	0.0270275465727259	0.976470588235294	0.0270275465727259	0.911764705882353	0	"model883"
0	0	1	0	0	0	"model884"
0	0	1	0	0	0	"model885"
0	0	1	0	0	0	"model886"
0.95	0.0341029943743649	0.95	0.0341029943743649	1	0	"model887"
0.470588235294118	0	1	0	0.470588235294118	0	"model888"
0	0	1	0	0	0	"model889"
0	0	1	0	0	0	"model890"
0	0	1	0	0	0	"model891"
0	0	1	0	0	0	"model892"
0	0	1	0	0	0	"model893"
0	0	1	0	0	0	"model894"
0.876470588235294	0.0124010888634054	0.994117647058824	0.0124010888634054	0.882352941176471	0	"model895"
0	0	1	0	0	0	"model896"
0	0	1	0	0	0	"model897"
0	0	1	0	0	0	"model898"
0	0	1	0	0	0	"model899"
0	0	1	0	0	0	"model900"
0	0	1	0	0	0	"model901"
0	0	1	0	0	0	"model902"
0	0	1	0	0	0	"model903"
0	0	1	0	0	0	"model904"
0.0882352941176471	0	1	0	0.0882352941176471	0	"model905"
0	0	1	0	0	0	"model906"
0	0	1	0	0	0	"model907"
0	0	1	0	0	0	"model908"
0.955882352941176	0.0207972582701926	0.955882352941176	0.0207972582701926	1	0	"model909"
0	0	1	0	0	0	"model910"
0.382352941176471	0	1	0	0.382352941176471	0	"model911"
0	0	1	0	0	0	"model912"
0.382352941176471	0	1	0	0.382352941176471	0	"model913"
0	0	1	0	0	0	"model914"
0	0	1	0	0	0	"model915"
0	0	1	0	0	0	"model916"
0	0	1	0	0	0	"model917"
0	0	1	0	0	0	"model918"
0.647058823529412	0	1	0	0.647058823529412	0	"model919"
0	0	1	0	0	0	"model920"
0	0	1	0	0	0	"model921"
0	0	1	0	0	0	"model922"
0.205882352941176	0	1	0	0.205882352941176	0	"model923"
0	0	1	0	0	0	"model924"
0	0	1	0	0	0	"model925"
0.517647058823529	0.0151881699851271	0.988235294117647	0.0151881699851271	0.529411764705882	0	"model926"
0	0	1	0	0	0	"model927"
0	0	1	0	0	0	"model928"
0.870588235294118	0.0205648793758853	0.988235294117647	0.0205648793758853	0.882352941176471	0	"model929"
0	0	1	0	0	0	"model930"
0	0	1	0	0	0	"model931"
0.967647058823529	0.00930081664755406	0.997058823529412	0.00930081664755406	0.970588235294118	0	"model932"
0	0	1	0	0	0	"model933"
0	0	1	0	0	0	"model934"
0.947058823529412	0.0124010888634054	0.976470588235294	0.0124010888634054	0.970588235294118	0	"model935"
0	0	1	0	0	0	"model936"
0	0	1	0	0	0	"model937"
0	0	1	0	0	0	"model938"
0	0	1	0	0	0	"model939"
0	0	1	0	0	0	"model940"
0	0	1	0	0	0	"model941"
0.5	0	1	0	0.5	0	"model942"
0.764705882352941	0	1	0	0.764705882352941	0	"model943"
0.205882352941176	0	1	0	0.205882352941176	0	"model944"
0	0	1	0	0	0	"model945"
0.470588235294118	0	1	0	0.470588235294118	0	"model946"
0	0	1	0	0	0	"model947"
0	0	1	0	0	0	"model948"
0	0	1	0	0	0	"model949"
0	0	1	0	0	0	"model950"
0.529411764705882	0	1	0	0.529411764705882	0	"model951"
0	0	1	0	0	0	"model952"
0	0	1	0	0	0	"model953"
0	0	1	0	0	0	"model954"
0.441176470588235	0	1	0	0.441176470588235	0	"model955"
0.964705882352941	0.0124010888634054	0.994117647058824	0.0124010888634054	0.970588235294118	0	"model956"
0	0	1	0	0	0	"model957"
0	0	1	0	0	0	"model958"
0	0	1	0	0	0	"model959"
0	0	1	0	0	0	"model960"
0	0	1	0	0	0	"model961"
0	0	1	0	0	0	"model962"
0	0	1	0	0	0	"model963"
0	0	1	0	0	0	"model964"
0	0	1	0	0	0	"model965"
0.117647058823529	0	1	0	0.117647058823529	0	"model966"
0	0	1	0	0	0	"model967"
0.95	0.0198514281679574	0.979411764705882	0.0198514281679574	0.970588235294118	0	"model968"
0.935294117647059	0.0387223875649637	0.964705882352941	0.0387223875649637	0.970588235294118	0	"model969"
0	0	1	0	0	0	"model970"
0.294117647058824	0	1	0	0.294117647058824	0	"model971"
0.470588235294118	0	1	0	0.470588235294118	0	"model972"
0.0882352941176471	0	1	0	0.0882352941176471	0	"model973"
0	0	1	0	0	0	"model974"
0	0	1	0	0	0	"model975"
0	0	1	0	0	0	"model976"
0	0	1	0	0	0	"model977"
0.470588235294118	0	1	0	0.470588235294118	0	"model978"
0	0	1	0	0	0	"model979"
0	0	1	0	0	0	"model980"
0	0	1	0	0	0	"model981"
0	0	1	0	0	0	"model982"
0.441176470588235	0	1	0	0.441176470588235	0	"model983"
0.664705882352941	0.0151881699851271	0.988235294117647	0.0151881699851271	0.676470588235294	0	"model984"
0	0	1	0	0	0	"model985"
0	0	1	0	0	0	"model986"
0	0	1	0	0	0	"model987"
0.958823529411765	0.0372032665902162	0.958823529411765	0.0372032665902162	1	0	"model988"
0	0	1	0	0	0	"model989"
0.470588235294118	0	1	0	0.470588235294118	0	"model990"
0.932352941176471	0.0142072321041073	0.991176470588235	0.0142072321041073	0.941176470588235	0	"model991"
0	0	1	0	0	0	"model992"
0	0	1	0	0	0	"model993"
0	0	1	0	0	0	"model994"
0	0	1	0	0	0	"model995"
0	0	1	0	0	0	"model996"
0	0	1	0	0	0	"model997"
0	0	1	0	0	0	"model998"
0	0	1	0	0	0	"model999"
0.382352941176471	0	1	0	0.382352941176471	0	"model1000"
