"TSS.MN"	"TSS.sd"	"speci.MN"	"speci.sd"	"sensi.MN"	"sensi.sd"	"model"
0	0	1	0	0	0	"model1"
0.473049645390071	0.00342585738680602	0.997872340425532	0.00342585738680602	0.475177304964539	0	"model2"
0	0	1	0	0	0	"model3"
0	0	1	0	0	0	"model4"
0	0	1	0	0	0	"model5"
0	0	1	0	0	0	"model6"
0	0	1	0	0	0	"model7"
0.154609929078014	0.0029903334847928	0.998581560283688	0.0029903334847928	0.156028368794326	0	"model8"
0	0	1	0	0	0	"model9"
0	0	1	0	0	0	"model10"
0	0	1	0	0	0	"model11"
0	0	1	0	0	0	"model12"
0	0	1	0	0	0	"model13"
0	0	1	0	0	0	"model14"
0	0	1	0	0	0	"model15"
0	0	1	0	0	0	"model16"
0.212056737588652	0.0022427501135946	0.999290780141844	0.0022427501135946	0.212765957446809	0	"model17"
0	0	1	0	0	0	"model18"
0.817021276595745	0.0114845936657126	0.980141843971631	0.0114845936657126	0.836879432624113	0	"model19"
0.875886524822695	0.0161207821477374	0.897163120567376	0.0161207821477374	0.978723404255319	0	"model20"
0.0283687943262411	0	1	0	0.0283687943262411	0	"model21"
0.459574468085106	0.0029903334847928	0.998581560283688	0.0029903334847928	0.460992907801418	0	"model22"
0	0	1	0	0	0	"model23"
0	0	1	0	0	0	"model24"
0	0	1	0	0	0	"model25"
0.0425531914893617	0	1	0	0.0425531914893617	0	"model26"
0	0	1	0	0	0	"model27"
0	0	1	0	0	0	"model28"
0	0	1	0	0	0	"model29"
0	0	1	0	0	0	"model30"
0	0	1	0	0	0	"model31"
0.409219858156028	0.00342585738680602	0.997872340425532	0.00342585738680602	0.411347517730496	0	"model32"
0	0	1	0	0	0	"model33"
0	0	1	0	0	0	"model34"
0.325531914893617	0.0022427501135946	0.999290780141844	0.0022427501135946	0.326241134751773	0	"model35"
0	0	1	0	0	0	"model36"
0	0	1	0	0	0	"model37"
0	0	1	0	0	0	"model38"
0	0	1	0	0	0	"model39"
0	0	1	0	0	0	"model40"
0	0	1	0	0	0	"model41"
0.0567375886524823	0	1	0	0.0567375886524823	0	"model42"
0	0	1	0	0	0	"model43"
0	0	1	0	0	0	"model44"
0	0	1	0	0	0	"model45"
0.841843971631206	0.0133940571860192	0.96241134751773	0.0133940571860192	0.879432624113475	0	"model46"
0	0	1	0	0	0	"model47"
0.0567375886524823	0	1	0	0.0567375886524823	0	"model48"
0.212056737588652	0.0022427501135946	0.999290780141844	0.0022427501135946	0.212765957446809	0	"model49"
0	0	1	0	0	0	"model50"
0.869503546099291	0.0150262397939203	0.961702127659575	0.0150262397939203	0.907801418439716	0	"model51"
0	0	1	0	0	0	"model52"
0.183687943262411	0.00224275011359459	0.999290780141844	0.0022427501135946	0.184397163120567	0	"model53"
0	0	1	0	0	0	"model54"
0	0	1	0	0	0	"model55"
0	0	1	0	0	0	"model56"
0	0	1	0	0	0	"model57"
0	0	1	0	0	0	"model58"
0	0	1	0	0	0	"model59"
0	0	1	0	0	0	"model60"
0	0	1	0	0	0	"model61"
0	0	1	0	0	0	"model62"
0.867375886524823	0.0142040840527658	0.959574468085106	0.0142040840527657	0.907801418439716	0	"model63"
0.0780141843971631	0	1	0	0.0780141843971631	0	"model64"
0	0	1	0	0	0	"model65"
0	0	1	0	0	0	"model66"
0	0	1	0	0	0	"model67"
0	0	1	0	0	0	"model68"
0	0	1	0	0	0	"model69"
0	0	1	0	0	0	"model70"
0	0	1	0	0	0	"model71"
0	0	1	0	0	0	"model72"
0	0	1	0	0	0	"model73"
0	0	1	0	0	0	"model74"
0	0	1	0	0	0	"model75"
0	0	1	0	0	0	"model76"
0.569503546099291	0.00583881278261394	0.995035460992908	0.00583881278261394	0.574468085106383	0	"model77"
0.187943262411348	0.003737916855991	0.99645390070922	0.003737916855991	0.191489361702128	0	"model78"
0	0	1	0	0	0	"model79"
0	0	1	0	0	0	"model80"
0	0	1	0	0	0	"model81"
0	0	1	0	0	0	"model82"
0	0	1	0	0	0	"model83"
0.83758865248227	0.0225393596908804	0.84468085106383	0.0225393596908804	0.99290780141844	0	"model84"
0.882269503546099	0.0121467920365627	0.960283687943262	0.0121467920365627	0.921985815602837	0	"model85"
0.0212765957446809	0	1	0	0.0212765957446809	0	"model86"
0	0	1	0	0	0	"model87"
0.877304964539007	0.0211580622555692	0.96241134751773	0.0211580622555692	0.914893617021277	0	"model88"
0.899290780141844	0.0109871867977515	0.941843971631206	0.0109871867977516	0.957446808510638	0	"model89"
0	0	1	0	0	0	"model90"
0	0	1	0	0	0	"model91"
0	0	1	0	0	0	"model92"
0	0	1	0	0	0	"model93"
0	0	1	0	0	0	"model94"
0	0	1	0	0	0	"model95"
0	0	1	0	0	0	"model96"
0.875177304964539	0.0111888033722924	0.960283687943262	0.0111888033722924	0.914893617021277	0	"model97"
0	0	1	0	0	0	"model98"
0	0	1	0	0	0	"model99"
0	0	1	0	0	0	"model100"
0.0354609929078014	0	1	0	0.0354609929078014	0	"model101"
0	0	1	0	0	0	"model102"
0	0	1	0	0	0	"model103"
0	0	1	0	0	0	"model104"
0.740425531914894	0.00897100045437836	0.988652482269504	0.00897100045437839	0.75177304964539	0	"model105"
0.638297872340426	0.0425531914893617	0.638297872340426	0.0425531914893617	1	0	"model106"
0	0	1	0	0	0	"model107"
0	0	1	0	0	0	"model108"
0	0	1	0	0	0	"model109"
0	0	1	0	0	0	"model110"
0	0	1	0	0	0	"model111"
0	0	1	0	0	0	"model112"
0.682978723404255	0.00478686920362095	0.987943262411348	0.00478686920362095	0.695035460992908	0	"model113"
0	0	1	0	0	0	"model114"
0	0	1	0	0	0	"model115"
0	0	1	0	0	0	"model116"
0	0	1	0	0	0	"model117"
0.0921985815602837	0	1	0	0.0921985815602837	0	"model118"
0	0	1	0	0	0	"model119"
0	0	1	0	0	0	"model120"
0.895035460992908	0.0216153748475886	0.94468085106383	0.0216153748475886	0.950354609929078	0	"model121"
0.168794326241135	0.00299033348479279	0.998581560283688	0.0029903334847928	0.170212765957447	0	"model122"
0	0	1	0	0	0	"model123"
0.830496453900709	0.0127089173103694	0.965248226950355	0.0127089173103693	0.865248226950355	0	"model124"
0.0141843971631206	0	1	0	0.0141843971631206	0	"model125"
0	0	1	0	0	0	"model126"
0	0	1	0	0	0	"model127"
0	0	1	0	0	0	"model128"
0.0283687943262411	0	1	0	0.0283687943262411	0	"model129"
0	0	1	0	0	0	"model130"
0	0	1	0	0	0	"model131"
0.876595744680851	0.0142629816822679	0.912056737588652	0.014262981682268	0.964539007092199	0	"model132"
0	0	1	0	0	0	"model133"
0	0	1	0	0	0	"model134"
0	0	1	0	0	0	"model135"
0.875886524822695	0.0142825602524758	0.953900709219858	0.0142825602524758	0.921985815602837	0	"model136"
0	0	1	0	0	0	"model137"
0.895035460992908	0.0231147169013339	0.923404255319149	0.0231147169013339	0.971631205673759	0	"model138"
0	0	1	0	0	0	"model139"
0	0	1	0	0	0	"model140"
0	0	1	0	0	0	"model141"
0	0	1	0	0	0	"model142"
0	0	1	0	0	0	"model143"
0	0	1	0	0	0	"model144"
0.876595744680851	0.00957373840724186	0.961702127659574	0.00957373840724185	0.914893617021277	0	"model145"
0	0	1	0	0	0	"model146"
0	0	1	0	0	0	"model147"
0	0	1	0	0	0	"model148"
0	0	1	0	0	0	"model149"
0	0	1	0	0	0	"model150"
0	0	1	0	0	0	"model151"
0.528368794326241	0.0050149417105429	0.99645390070922	0.0050149417105429	0.531914893617021	0	"model152"
0	0	1	0	0	0	"model153"
0	0	1	0	0	0	"model154"
0	0	1	0	0	0	"model155"
0	0	1	0	0	0	"model156"
0	0	1	0	0	0	"model157"
0	0	1	0	0	0	"model158"
0	0	1	0	0	0	"model159"
0.00709219858156028	0	1	0	0.00709219858156028	0	"model160"
0	0	1	0	0	0	"model161"
0	0	1	0	0	0	"model162"
0	0	1	0	0	0	"model163"
0.833333333333333	0.0154118260170275	0.968085106382979	0.0154118260170275	0.865248226950355	0	"model164"
0	0	1	0	0	0	"model165"
0	0	1	0	0	0	"model166"
0.817021276595745	0.0128619106465583	0.980141843971631	0.0128619106465583	0.836879432624113	0	"model167"
0	0	1	0	0	0	"model168"
0	0	1	0	0	0	"model169"
0.885106382978723	0.013703429547224	0.948936170212766	0.0137034295472241	0.936170212765957	0	"model170"
0	0	1	0	0	0	"model171"
0	0	1	0	0	0	"model172"
0	0	1	0	0	0	"model173"
0	0	1	0	0	0	"model174"
0	0	1	0	0	0	"model175"
0.0425531914893617	0	1	0	0.0425531914893617	0	"model176"
0	0	1	0	0	0	"model177"
0	0	1	0	0	0	"model178"
0.727659574468085	0.014649582397002	0.982978723404255	0.014649582397002	0.74468085106383	0	"model179"
0	0	1	0	0	0	"model180"
0.00709219858156028	0	1	0	0.00709219858156028	0	"model181"
0.332624113475177	0.00224275011359458	0.999290780141844	0.0022427501135946	0.333333333333333	0	"model182"
0	0	1	0	0	0	"model183"
0	0	1	0	0	0	"model184"
0.41063829787234	0.0022427501135946	0.999290780141844	0.0022427501135946	0.411347517730496	0	"model185"
0	0	1	0	0	0	"model186"
0	0	1	0	0	0	"model187"
0	0	1	0	0	0	"model188"
0	0	1	0	0	0	"model189"
0	0	1	0	0	0	"model190"
0	0	1	0	0	0	"model191"
0	0	1	0	0	0	"model192"
0	0	1	0	0	0	"model193"
0.879432624113475	0.0214075298773934	0.893617021276596	0.0214075298773934	0.985815602836879	0	"model194"
0	0	1	0	0	0	"model195"
0	0	1	0	0	0	"model196"
0	0	1	0	0	0	"model197"
0	0	1	0	0	0	"model198"
0	0	1	0	0	0	"model199"
0	0	1	0	0	0	"model200"
0	0	1	0	0	0	"model201"
0	0	1	0	0	0	"model202"
0	0	1	0	0	0	"model203"
0	0	1	0	0	0	"model204"
0	0	1	0	0	0	"model205"
0	0	1	0	0	0	"model206"
0.757446808510638	0.0132893326927236	0.984397163120567	0.0132893326927236	0.773049645390071	0	"model207"
0	0	1	0	0	0	"model208"
0	0	1	0	0	0	"model209"
0	0	1	0	0	0	"model210"
0	0	1	0	0	0	"model211"
0.676595744680851	0.0076238843955542	0.988652482269504	0.0076238843955542	0.687943262411348	0	"model212"
0.665957446808511	0.00849091489175789	0.992198581560284	0.00849091489175792	0.673758865248227	0	"model213"
0	0	1	0	0	0	"model214"
0	0	1	0	0	0	"model215"
0.752482269503546	0.0303577765815452	0.752482269503546	0.0303577765815452	1	0	"model216"
0	0	1	0	0	0	"model217"
0.809929078014184	0.0262826328315599	0.809929078014184	0.0262826328315599	1	0	"model218"
0	0	1	0	0	0	"model219"
0	0	1	0	0	0	"model220"
0	0	1	0	0	0	"model221"
0	0	1	0	0	0	"model222"
0	0	1	0	0	0	"model223"
0	0	1	0	0	0	"model224"
0.0567375886524823	0	1	0	0.0567375886524823	0	"model225"
0	0	1	0	0	0	"model226"
0	0	1	0	0	0	"model227"
0	0	1	0	0	0	"model228"
0.865957446808511	0.0139660099174864	0.936879432624113	0.0139660099174865	0.929078014184397	0	"model229"
0	0	1	0	0	0	"model230"
0	0	1	0	0	0	"model231"
0	0	1	0	0	0	"model232"
0	0	1	0	0	0	"model233"
0.675177304964539	0.00732479119850104	0.994326241134752	0.00732479119850104	0.680851063829787	0	"model234"
0	0	1	0	0	0	"model235"
0.204964539007092	0.00224275011359459	0.999290780141844	0.0022427501135946	0.205673758865248	0	"model236"
0	0	1	0	0	0	"model237"
0	0	1	0	0	0	"model238"
0	0	1	0	0	0	"model239"
0	0	1	0	0	0	"model240"
0	0	1	0	0	0	"model241"
0	0	1	0	0	0	"model242"
0	0	1	0	0	0	"model243"
0.00709219858156028	0	1	0	0.00709219858156028	0	"model244"
0.663829787234043	0.00957373840724186	0.990070921985816	0.0095737384072419	0.673758865248227	0	"model245"
0	0	1	0	0	0	"model246"
0	0	1	0	0	0	"model247"
0	0	1	0	0	0	"model248"
0.909929078014184	0.0105988235326052	0.959574468085106	0.0105988235326051	0.950354609929078	0	"model249"
0	0	1	0	0	0	"model250"
0	0	1	0	0	0	"model251"
0.360992907801418	0.0022427501135946	0.999290780141844	0.0022427501135946	0.361702127659574	0	"model252"
0	0	1	0	0	0	"model253"
0	0	1	0	0	0	"model254"
0	0	1	0	0	0	"model255"
0	0	1	0	0	0	"model256"
0	0	1	0	0	0	"model257"
0	0	1	0	0	0	"model258"
0	0	1	0	0	0	"model259"
0	0	1	0	0	0	"model260"
0.575177304964539	0.00849091489175788	0.993617021276596	0.00849091489175792	0.581560283687943	0	"model261"
0	0	1	0	0	0	"model262"
0	0	1	0	0	0	"model263"
0	0	1	0	0	0	"model264"
0	0	1	0	0	0	"model265"
0	0	1	0	0	0	"model266"
0	0	1	0	0	0	"model267"
0	0	1	0	0	0	"model268"
0	0	1	0	0	0	"model269"
0.54822695035461	0.00583881278261394	0.995035460992908	0.00583881278261394	0.553191489361702	0	"model270"
0	0	1	0	0	0	"model271"
0	0	1	0	0	0	"model272"
0	0	1	0	0	0	"model273"
0	0	1	0	0	0	"model274"
0.902127659574468	0.00871824534968596	0.930496453900709	0.00871824534968596	0.971631205673759	0	"model275"
0	0	1	0	0	0	"model276"
0	0	1	0	0	0	"model277"
0	0	1	0	0	0	"model278"
0	0	1	0	0	0	"model279"
0	0	1	0	0	0	"model280"
0	0	1	0	0	0	"model281"
0	0	1	0	0	0	"model282"
0.716312056737589	0.00668658894739053	0.99290780141844	0.00668658894739053	0.723404255319149	0	"model283"
0	0	1	0	0	0	"model284"
0.825531914893617	0.0059806669695856	0.981560283687943	0.0059806669695856	0.843971631205674	0	"model285"
0	0	1	0	0	0	"model286"
0	0	1	0	0	0	"model287"
0	0	1	0	0	0	"model288"
0	0	1	0	0	0	"model289"
0.417730496453901	0.0022427501135946	0.999290780141844	0.0022427501135946	0.418439716312057	0	"model290"
0	0	1	0	0	0	"model291"
0	0	1	0	0	0	"model292"
0	0	1	0	0	0	"model293"
0	0	1	0	0	0	"model294"
0	0	1	0	0	0	"model295"
0	0	1	0	0	0	"model296"
0.0212765957446809	0	1	0	0.0212765957446809	0	"model297"
0	0	1	0	0	0	"model298"
0.66241134751773	0.00598066696958558	0.988652482269504	0.0059806669695856	0.673758865248227	0	"model299"
0	0	1	0	0	0	"model300"
0	0	1	0	0	0	"model301"
0	0	1	0	0	0	"model302"
0	0	1	0	0	0	"model303"
0.806382978723404	0.0105988235326051	0.976595744680851	0.0105988235326051	0.829787234042553	0	"model304"
0	0	1	0	0	0	"model305"
0.0283687943262411	0	1	0	0.0283687943262411	0	"model306"
0.726241134751773	0.0116776255652279	0.981560283687943	0.0116776255652279	0.74468085106383	0	"model307"
0.897872340425532	0.0259401734739389	0.919148936170213	0.0259401734739389	0.978723404255319	0	"model308"
0.212056737588652	0.0022427501135946	0.999290780141844	0.0022427501135946	0.212765957446809	0	"model309"
0	0	1	0	0	0	"model310"
0.205673758865248	0	1	0	0.205673758865248	0	"model311"
0.88936170212766	0.0248395754828628	0.939007092198582	0.0248395754828628	0.950354609929078	0	"model312"
0.902836879432624	0.0211580622555692	0.945390070921986	0.0211580622555692	0.957446808510638	0	"model313"
0	0	1	0	0	0	"model314"
0	0	1	0	0	0	"model315"
0	0	1	0	0	0	"model316"
0	0	1	0	0	0	"model317"
0	0	1	0	0	0	"model318"
0.0354609929078014	0	1	0	0.0354609929078014	0	"model319"
0	0	1	0	0	0	"model320"
0.528368794326241	0.003737916855991	0.99645390070922	0.003737916855991	0.531914893617021	0	"model321"
0.84113475177305	0.0125984989073043	0.954609929078014	0.0125984989073042	0.886524822695035	0	"model322"
0	0	1	0	0	0	"model323"
0	0	1	0	0	0	"model324"
0.414893617021277	0.0050149417105429	0.99645390070922	0.0050149417105429	0.418439716312057	0	"model325"
0.712056737588653	0.0116776255652279	0.988652482269504	0.0116776255652279	0.723404255319149	0	"model326"
0	0	1	0	0	0	"model327"
0.0709219858156028	0	1	0	0.0709219858156028	0	"model328"
0	0	1	0	0	0	"model329"
0	0	1	0	0	0	"model330"
0	0	1	0	0	0	"model331"
0	0	1	0	0	0	"model332"
0	0	1	0	0	0	"model333"
0	0	1	0	0	0	"model334"
0	0	1	0	0	0	"model335"
0.478723404255319	0.00373791685599097	0.99645390070922	0.003737916855991	0.482269503546099	0	"model336"
0.295035460992908	0.00366239559925052	0.997163120567376	0.00366239559925052	0.297872340425532	0	"model337"
0.814893617021277	0.0131413164157799	0.978014184397163	0.01314131641578	0.836879432624113	0	"model338"
0	0	1	0	0	0	"model339"
0.863829787234043	0.0104661671967748	0.970212765957447	0.0104661671967748	0.893617021276596	0	"model340"
0	0	1	0	0	0	"model341"
0	0	1	0	0	0	"model342"
0	0	1	0	0	0	"model343"
0	0	1	0	0	0	"model344"
0	0	1	0	0	0	"model345"
0.620567375886525	0.0050149417105429	0.99645390070922	0.0050149417105429	0.624113475177305	0	"model346"
0	0	1	0	0	0	"model347"
0.499290780141844	0.00598066696958557	0.995744680851064	0.0059806669695856	0.50354609929078	0	"model348"
0.127659574468085	0	1	0	0.127659574468085	0	"model349"
0	0	1	0	0	0	"model350"
0	0	1	0	0	0	"model351"
0	0	1	0	0	0	"model352"
0	0	1	0	0	0	"model353"
0	0	1	0	0	0	"model354"
0	0	1	0	0	0	"model355"
0	0	1	0	0	0	"model356"
0.712056737588653	0.00832473610480332	0.988652482269504	0.00832473610480332	0.723404255319149	0	"model357"
0	0	1	0	0	0	"model358"
0	0	1	0	0	0	"model359"
0	0	1	0	0	0	"model360"
0.709219858156028	0.00579075589310445	0.99290780141844	0.00579075589310445	0.716312056737589	0	"model361"
0	0	1	0	0	0	"model362"
0.382269503546099	0.0022427501135946	0.999290780141844	0.0022427501135946	0.382978723404255	0	"model363"
0.00709219858156028	0	1	0	0.00709219858156028	0	"model364"
0	0	1	0	0	0	"model365"
0.0283687943262411	0	1	0	0.0283687943262411	0	"model366"
0	0	1	0	0	0	"model367"
0	0	1	0	0	0	"model368"
0	0	1	0	0	0	"model369"
0	0	1	0	0	0	"model370"
0.821276595744681	0.0335664101168772	0.821276595744681	0.0335664101168772	1	0	"model371"
0	0	1	0	0	0	"model372"
0.0638297872340425	0	1	0	0.0638297872340425	0	"model373"
0	0	1	0	0	0	"model374"
0.854609929078014	0.0146686449716204	0.960992907801418	0.0146686449716204	0.893617021276596	0	"model375"
0	0	1	0	0	0	"model376"
0.779432624113475	0.0139660099174865	0.978014184397163	0.0139660099174865	0.801418439716312	0	"model377"
0.099290780141844	0	1	0	0.099290780141844	0	"model378"
0	0	1	0	0	0	"model379"
0	0	1	0	0	0	"model380"
0	0	1	0	0	0	"model381"
0.89645390070922	0.0222272515811691	0.967375886524823	0.0222272515811691	0.929078014184397	0	"model382"
0	0	1	0	0	0	"model383"
0	0	1	0	0	0	"model384"
0	0	1	0	0	0	"model385"
0	0	1	0	0	0	"model386"
0.876595744680851	0.0150262397939203	0.961702127659575	0.0150262397939203	0.914893617021277	0	"model387"
0	0	1	0	0	0	"model388"
0.378723404255319	0.00495890708354682	0.995744680851064	0.00495890708354682	0.382978723404255	0	"model389"
0.882269503546099	0.0153936837788177	0.953191489361702	0.0153936837788177	0.929078014184397	0	"model390"
0	0	1	0	0	0	"model391"
0.79290780141844	0.0104661671967748	0.977304964539007	0.0104661671967748	0.815602836879433	0	"model392"
0	0	1	0	0	0	"model393"
0	0	1	0	0	0	"model394"
0	0	1	0	0	0	"model395"
0	0	1	0	0	0	"model396"
0	0	1	0	0	0	"model397"
0	0	1	0	0	0	"model398"
0.861702127659574	0.0171292869340301	0.968085106382979	0.0171292869340301	0.893617021276596	0	"model399"
0	0	1	0	0	0	"model400"
0.860992907801418	0.0174364906993719	0.868085106382979	0.0174364906993719	0.99290780141844	0	"model401"
0	0	1	0	0	0	"model402"
0	0	1	0	0	0	"model403"
0.372340425531915	0.00501494171054288	0.99645390070922	0.0050149417105429	0.375886524822695	0	"model404"
0	0	1	0	0	0	"model405"
0.735460992907801	0.00887706068818842	0.976595744680851	0.00887706068818847	0.75886524822695	0	"model406"
0	0	1	0	0	0	"model407"
0	0	1	0	0	0	"model408"
0	0	1	0	0	0	"model409"
0.0212765957446809	0	1	0	0.0212765957446809	0	"model410"
0.875177304964539	0.0142629816822679	0.953191489361702	0.0142629816822679	0.921985815602837	0	"model411"
0	0	1	0	0	0	"model412"
0	0	1	0	0	0	"model413"
0	0	1	0	0	0	"model414"
0	0	1	0	0	0	"model415"
0	0	1	0	0	0	"model416"
0	0	1	0	0	0	"model417"
0	0	1	0	0	0	"model418"
0	0	1	0	0	0	"model419"
0.885106382978723	0.0124197877414314	0.927659574468085	0.0124197877414314	0.957446808510638	0	"model420"
0	0	1	0	0	0	"model421"
0	0	1	0	0	0	"model422"
0	0	1	0	0	0	"model423"
0	0	1	0	0	0	"model424"
0.197872340425532	0.0022427501135946	0.999290780141844	0.0022427501135946	0.198581560283688	0	"model425"
0	0	1	0	0	0	"model426"
0.0780141843971631	0	1	0	0.0780141843971631	0	"model427"
0	0	1	0	0	0	"model428"
0	0	1	0	0	0	"model429"
0	0	1	0	0	0	"model430"
0	0	1	0	0	0	"model431"
0.099290780141844	0	1	0	0.099290780141844	0	"model432"
0	0	1	0	0	0	"model433"
0	0	1	0	0	0	"model434"
0.049645390070922	0	1	0	0.049645390070922	0	"model435"
0	0	1	0	0	0	"model436"
0	0	1	0	0	0	"model437"
0	0	1	0	0	0	"model438"
0	0	1	0	0	0	"model439"
0	0	1	0	0	0	"model440"
0	0	1	0	0	0	"model441"
0	0	1	0	0	0	"model442"
0	0	1	0	0	0	"model443"
0	0	1	0	0	0	"model444"
0	0	1	0	0	0	"model445"
0	0	1	0	0	0	"model446"
0	0	1	0	0	0	"model447"
0.0283687943262411	0	1	0	0.0283687943262411	0	"model448"
0	0	1	0	0	0	"model449"
0.254609929078014	0.00224275011359459	0.999290780141844	0.0022427501135946	0.25531914893617	0	"model450"
0.106382978723404	0	1	0	0.106382978723404	0	"model451"
0	0	1	0	0	0	"model452"
0	0	1	0	0	0	"model453"
0.564539007092199	0.00495890708354682	0.997163120567376	0.00495890708354682	0.567375886524823	0	"model454"
0.865957446808511	0.0209989768238321	0.880141843971631	0.0209989768238321	0.985815602836879	0	"model455"
0	0	1	0	0	0	"model456"
0	0	1	0	0	0	"model457"
0.897872340425532	0.0076238843955542	0.940425531914894	0.0076238843955542	0.957446808510638	0	"model458"
0	0	1	0	0	0	"model459"
0.724822695035461	0.0029903334847928	0.987234042553191	0.0029903334847928	0.737588652482269	0	"model460"
0	0	1	0	0	0	"model461"
0	0	1	0	0	0	"model462"
0	0	1	0	0	0	"model463"
0	0	1	0	0	0	"model464"
0.624822695035461	0.0052330835983874	0.993617021276596	0.0052330835983874	0.631205673758865	0	"model465"
0.481560283687943	0.00224275011359458	0.999290780141844	0.0022427501135946	0.482269503546099	0	"model466"
0	0	1	0	0	0	"model467"
0	0	1	0	0	0	"model468"
0	0	1	0	0	0	"model469"
0	0	1	0	0	0	"model470"
0	0	1	0	0	0	"model471"
0.816312056737589	0.0147446488222342	0.979432624113475	0.0147446488222342	0.836879432624113	0	"model472"
0	0	1	0	0	0	"model473"
0.870212765957447	0.0116056148544999	0.95531914893617	0.0116056148544998	0.914893617021277	0	"model474"
0	0	1	0	0	0	"model475"
0	0	1	0	0	0	"model476"
0.724113475177305	0.00705268741852306	0.986524822695035	0.00705268741852308	0.737588652482269	0	"model477"
0	0	1	0	0	0	"model478"
0	0	1	0	0	0	"model479"
0	0	1	0	0	0	"model480"
0	0	1	0	0	0	"model481"
0	0	1	0	0	0	"model482"
0	0	1	0	0	0	"model483"
0	0	1	0	0	0	"model484"
0	0	1	0	0	0	"model485"
0	0	1	0	0	0	"model486"
0	0	1	0	0	0	"model487"
0	0	1	0	0	0	"model488"
0.0212765957446809	0	1	0	0.0212765957446809	0	"model489"
0	0	1	0	0	0	"model490"
0	0	1	0	0	0	"model491"
0.876595744680851	0.0198356283341872	0.947517730496454	0.0198356283341873	0.929078014184397	0	"model492"
0	0	1	0	0	0	"model493"
0	0	1	0	0	0	"model494"
0	0	1	0	0	0	"model495"
0.240425531914894	0.00224275011359459	0.999290780141844	0.0022427501135946	0.24113475177305	0	"model496"
0	0	1	0	0	0	"model497"
0.821985815602837	0.016531568545671	0.963829787234043	0.016531568545671	0.858156028368794	0	"model498"
0.759574468085106	0.01314131641578	0.979432624113475	0.0131413164157799	0.780141843971631	0	"model499"
0	0	1	0	0	0	"model500"
0	0	1	0	0	0	"model501"
0	0	1	0	0	0	"model502"
0	0	1	0	0	0	"model503"
0.880141843971631	0.0204597603058334	0.887234042553191	0.0204597603058334	0.99290780141844	0	"model504"
0	0	1	0	0	0	"model505"
0	0	1	0	0	0	"model506"
0	0	1	0	0	0	"model507"
0	0	1	0	0	0	"model508"
0	0	1	0	0	0	"model509"
0	0	1	0	0	0	"model510"
0.411347517730496	0	1	0	0.411347517730496	0	"model511"
0	0	1	0	0	0	"model512"
0	0	1	0	0	0	"model513"
0.808510638297872	0.0115815117862089	0.978723404255319	0.0115815117862089	0.829787234042553	0	"model514"
0	0	1	0	0	0	"model515"
0	0	1	0	0	0	"model516"
0	0	1	0	0	0	"model517"
0	0	1	0	0	0	"model518"
0.880141843971631	0.0225393596908804	0.908510638297872	0.0225393596908804	0.971631205673759	0	"model519"
0.0709219858156028	0	1	0	0.0709219858156028	0	"model520"
0	0	1	0	0	0	"model521"
0	0	1	0	0	0	"model522"
0	0	1	0	0	0	"model523"
0	0	1	0	0	0	"model524"
0	0	1	0	0	0	"model525"
0	0	1	0	0	0	"model526"
0	0	1	0	0	0	"model527"
0	0	1	0	0	0	"model528"
0.74113475177305	0.0107037649386967	0.982269503546099	0.0107037649386967	0.75886524822695	0	"model529"
0	0	1	0	0	0	"model530"
0	0	1	0	0	0	"model531"
0	0	1	0	0	0	"model532"
0	0	1	0	0	0	"model533"
0	0	1	0	0	0	"model534"
0	0	1	0	0	0	"model535"
0.0141843971631206	0	1	0	0.0141843971631206	0	"model536"
0	0	1	0	0	0	"model537"
0	0	1	0	0	0	"model538"
0.0283687943262411	0	1	0	0.0283687943262411	0	"model539"
0	0	1	0	0	0	"model540"
0.0709219858156028	0	1	0	0.0709219858156028	0	"model541"
0.890780141843972	0.0101407142267268	0.933333333333333	0.0101407142267268	0.957446808510638	0	"model542"
0	0	1	0	0	0	"model543"
0	0	1	0	0	0	"model544"
0.304255319148936	0.0022427501135946	0.999290780141844	0.0022427501135946	0.304964539007092	0	"model545"
0.0141843971631206	0	1	0	0.0141843971631206	0	"model546"
0	0	1	0	0	0	"model547"
0.0921985815602837	0	1	0	0.0921985815602837	0	"model548"
0	0	1	0	0	0	"model549"
0.148936170212766	0	1	0	0.148936170212766	0	"model550"
0.00709219858156028	0	1	0	0.00709219858156028	0	"model551"
0.793617021276596	0.0108076874237943	0.978014184397163	0.0108076874237943	0.815602836879433	0	"model552"
0.211347517730496	0.0029903334847928	0.998581560283688	0.0029903334847928	0.212765957446809	0	"model553"
0	0	1	0	0	0	"model554"
0	0	1	0	0	0	"model555"
0	0	1	0	0	0	"model556"
0	0	1	0	0	0	"model557"
0.0283687943262411	0	1	0	0.0283687943262411	0	"model558"
0	0	1	0	0	0	"model559"
0	0	1	0	0	0	"model560"
0	0	1	0	0	0	"model561"
0	0	1	0	0	0	"model562"
0	0	1	0	0	0	"model563"
0	0	1	0	0	0	"model564"
0	0	1	0	0	0	"model565"
0	0	1	0	0	0	"model566"
0	0	1	0	0	0	"model567"
0	0	1	0	0	0	"model568"
0	0	1	0	0	0	"model569"
0	0	1	0	0	0	"model570"
0	0	1	0	0	0	"model571"
0	0	1	0	0	0	"model572"
0.747517730496454	0.00685171477361204	0.988652482269504	0.00685171477361204	0.75886524822695	0	"model573"
0	0	1	0	0	0	"model574"
0	0	1	0	0	0	"model575"
0	0	1	0	0	0	"model576"
0	0	1	0	0	0	"model577"
0.711347517730496	0.00751311989696015	0.987943262411348	0.00751311989696015	0.723404255319149	0	"model578"
0.488652482269504	0.0022427501135946	0.999290780141844	0.0022427501135946	0.48936170212766	0	"model579"
0	0	1	0	0	0	"model580"
0.753191489361702	0.00871824534968596	0.980141843971631	0.00871824534968596	0.773049645390071	0	"model581"
0	0	1	0	0	0	"model582"
0	0	1	0	0	0	"model583"
0	0	1	0	0	0	"model584"
0	0	1	0	0	0	"model585"
0.183687943262411	0.00224275011359459	0.999290780141844	0.0022427501135946	0.184397163120567	0	"model586"
0	0	1	0	0	0	"model587"
0	0	1	0	0	0	"model588"
0	0	1	0	0	0	"model589"
0	0	1	0	0	0	"model590"
0.834751773049645	0.0138050130691787	0.96241134751773	0.0138050130691786	0.872340425531915	0	"model591"
0	0	1	0	0	0	"model592"
0	0	1	0	0	0	"model593"
0.820567375886525	0.0067282503407838	0.983687943262411	0.0067282503407838	0.836879432624113	0	"model594"
0	0	1	0	0	0	"model595"
0	0	1	0	0	0	"model596"
0	0	1	0	0	0	"model597"
0	0	1	0	0	0	"model598"
0	0	1	0	0	0	"model599"
0	0	1	0	0	0	"model600"
0	0	1	0	0	0	"model601"
0	0	1	0	0	0	"model602"
0	0	1	0	0	0	"model603"
0	0	1	0	0	0	"model604"
0	0	1	0	0	0	"model605"
0.00709219858156028	0	1	0	0.00709219858156028	0	"model606"
0.0921985815602837	0	1	0	0.0921985815602837	0	"model607"
0	0	1	0	0	0	"model608"
0	0	1	0	0	0	"model609"
0.85531914893617	0.0183729165274	0.968794326241135	0.0183729165273999	0.886524822695035	0	"model610"
0	0	1	0	0	0	"model611"
0.0709219858156028	0	1	0	0.0709219858156028	0	"model612"
0	0	1	0	0	0	"model613"
0	0	1	0	0	0	"model614"
0.24113475177305	0	1	0	0.24113475177305	0	"model615"
0	0	1	0	0	0	"model616"
0	0	1	0	0	0	"model617"
0	0	1	0	0	0	"model618"
0	0	1	0	0	0	"model619"
0	0	1	0	0	0	"model620"
0	0	1	0	0	0	"model621"
0	0	1	0	0	0	"model622"
0.71063829787234	0.00732479119850104	0.987234042553191	0.00732479119850104	0.723404255319149	0	"model623"
0	0	1	0	0	0	"model624"
0	0	1	0	0	0	"model625"
0	0	1	0	0	0	"model626"
0.0141843971631206	0	1	0	0.0141843971631206	0	"model627"
0	0	1	0	0	0	"model628"
0	0	1	0	0	0	"model629"
0	0	1	0	0	0	"model630"
0	0	1	0	0	0	"model631"
0	0	1	0	0	0	"model632"
0	0	1	0	0	0	"model633"
0.826950354609929	0.00832473610480332	0.975886524822695	0.00832473610480332	0.851063829787234	0	"model634"
0	0	1	0	0	0	"model635"
0	0	1	0	0	0	"model636"
0.814893617021277	0.018143341706241	0.970921985815603	0.018143341706241	0.843971631205674	0	"model637"
0	0	1	0	0	0	"model638"
0.0283687943262411	0	1	0	0.0283687943262411	0	"model639"
0.864539007092199	0.00971858382557659	0.963829787234043	0.00971858382557654	0.900709219858156	0	"model640"
0	0	1	0	0	0	"model641"
0	0	1	0	0	0	"model642"
0.638297872340426	0.00884552573705425	0.99290780141844	0.00884552573705425	0.645390070921986	0	"model643"
0.0709219858156028	0	1	0	0.0709219858156028	0	"model644"
0	0	1	0	0	0	"model645"
0	0	1	0	0	0	"model646"
0	0	1	0	0	0	"model647"
0	0	1	0	0	0	"model648"
0.0921985815602837	0	1	0	0.0921985815602837	0	"model649"
0	0	1	0	0	0	"model650"
0	0	1	0	0	0	"model651"
0	0	1	0	0	0	"model652"
0	0	1	0	0	0	"model653"
0	0	1	0	0	0	"model654"
0.190780141843972	0.0022427501135946	0.999290780141844	0.0022427501135946	0.191489361702128	0	"model655"
0	0	1	0	0	0	"model656"
0	0	1	0	0	0	"model657"
0	0	1	0	0	0	"model658"
0	0	1	0	0	0	"model659"
0	0	1	0	0	0	"model660"
0	0	1	0	0	0	"model661"
0	0	1	0	0	0	"model662"
0.0283687943262411	0	1	0	0.0283687943262411	0	"model663"
0	0	1	0	0	0	"model664"
0	0	1	0	0	0	"model665"
0	0	1	0	0	0	"model666"
0	0	1	0	0	0	"model667"
0	0	1	0	0	0	"model668"
0	0	1	0	0	0	"model669"
0	0	1	0	0	0	"model670"
0.0851063829787234	0	1	0	0.0851063829787234	0	"model671"
0	0	1	0	0	0	"model672"
0	0	1	0	0	0	"model673"
0.726241134751773	0.0106776262795614	0.974468085106383	0.0106776262795614	0.75177304964539	0	"model674"
0	0	1	0	0	0	"model675"
0	0	1	0	0	0	"model676"
0.766666666666667	0.01314131641578	0.979432624113475	0.0131413164157799	0.787234042553192	0	"model677"
0	0	1	0	0	0	"model678"
0.900709219858156	0.0236406619385343	0.943262411347518	0.0236406619385343	0.957446808510638	0	"model679"
0	0	1	0	0	0	"model680"
0.197872340425532	0.0022427501135946	0.999290780141844	0.0022427501135946	0.198581560283688	0	"model681"
0	0	1	0	0	0	"model682"
0	0	1	0	0	0	"model683"
0.0425531914893617	0	1	0	0.0425531914893617	0	"model684"
0	0	1	0	0	0	"model685"
0.718439716312057	0.0100577056199445	0.987943262411348	0.0100577056199445	0.730496453900709	0	"model686"
0	0	1	0	0	0	"model687"
0	0	1	0	0	0	"model688"
0	0	1	0	0	0	"model689"
0.204255319148936	0.00299033348479279	0.998581560283688	0.0029903334847928	0.205673758865248	0	"model690"
0	0	1	0	0	0	"model691"
0	0	1	0	0	0	"model692"
0	0	1	0	0	0	"model693"
0	0	1	0	0	0	"model694"
0	0	1	0	0	0	"model695"
0	0	1	0	0	0	"model696"
0.0354609929078014	0	1	0	0.0354609929078014	0	"model697"
0.00709219858156028	0	1	0	0.00709219858156028	0	"model698"
0	0	1	0	0	0	"model699"
0.443262411347518	0.00373791685599097	0.99645390070922	0.003737916855991	0.446808510638298	0	"model700"
0	0	1	0	0	0	"model701"
0	0	1	0	0	0	"model702"
0	0	1	0	0	0	"model703"
0	0	1	0	0	0	"model704"
0.81063829787234	0.0111136257905845	0.973758865248227	0.0111136257905846	0.836879432624113	0	"model705"
0	0	1	0	0	0	"model706"
0	0	1	0	0	0	"model707"
0.00709219858156028	0	1	0	0.00709219858156028	0	"model708"
0	0	1	0	0	0	"model709"
0	0	1	0	0	0	"model710"
0	0	1	0	0	0	"model711"
0	0	1	0	0	0	"model712"
0	0	1	0	0	0	"model713"
0	0	1	0	0	0	"model714"
0.681560283687943	0.00971858382557659	0.993617021276596	0.00971858382557659	0.687943262411348	0	"model715"
0	0	1	0	0	0	"model716"
0	0	1	0	0	0	"model717"
0	0	1	0	0	0	"model718"
0	0	1	0	0	0	"model719"
0	0	1	0	0	0	"model720"
0	0	1	0	0	0	"model721"
0	0	1	0	0	0	"model722"
0	0	1	0	0	0	"model723"
0	0	1	0	0	0	"model724"
0	0	1	0	0	0	"model725"
0	0	1	0	0	0	"model726"
0	0	1	0	0	0	"model727"
0.099290780141844	0	1	0	0.099290780141844	0	"model728"
0	0	1	0	0	0	"model729"
0	0	1	0	0	0	"model730"
0.748936170212766	0.00897100045437839	0.990070921985816	0.00897100045437839	0.75886524822695	0	"model731"
0.781560283687943	0.0109871867977516	0.980141843971631	0.0109871867977515	0.801418439716312	0	"model732"
0	0	1	0	0	0	"model733"
0	0	1	0	0	0	"model734"
0.875886524822695	0.0236996899004296	0.882978723404255	0.0236996899004296	0.99290780141844	0	"model735"
0	0	1	0	0	0	"model736"
0	0	1	0	0	0	"model737"
0	0	1	0	0	0	"model738"
0	0	1	0	0	0	"model739"
0	0	1	0	0	0	"model740"
0	0	1	0	0	0	"model741"
0	0	1	0	0	0	"model742"
0	0	1	0	0	0	"model743"
0	0	1	0	0	0	"model744"
0	0	1	0	0	0	"model745"
0	0	1	0	0	0	"model746"
0.514893617021277	0.00366239559925052	0.997163120567376	0.00366239559925052	0.517730496453901	0	"model747"
0	0	1	0	0	0	"model748"
0	0	1	0	0	0	"model749"
0	0	1	0	0	0	"model750"
0	0	1	0	0	0	"model751"
0	0	1	0	0	0	"model752"
0	0	1	0	0	0	"model753"
0.0567375886524823	0	1	0	0.0567375886524823	0	"model754"
0.897163120567376	0.0146686449716204	0.960992907801418	0.0146686449716204	0.936170212765957	0	"model755"
0	0	1	0	0	0	"model756"
0	0	1	0	0	0	"model757"
0	0	1	0	0	0	"model758"
0.0851063829787234	0	1	0	0.0851063829787234	0	"model759"
0	0	1	0	0	0	"model760"
0	0	1	0	0	0	"model761"
0	0	1	0	0	0	"model762"
0.0780141843971631	0	1	0	0.0780141843971631	0	"model763"
0.799290780141844	0.0111136257905845	0.976595744680851	0.0111136257905846	0.822695035460993	0	"model764"
0.00709219858156028	0	1	0	0.00709219858156028	0	"model765"
0	0	1	0	0	0	"model766"
0	0	1	0	0	0	"model767"
0.900709219858156	0.0269545017753933	0.921985815602837	0.0269545017753934	0.978723404255319	0	"model768"
0	0	1	0	0	0	"model769"
0	0	1	0	0	0	"model770"
0	0	1	0	0	0	"model771"
0	0	1	0	0	0	"model772"
0	0	1	0	0	0	"model773"
0	0	1	0	0	0	"model774"
0.0425531914893617	0	1	0	0.0425531914893617	0	"model775"
0	0	1	0	0	0	"model776"
0	0	1	0	0	0	"model777"
0	0	1	0	0	0	"model778"
0	0	1	0	0	0	"model779"
0	0	1	0	0	0	"model780"
0	0	1	0	0	0	"model781"
0	0	1	0	0	0	"model782"
0	0	1	0	0	0	"model783"
0	0	1	0	0	0	"model784"
0.0567375886524823	0	1	0	0.0567375886524823	0	"model785"
0	0	1	0	0	0	"model786"
0	0	1	0	0	0	"model787"
0.770212765957447	0.00897100045437839	0.982978723404255	0.00897100045437839	0.787234042553192	0	"model788"
0.691489361702128	0.00960288227498342	0.98936170212766	0.00960288227498342	0.702127659574468	0	"model789"
0	0	1	0	0	0	"model790"
0	0	1	0	0	0	"model791"
0	0	1	0	0	0	"model792"
0	0	1	0	0	0	"model793"
0.240425531914894	0.00224275011359459	0.999290780141844	0.0022427501135946	0.24113475177305	0	"model794"
0	0	1	0	0	0	"model795"
0	0	1	0	0	0	"model796"
0	0	1	0	0	0	"model797"
0	0	1	0	0	0	"model798"
0	0	1	0	0	0	"model799"
0.859574468085106	0.0137034295472241	0.973049645390071	0.013703429547224	0.886524822695035	0	"model800"
0.682269503546099	0.00933731331353737	0.987234042553191	0.00933731331353737	0.695035460992908	0	"model801"
0	0	1	0	0	0	"model802"
0.890780141843972	0.0157525591006692	0.961702127659575	0.0157525591006692	0.929078014184397	0	"model803"
0	0	1	0	0	0	"model804"
0	0	1	0	0	0	"model805"
0	0	1	0	0	0	"model806"
0	0	1	0	0	0	"model807"
0	0	1	0	0	0	"model808"
0	0	1	0	0	0	"model809"
0	0	1	0	0	0	"model810"
0.892198581560284	0.0251969978146085	0.920567375886525	0.0251969978146085	0.971631205673759	0	"model811"
0	0	1	0	0	0	"model812"
0	0	1	0	0	0	"model813"
0.099290780141844	0	1	0	0.099290780141844	0	"model814"
0.0567375886524823	0	1	0	0.0567375886524823	0	"model815"
0	0	1	0	0	0	"model816"
0	0	1	0	0	0	"model817"
0.70709219858156	0.00822341708318019	0.990780141843972	0.00822341708318019	0.716312056737589	0	"model818"
0	0	1	0	0	0	"model819"
0	0	1	0	0	0	"model820"
0	0	1	0	0	0	"model821"
0	0	1	0	0	0	"model822"
0	0	1	0	0	0	"model823"
0	0	1	0	0	0	"model824"
0.175886524822695	0.0029903334847928	0.998581560283688	0.0029903334847928	0.177304964539007	0	"model825"
0	0	1	0	0	0	"model826"
0	0	1	0	0	0	"model827"
0	0	1	0	0	0	"model828"
0.871631205673759	0.0272534899044059	0.878723404255319	0.0272534899044058	0.99290780141844	0	"model829"
0	0	1	0	0	0	"model830"
0.863829787234043	0.0148767212506404	0.956028368794326	0.0148767212506404	0.907801418439716	0	"model831"
0	0	1	0	0	0	"model832"
0.191489361702128	0	1	0	0.191489361702128	0	"model833"
0	0	1	0	0	0	"model834"
0.0283687943262411	0	1	0	0.0283687943262411	0	"model835"
0	0	1	0	0	0	"model836"
0.883687943262411	0.0243854315994849	0.940425531914894	0.0243854315994849	0.943262411347518	0	"model837"
0	0	1	0	0	0	"model838"
0	0	1	0	0	0	"model839"
0	0	1	0	0	0	"model840"
0	0	1	0	0	0	"model841"
0	0	1	0	0	0	"model842"
0	0	1	0	0	0	"model843"
0	0	1	0	0	0	"model844"
0.891489361702128	0.0145922452595848	0.95531914893617	0.0145922452595848	0.936170212765957	0	"model845"
0	0	1	0	0	0	"model846"
0	0	1	0	0	0	"model847"
0.0425531914893617	0	1	0	0.0425531914893617	0	"model848"
0	0	1	0	0	0	"model849"
0.865248226950355	0.0334329447369526	0.872340425531915	0.0334329447369526	0.99290780141844	0	"model850"
0.773049645390071	0.00945626477541373	0.985815602836879	0.00945626477541373	0.787234042553192	0	"model851"
0.0638297872340425	0	1	0	0.0638297872340425	0	"model852"
0	0	1	0	0	0	"model853"
0	0	1	0	0	0	"model854"
0	0	1	0	0	0	"model855"
0	0	1	0	0	0	"model856"
0.443262411347518	0.00373791685599097	0.99645390070922	0.003737916855991	0.446808510638298	0	"model857"
0	0	1	0	0	0	"model858"
0.879432624113475	0.0192057645499668	0.929078014184397	0.0192057645499668	0.950354609929078	0	"model859"
0	0	1	0	0	0	"model860"
0	0	1	0	0	0	"model861"
0	0	1	0	0	0	"model862"
0.872340425531915	0.0125094624636624	0.879432624113475	0.0125094624636623	0.99290780141844	0	"model863"
0.868794326241135	0.0257346821005641	0.875886524822695	0.0257346821005641	0.99290780141844	0	"model864"
0	0	1	0	0	0	"model865"
0	0	1	0	0	0	"model866"
0.89290780141844	0.00912541799792848	0.956737588652482	0.00912541799792847	0.936170212765957	0	"model867"
0	0	1	0	0	0	"model868"
0.580141843971631	0.00805171932195098	0.991489361702128	0.00805171932195103	0.588652482269504	0	"model869"
0.865957446808511	0.0193362695476866	0.951063829787234	0.0193362695476865	0.914893617021277	0	"model870"
0	0	1	0	0	0	"model871"
0.0921985815602837	0	1	0	0.0921985815602837	0	"model872"
0	0	1	0	0	0	"model873"
0	0	1	0	0	0	"model874"
0	0	1	0	0	0	"model875"
0	0	1	0	0	0	"model876"
0	0	1	0	0	0	"model877"
0	0	1	0	0	0	"model878"
0.0638297872340425	0	1	0	0.0638297872340425	0	"model879"
0	0	1	0	0	0	"model880"
0	0	1	0	0	0	"model881"
0.43758865248227	0.00342585738680602	0.997872340425532	0.00342585738680602	0.439716312056738	0	"model882"
0	0	1	0	0	0	"model883"
0	0	1	0	0	0	"model884"
0	0	1	0	0	0	"model885"
0	0	1	0	0	0	"model886"
0	0	1	0	0	0	"model887"
0	0	1	0	0	0	"model888"
0	0	1	0	0	0	"model889"
0.762411347517731	0.00689237812629469	0.982269503546099	0.00689237812629469	0.780141843971631	0	"model890"
0	0	1	0	0	0	"model891"
0	0	1	0	0	0	"model892"
0	0	1	0	0	0	"model893"
0.70709219858156	0.00478686920362095	0.990780141843972	0.00478686920362095	0.716312056737589	0	"model894"
0	0	1	0	0	0	"model895"
0	0	1	0	0	0	"model896"
0.875177304964539	0.0229691873314253	0.88936170212766	0.0229691873314253	0.985815602836879	0	"model897"
0.0638297872340425	0	1	0	0.0638297872340425	0	"model898"
0	0	1	0	0	0	"model899"
0.283687943262411	0	1	0	0.283687943262411	0	"model900"
0	0	1	0	0	0	"model901"
0	0	1	0	0	0	"model902"
0	0	1	0	0	0	"model903"
0	0	1	0	0	0	"model904"
0.895744680851064	0.0153391283191568	0.924113475177305	0.0153391283191568	0.971631205673759	0	"model905"
0	0	1	0	0	0	"model906"
0	0	1	0	0	0	"model907"
0.698581560283688	0.003737916855991	0.99645390070922	0.003737916855991	0.702127659574468	0	"model908"
0	0	1	0	0	0	"model909"
0	0	1	0	0	0	"model910"
0	0	1	0	0	0	"model911"
0	0	1	0	0	0	"model912"
0.865248226950355	0.013373177894781	0.872340425531915	0.013373177894781	0.99290780141844	0	"model913"
0	0	1	0	0	0	"model914"
0	0	1	0	0	0	"model915"
0	0	1	0	0	0	"model916"
0.55177304964539	0.0029903334847928	0.998581560283688	0.0029903334847928	0.553191489361702	0	"model917"
0	0	1	0	0	0	"model918"
0	0	1	0	0	0	"model919"
0	0	1	0	0	0	"model920"
0	0	1	0	0	0	"model921"
0	0	1	0	0	0	"model922"
0.643262411347518	0.0067282503407838	0.990780141843972	0.0067282503407838	0.652482269503546	0	"model923"
0	0	1	0	0	0	"model924"
0	0	1	0	0	0	"model925"
0	0	1	0	0	0	"model926"
0	0	1	0	0	0	"model927"
0.879432624113475	0.0115815117862089	0.950354609929078	0.0115815117862089	0.929078014184397	0	"model928"
0.0354609929078014	0	1	0	0.0354609929078014	0	"model929"
0	0	1	0	0	0	"model930"
0	0	1	0	0	0	"model931"
0	0	1	0	0	0	"model932"
0.120567375886525	0	1	0	0.120567375886525	0	"model933"
0	0	1	0	0	0	"model934"
0	0	1	0	0	0	"model935"
0	0	1	0	0	0	"model936"
0	0	1	0	0	0	"model937"
0	0	1	0	0	0	"model938"
0.0709219858156028	0	1	0	0.0709219858156028	0	"model939"
0	0	1	0	0	0	"model940"
0	0	1	0	0	0	"model941"
0.049645390070922	0	1	0	0.049645390070922	0	"model942"
0.387234042553191	0.00366239559925052	0.997163120567376	0.00366239559925052	0.390070921985816	0	"model943"
0.297872340425532	0	1	0	0.297872340425532	0	"model944"
0	0	1	0	0	0	"model945"
0	0	1	0	0	0	"model946"
0	0	1	0	0	0	"model947"
0.775177304964539	0.0111136257905846	0.980851063829787	0.0111136257905846	0.794326241134752	0	"model948"
0	0	1	0	0	0	"model949"
0	0	1	0	0	0	"model950"
0	0	1	0	0	0	"model951"
0	0	1	0	0	0	"model952"
0.843262411347518	0.0184488066336896	0.850354609929078	0.0184488066336896	0.99290780141844	0	"model953"
0	0	1	0	0	0	"model954"
0.205673758865248	0	1	0	0.205673758865248	0	"model955"
0	0	1	0	0	0	"model956"
0.774468085106383	0.0104661671967748	0.980141843971631	0.0104661671967748	0.794326241134752	0	"model957"
0	0	1	0	0	0	"model958"
0	0	1	0	0	0	"model959"
0	0	1	0	0	0	"model960"
0.339007092198582	0.0029903334847928	0.998581560283688	0.0029903334847928	0.340425531914894	0	"model961"
0.345390070921986	0.00342585738680602	0.997872340425532	0.00342585738680602	0.347517730496454	0	"model962"
0	0	1	0	0	0	"model963"
0	0	1	0	0	0	"model964"
0	0	1	0	0	0	"model965"
0.0709219858156028	0	1	0	0.0709219858156028	0	"model966"
0	0	1	0	0	0	"model967"
0	0	1	0	0	0	"model968"
0.049645390070922	0	1	0	0.049645390070922	0	"model969"
0	0	1	0	0	0	"model970"
0	0	1	0	0	0	"model971"
0	0	1	0	0	0	"model972"
0	0	1	0	0	0	"model973"
0	0	1	0	0	0	"model974"
0.881560283687943	0.0160512956943432	0.973758865248227	0.0160512956943432	0.907801418439716	0	"model975"
0	0	1	0	0	0	"model976"
0	0	1	0	0	0	"model977"
0	0	1	0	0	0	"model978"
0	0	1	0	0	0	"model979"
0	0	1	0	0	0	"model980"
0	0	1	0	0	0	"model981"
0	0	1	0	0	0	"model982"
0	0	1	0	0	0	"model983"
0	0	1	0	0	0	"model984"
0.219858156028369	0	1	0	0.219858156028369	0	"model985"
0.675177304964539	0.00651728073384881	0.994326241134752	0.00651728073384881	0.680851063829787	0	"model986"
0	0	1	0	0	0	"model987"
0	0	1	0	0	0	"model988"
0	0	1	0	0	0	"model989"
0	0	1	0	0	0	"model990"
0	0	1	0	0	0	"model991"
0	0	1	0	0	0	"model992"
0	0	1	0	0	0	"model993"
0	0	1	0	0	0	"model994"
0.0567375886524823	0	1	0	0.0567375886524823	0	"model995"
0	0	1	0	0	0	"model996"
0.885106382978723	0.0218724037942702	0.906382978723404	0.0218724037942702	0.978723404255319	0	"model997"
0.439716312056738	0	1	0	0.439716312056738	0	"model998"
0.0425531914893617	0	1	0	0.0425531914893617	0	"model999"
0	0	1	0	0	0	"model1000"
