"TSS.MN"	"TSS.sd"	"speci.MN"	"speci.sd"	"sensi.MN"	"sensi.sd"	"model"
0.14812734082397	0.0141644245103679	0.14812734082397	0.0141644245103679	1	0	"model1"
0.359176029962547	0.0163683695755896	0.361048689138577	0.0163683695755896	0.99812734082397	0	"model2"
0.198876404494382	0.0183864235335334	0.873033707865169	0.0183864235335335	0.325842696629214	0	"model3"
0.4812734082397	0.0184541142310793	0.556179775280899	0.0184541142310792	0.925093632958802	0	"model4"
0.205992509363296	0.0128231202148403	0.906367041198502	0.0128231202148403	0.299625468164794	0	"model5"
0.17752808988764	0.00881896779647908	0.945318352059925	0.0088189677964791	0.232209737827715	0	"model6"
0	0	1	0	0	0	"model7"
0.45187265917603	0.0225593043283607	0.47434456928839	0.0225593043283607	0.97752808988764	0	"model8"
0.0750936329588015	0.00462512697948632	0.981460674157303	0.00462512697948631	0.0936329588014981	0	"model9"
0	0	1	0	0	0	"model10"
0.352621722846442	0.0221584814363765	0.641011235955056	0.0221584814363765	0.711610486891386	0	"model11"
0.35	0.0107919629521347	0.640262172284644	0.0107919629521347	0.709737827715356	0	"model12"
0.140823970037453	0.00841192535726492	0.968539325842697	0.00841192535726495	0.172284644194757	0	"model13"
0	0	1	0	0	0	"model14"
0.236516853932584	0.0185394309298946	0.236516853932584	0.0185394309298946	1	0	"model15"
0.497940074906367	0.0221303280300274	0.580337078651685	0.0221303280300274	0.917602996254682	0	"model16"
0.15187265917603	0.00771864791243428	0.962734082397004	0.00771864791243429	0.189138576779026	0	"model17"
0.17752808988764	0.010586000961648	0.950936329588015	0.010586000961648	0.226591760299625	0	"model18"
0.193445692883895	0.00572447266821991	0.94625468164794	0.00572447266821993	0.247191011235955	0	"model19"
0.334644194756554	0.012641027406216	0.334644194756554	0.012641027406216	1	0	"model20"
0.154494382022472	0.00838641001407266	0.965355805243446	0.00838641001407268	0.189138576779026	0	"model21"
0.170037453183521	0.0158851349362472	0.767415730337079	0.0158851349362472	0.402621722846442	0	"model22"
0.210674157303371	0.0110700049007292	0.918539325842697	0.0110700049007292	0.292134831460674	0	"model23"
0.480711610486891	0.0183492995622502	0.52752808988764	0.0183492995622502	0.953183520599251	0	"model24"
0.201498127340824	0.014348909376474	0.871910112359551	0.014348909376474	0.329588014981273	0	"model25"
0.0204119850187266	0.00186222645320553	0.997940074906367	0.00186222645320553	0.0224719101123595	0	"model26"
0.142322097378277	0.0169576500714184	0.767790262172285	0.0169576500714184	0.374531835205993	0	"model27"
0	0	1	0	0	0	"model28"
0.204494382022472	0.0106227452615144	0.929213483146067	0.0106227452615144	0.275280898876405	0	"model29"
0.144194756554307	0.017787524155774	0.797752808988764	0.017787524155774	0.346441947565543	0	"model30"
0.159550561797753	0.00793520528442981	0.957303370786517	0.00793520528442983	0.202247191011236	0	"model31"
0.202808988764045	0.0159646559207701	0.901310861423221	0.0159646559207701	0.301498127340824	0	"model32"
0.309925093632959	0.0270978952199104	0.676966292134831	0.0270978952199104	0.632958801498127	0	"model33"
0.211048689138577	0.0107775110367767	0.911423220973783	0.0107775110367767	0.299625468164794	0	"model34"
0	0	1	0	0	0	"model35"
0.483520599250936	0.0196564799309904	0.575280898876405	0.0196564799309904	0.908239700374532	0	"model36"
0.191573033707865	0.00706499816075951	0.94438202247191	0.0070649981607595	0.247191011235955	0	"model37"
0.0129213483146067	0.000592186827746888	0.999812734082397	0.000592186827746889	0.0131086142322097	0	"model38"
0.20936329588015	0.0121618765322922	0.932209737827715	0.0121618765322922	0.277153558052434	0	"model39"
0.183895131086142	0.0212197984632439	0.738202247191011	0.0212197984632439	0.445692883895131	0	"model40"
0.364044943820225	0.0156727638716357	0.652434456928839	0.0156727638716357	0.711610486891386	0	"model41"
0.111610486891386	0.00667652532190808	0.973033707865169	0.00667652532190805	0.138576779026217	0	"model42"
0.432958801498127	0.0136131431446032	0.442322097378277	0.0136131431446032	0.99063670411985	0	"model43"
0.255992509363296	0.0117462827744046	0.255992509363296	0.0117462827744046	1	0	"model44"
0.463483146067416	0.0203470736741656	0.497191011235955	0.0203470736741656	0.966292134831461	0	"model45"
0.159925093632959	0.0156478825035541	0.776029962546816	0.015647882503554	0.383895131086142	0	"model46"
0	0	1	0	0	0	"model47"
0.296067415730337	0.020654977020185	0.704307116104869	0.020654977020185	0.591760299625468	0	"model48"
0.187265917602996	0.00855886966342203	0.949438202247191	0.00855886966342205	0.237827715355805	0	"model49"
0.209925093632959	0.0121185471517773	0.919662921348315	0.0121185471517772	0.290262172284644	0	"model50"
0.249438202247191	0.0238644678982382	0.249438202247191	0.0238644678982382	1	0	"model51"
0.452996254681648	0.0157533569153323	0.537265917602996	0.0157533569153323	0.915730337078652	0	"model52"
0.25	0.0123982672072667	0.25	0.0123982672072667	1	0	"model53"
0.145131086142322	0.0170778577032515	0.785580524344569	0.0170778577032515	0.359550561797753	0	"model54"
0.207116104868914	0.00865844738297114	0.90561797752809	0.00865844738297116	0.301498127340824	0	"model55"
0.215543071161049	0.0170138526573397	0.900936329588015	0.0170138526573397	0.314606741573034	0	"model56"
0.364606741573034	0.0190371665945514	0.690449438202247	0.0190371665945514	0.674157303370786	0	"model57"
0.456554307116105	0.0200684457402348	0.467790262172285	0.0200684457402348	0.98876404494382	0	"model58"
0.0833333333333333	0.0055306008572626	0.980337078651685	0.00553060085726256	0.102996254681648	0	"model59"
0.26310861423221	0.020057764061248	0.690074906367041	0.020057764061248	0.573033707865168	0	"model60"
0.476404494382022	0.0131886268626659	0.521348314606742	0.0131886268626659	0.955056179775281	0	"model61"
0	0	1	0	0	0	"model62"
0.191947565543071	0.0153220196112779	0.854868913857678	0.0153220196112779	0.337078651685393	0	"model63"
0.335955056179775	0.014348909376474	0.684269662921348	0.014348909376474	0.651685393258427	0	"model64"
0.207865168539326	0.0135902253789496	0.932584269662921	0.0135902253789496	0.275280898876405	0	"model65"
0.150936329588015	0.0184160688285501	0.808239700374532	0.0184160688285501	0.342696629213483	0	"model66"
0.205243445692884	0.00943377552425097	0.931835205992509	0.00943377552425095	0.273408239700375	0	"model67"
0.230898876404494	0.0169587989247832	0.230898876404494	0.0169587989247832	1	0	"model68"
0.187078651685393	0.0175104481361272	0.85	0.0175104481361272	0.337078651685393	0	"model69"
0.293071161048689	0.014883419497586	0.293071161048689	0.014883419497586	1	0	"model70"
0.47565543071161	0.017809416501482	0.50374531835206	0.017809416501482	0.971910112359551	0	"model71"
0.455056179775281	0.0122002623506193	0.50187265917603	0.0122002623506193	0.953183520599251	0	"model72"
0.335393258426966	0.0142193362282471	0.335393258426966	0.0142193362282471	1	0	"model73"
0.208426966292135	0.0108854327309891	0.910674157303371	0.0108854327309891	0.297752808988764	0	"model74"
0.00561797752808989	0	1	0	0.00561797752808989	0	"model75"
0.280898876404494	0.0155679948980523	0.280898876404494	0.0155679948980523	1	0	"model76"
0.46123595505618	0.018581418144651	0.562359550561798	0.018581418144651	0.898876404494382	0	"model77"
0.456554307116105	0.0254907980016441	0.462172284644195	0.0254907980016442	0.99438202247191	0	"model78"
0	0	1	0	0	0	"model79"
0.163857677902622	0.0102664695401988	0.824906367041198	0.0102664695401989	0.338951310861423	0	"model80"
0.141760299625468	0.0122655602200845	0.793445692883895	0.0122655602200845	0.348314606741573	0	"model81"
0.0380149812734082	0.00364514390028875	0.991198501872659	0.00364514390028876	0.0468164794007491	0	"model82"
0.45561797752809	0.0254946191949081	0.620411985018727	0.0254946191949081	0.835205992509363	0	"model83"
0.31498127340824	0.0173842671955928	0.31498127340824	0.0173842671955928	1	0	"model84"
0.210299625468165	0.0134185464075325	0.916292134831461	0.0134185464075325	0.294007490636704	0	"model85"
0.253932584269663	0.021663212591337	0.708988764044944	0.021663212591337	0.544943820224719	0	"model86"
0.210112359550562	0.00841192535726492	0.901123595505618	0.00841192535726495	0.308988764044944	0	"model87"
0.468164794007491	0.0252481253634915	0.48689138576779	0.0252481253634915	0.9812734082397	0	"model88"
0.212921348314607	0.01123768886609	0.922659176029963	0.01123768886609	0.290262172284644	0	"model89"
0	0	1	0	0	0	"model90"
0.12940074906367	0.00811245522910598	0.12940074906367	0.00811245522910598	1	0	"model91"
0.211423220973783	0.0156042446441908	0.902434456928839	0.0156042446441908	0.308988764044944	0	"model92"
0.352808988764045	0.0174156184693851	0.654307116104869	0.0174156184693851	0.698501872659176	0	"model93"
0	0	1	0	0	0	"model94"
0.452434456928839	0.019485256444571	0.471161048689139	0.019485256444571	0.9812734082397	0	"model95"
0.2687265917603	0.017100658591514	0.2687265917603	0.017100658591514	1	0	"model96"
0.268913857677903	0.0150642727880133	0.268913857677903	0.0150642727880133	1	0	"model97"
0.0125468164794008	0.00126394860994486	0.999438202247191	0.00126394860994486	0.0131086142322097	0	"model98"
0.322284644194757	0.020081062217271	0.322284644194757	0.020081062217271	1	0	"model99"
0.191198501872659	0.0075140084822992	0.855992509363296	0.0075140084822992	0.335205992509363	0	"model100"
0.400561797752809	0.0155040397571631	0.647752808988764	0.0155040397571631	0.752808988764045	0	"model101"
0.440074906367041	0.0180484797687902	0.576779026217228	0.0180484797687902	0.863295880149813	0	"model102"
0.459737827715356	0.0145122695849721	0.620786516853933	0.0145122695849721	0.838951310861423	0	"model103"
0.466479400749064	0.0140262047273963	0.582584269662921	0.0140262047273962	0.883895131086142	0	"model104"
0	0	1	0	0	0	"model105"
0	0	1	0	0	0	"model106"
0.379213483146067	0.0137682553059381	0.652621722846442	0.013768255305938	0.726591760299625	0	"model107"
0.471535580524345	0.0228467830486943	0.516479400749064	0.0228467830486943	0.955056179775281	0	"model108"
0.210861423220974	0.0177040863524325	0.88876404494382	0.0177040863524325	0.322097378277154	0	"model109"
0.432958801498127	0.0262736447866189	0.449812734082397	0.0262736447866189	0.98314606741573	0	"model110"
0.285580524344569	0.015896169261232	0.285580524344569	0.015896169261232	1	0	"model111"
0.368539325842697	0.0205860056535056	0.653183520599251	0.0205860056535056	0.715355805243446	0	"model112"
0.213295880149813	0.0140539574350376	0.924906367041199	0.0140539574350376	0.288389513108614	0	"model113"
0.47247191011236	0.0201507950633608	0.523033707865169	0.0201507950633608	0.949438202247191	0	"model114"
0.150561797752809	0.011584280359213	0.742322097378277	0.011584280359213	0.408239700374532	0	"model115"
0.125280898876405	0.00206087066407231	0.967977528089888	0.00206087066407231	0.157303370786517	0	"model116"
0.164232209737828	0.00814122289111766	0.963857677902622	0.00814122289111768	0.200374531835206	0	"model117"
0.358988764044944	0.0215523103520648	0.360861423220974	0.0215523103520648	0.99812734082397	0	"model118"
0.442696629213483	0.0202693670338101	0.461423220973783	0.0202693670338101	0.9812734082397	0	"model119"
0.491385767790262	0.0153968575214191	0.566292134831461	0.0153968575214191	0.925093632958802	0	"model120"
0.109737827715356	0.00545612319186321	0.976779026217228	0.00545612319186317	0.132958801498127	0	"model121"
0.0219101123595506	0.00405021927528298	0.995692883895131	0.00405021927528299	0.0262172284644195	0	"model122"
0.205243445692884	0.0147241776588195	0.87940074906367	0.0147241776588195	0.325842696629214	0	"model123"
0.159176029962547	0.0215514063690787	0.750936329588015	0.0215514063690787	0.408239700374532	0	"model124"
0.161985018726592	0.0156242085028512	0.161985018726592	0.0156242085028512	1	0	"model125"
0.205805243445693	0.00893528619589355	0.938014981273408	0.00893528619589354	0.267790262172285	0	"model126"
0.278464419475655	0.0120087286281436	0.278464419475655	0.0120087286281436	1	0	"model127"
0.214419475655431	0.0134533471050264	0.927902621722846	0.0134533471050264	0.286516853932584	0	"model128"
0.206554307116105	0.00654984688617961	0.895692883895131	0.0065498468861796	0.310861423220974	0	"model129"
0.205805243445693	0.0120540691887768	0.891198501872659	0.0120540691887768	0.314606741573034	0	"model130"
0.0112359550561798	0	1	0	0.0112359550561798	0	"model131"
0.183895131086142	0.00962189706267051	0.949812734082397	0.00962189706267053	0.234082397003745	0	"model132"
0.139700374531835	0.0103024624398391	0.778277153558052	0.0103024624398391	0.361423220973783	0	"model133"
0	0	1	0	0	0	"model134"
0.497191011235955	0.0173270173305643	0.547752808988764	0.0173270173305643	0.949438202247191	0	"model135"
0.0636704119850187	0.00507118502162045	0.98689138576779	0.00507118502162046	0.0767790262172285	0	"model136"
0.292696629213483	0.0138753809384589	0.292696629213483	0.0138753809384589	1	0	"model137"
0.0110486891385768	0.000592186827746887	0.999812734082397	0.000592186827746889	0.0112359550561798	0	"model138"
0.475468164794007	0.0377066950794022	0.481086142322097	0.0377066950794022	0.99438202247191	0	"model139"
0.157677902621723	0.0188675510485019	0.730711610486891	0.0188675510485019	0.426966292134831	0	"model140"
0.0162921348314607	0.00126394860994486	0.999438202247191	0.00126394860994486	0.0168539325842697	0	"model141"
0.46685393258427	0.0215703820560215	0.515543071161049	0.0215703820560215	0.951310861423221	0	"model142"
0.289700374531835	0.019760276593845	0.289700374531835	0.019760276593845	1	0	"model143"
0.422846441947566	0.0229318991435332	0.435955056179775	0.0229318991435332	0.98689138576779	0	"model144"
0.131086142322097	0.0152646932092852	0.131086142322097	0.0152646932092852	1	0	"model145"
0.445505617977528	0.019905661380491	0.610299625468165	0.019905661380491	0.835205992509363	0	"model146"
0.194194756554307	0.019779985631852	0.735393258426966	0.019779985631852	0.458801498127341	0	"model147"
0.477715355805243	0.0169909352807504	0.528277153558052	0.0169909352807504	0.949438202247191	0	"model148"
0.391011235955056	0.0201459603035649	0.400374531835206	0.0201459603035648	0.99063670411985	0	"model149"
0.4	0.0210612882382336	0.607865168539326	0.0210612882382336	0.792134831460674	0	"model150"
0.446441947565543	0.0219668588743299	0.60374531835206	0.0219668588743299	0.842696629213483	0	"model151"
0.483707865168539	0.0140428629336557	0.545505617977528	0.0140428629336558	0.938202247191011	0	"model152"
0.252247191011236	0.0206096519725573	0.252247191011236	0.0206096519725573	1	0	"model153"
0.147940074906367	0.0145591807611618	0.767790262172285	0.0145591807611618	0.380149812734082	0	"model154"
0.329775280898876	0.012714790409564	0.678089887640449	0.012714790409564	0.651685393258427	0	"model155"
0.38876404494382	0.0156727638716357	0.39063670411985	0.0156727638716357	0.99812734082397	0	"model156"
0.149438202247191	0.0108764801571159	0.964044943820225	0.0108764801571159	0.185393258426966	0	"model157"
0.181086142322097	0.0122337511410648	0.844007490636704	0.0122337511410648	0.337078651685393	0	"model158"
0.377340823970037	0.014076120204469	0.379213483146067	0.014076120204469	0.99812734082397	0	"model159"
0.199063670411985	0.0137625940165104	0.921910112359551	0.0137625940165104	0.277153558052434	0	"model160"
0.152434456928839	0.0197632342025517	0.749812734082397	0.0197632342025517	0.402621722846442	0	"model161"
0.194943820224719	0.0110418100000569	0.861610486891386	0.0110418100000569	0.333333333333333	0	"model162"
0.204494382022472	0.00556921548644081	0.923595505617978	0.00556921548644081	0.280898876404494	0	"model163"
0	0	1	0	0	0	"model164"
0.196441947565543	0.0106465610521044	0.85936329588015	0.0106465610521045	0.337078651685393	0	"model165"
0.217041198501873	0.0143285283576508	0.902434456928839	0.0143285283576508	0.314606741573034	0	"model166"
0.163483146067416	0.0242732397193737	0.747752808988764	0.0242732397193737	0.415730337078652	0	"model167"
0.222659176029963	0.0167600380788498	0.222659176029963	0.0167600380788498	1	0	"model168"
0.48314606741573	0.0152135550648613	0.573033707865168	0.0152135550648613	0.910112359550562	0	"model169"
0.421722846441948	0.0142562820710314	0.425468164794008	0.0142562820710314	0.99625468164794	0	"model170"
0.339700374531835	0.0244675022821296	0.339700374531835	0.0244675022821296	1	0	"model171"
0.21123595505618	0.0172266549919204	0.913483146067416	0.0172266549919204	0.297752808988764	0	"model172"
0.471910112359551	0.0185593867007722	0.51123595505618	0.0185593867007722	0.960674157303371	0	"model173"
0.184456928838951	0.0237244559163295	0.73689138576779	0.0237244559163295	0.447565543071161	0	"model174"
0.489887640449438	0.0127377537484991	0.574157303370787	0.0127377537484991	0.915730337078652	0	"model175"
0.490074906367041	0.0235397884990177	0.579962546816479	0.0235397884990177	0.910112359550562	0	"model176"
0.0734082397003745	0.00421521673311714	0.985393258426966	0.00421521673311715	0.0880149812734082	0	"model177"
0.407677902621723	0.0170732938716085	0.409550561797753	0.0170732938716085	0.99812734082397	0	"model178"
0.411985018726592	0.0134170944196034	0.417602996254682	0.0134170944196034	0.99438202247191	0	"model179"
0.0166666666666667	0.00323752870908613	0.994194756554307	0.00323752870908614	0.0224719101123595	0	"model180"
0.383707865168539	0.0130475362042153	0.394943820224719	0.0130475362042153	0.98876404494382	0	"model181"
0.426029962546816	0.0165447668922579	0.444756554307116	0.0165447668922579	0.9812734082397	0	"model182"
0.199063670411985	0.0195222161829305	0.884456928838951	0.0195222161829305	0.314606741573034	0	"model183"
0.300187265917603	0.0195421653156473	0.695318352059925	0.0195421653156473	0.604868913857678	0	"model184"
0.195692883895131	0.0111051478618335	0.858614232209738	0.0111051478618335	0.337078651685393	0	"model185"
0.210112359550562	0.00933412017104557	0.895505617977528	0.00933412017104555	0.314606741573034	0	"model186"
0.183707865168539	0.0164550286994977	0.749250936329588	0.0164550286994977	0.434456928838951	0	"model187"
0.205430711610487	0.019621759027879	0.872097378277154	0.019621759027879	0.333333333333333	0	"model188"
0.258052434456929	0.017695280539228	0.71310861423221	0.017695280539228	0.544943820224719	0	"model189"
0.288576779026217	0.0207866105804068	0.288576779026217	0.0207866105804068	1	0	"model190"
0.495505617977528	0.0238219782277921	0.566666666666667	0.0238219782277921	0.928838951310861	0	"model191"
0	0	1	0	0	0	"model192"
0.142322097378277	0.0175671002240578	0.799625468164794	0.0175671002240578	0.342696629213483	0	"model193"
0.0337078651685393	0.00249687890137328	0.99438202247191	0.00249687890137329	0.0393258426966292	0	"model194"
0	0	1	0	0	0	"model195"
0.211797752808989	0.00820795534260998	0.930898876404494	0.00820795534260995	0.280898876404494	0	"model196"
0.215355805243446	0.0101038789364786	0.919475655430712	0.0101038789364785	0.295880149812734	0	"model197"
0.484456928838951	0.0145872550534276	0.57434456928839	0.0145872550534276	0.910112359550562	0	"model198"
0.165543071161049	0.0282655073260143	0.746067415730337	0.0282655073260143	0.419475655430712	0	"model199"
0.20561797752809	0.0142835877502757	0.889138576779026	0.0142835877502757	0.316479400749064	0	"model200"
0.348501872659176	0.0180366018604495	0.65374531835206	0.0180366018604495	0.694756554307116	0	"model201"
0.207303370786517	0.0140705827848195	0.902059925093633	0.0140705827848195	0.305243445692884	0	"model202"
0.202621722846442	0.0105491286762934	0.888014981273408	0.0105491286762934	0.314606741573034	0	"model203"
0	0	1	0	0	0	"model204"
0.491385767790262	0.018730752762853	0.560674157303371	0.018730752762853	0.930711610486891	0	"model205"
0.256179775280899	0.0129380738157619	0.256179775280899	0.0129380738157619	1	0	"model206"
0.480149812734082	0.00918260951232624	0.59063670411985	0.00918260951232626	0.889513108614232	0	"model207"
0.380149812734082	0.0181131312466254	0.382022471910112	0.0181131312466253	0.99812734082397	0	"model208"
0.0191011235955056	0.00382764287559448	0.994756554307116	0.00382764287559449	0.0243445692883895	0	"model209"
0.0241573033707865	0.00368765430405541	0.992322097378277	0.00368765430405542	0.0318352059925094	0	"model210"
0.00561797752808989	0	1	0	0.00561797752808989	0	"model211"
0.418539325842697	0.024957082149443	0.641385767790262	0.0249570821494429	0.777153558052434	0	"model212"
0.112734082397004	0.00439620895422198	0.970411985018727	0.00439620895422197	0.142322097378277	0	"model213"
0.391947565543071	0.0202279940629225	0.393820224719101	0.0202279940629225	0.99812734082397	0	"model214"
0.273970037453183	0.0187484267210475	0.273970037453183	0.0187484267210475	1	0	"model215"
0.148501872659176	0.0211692411380379	0.755243445692884	0.0211692411380379	0.393258426966292	0	"model216"
0.468164794007491	0.0213150700111908	0.48689138576779	0.0213150700111909	0.9812734082397	0	"model217"
0.154307116104869	0.0137385075103494	0.776029962546816	0.0137385075103494	0.378277153558052	0	"model218"
0.153932584269663	0.00812924873712845	0.961048689138577	0.00812924873712846	0.192883895131086	0	"model219"
0.097940074906367	0.00551649215862315	0.976217228464419	0.00551649215862312	0.121722846441948	0	"model220"
0.0207865168539326	0.0024095204825991	0.994569288389513	0.0024095204825991	0.0262172284644195	0	"model221"
0.143258426966292	0.0156242085028512	0.804307116104869	0.0156242085028512	0.338951310861423	0	"model222"
0.352621722846442	0.0217502732707635	0.352621722846442	0.0217502732707635	1	0	"model223"
0.486329588014981	0.0184762712042037	0.604307116104869	0.0184762712042037	0.882022471910112	0	"model224"
0.177902621722846	0.0161092233465218	0.840823970037453	0.0161092233465218	0.337078651685393	0	"model225"
0.210299625468165	0.0115117355467873	0.895692883895131	0.0115117355467873	0.314606741573034	0	"model226"
0.144943820224719	0.0159926994056428	0.753558052434457	0.0159926994056428	0.391385767790262	0	"model227"
0.0108614232209738	0.00078958243699585	0.999625468164794	0.000789582436995852	0.0112359550561798	0	"model228"
0.205805243445693	0.00875911738010539	0.900561797752809	0.00875911738010541	0.305243445692884	0	"model229"
0	0	1	0	0	0	"model230"
0.438202247191011	0.020513953464613	0.440074906367041	0.020513953464613	0.99812734082397	0	"model231"
0.484644194756554	0.0259903385950267	0.589513108614232	0.0259903385950267	0.895131086142322	0	"model232"
0.214794007490637	0.0123289321749513	0.926404494382022	0.0123289321749513	0.288389513108614	0	"model233"
0.188014981273408	0.0104526520294304	0.850936329588015	0.0104526520294304	0.337078651685393	0	"model234"
0.208426966292135	0.0141258593001094	0.893820224719101	0.0141258593001094	0.314606741573034	0	"model235"
0.283707865168539	0.022820332597292	0.703183520599251	0.022820332597292	0.580524344569288	0	"model236"
0.0398876404494382	0.00375051657573029	0.989325842696629	0.0037505165757303	0.050561797752809	0	"model237"
0.382958801498127	0.0240344860276885	0.392322097378277	0.0240344860276885	0.99063670411985	0	"model238"
0.344756554307116	0.0184424975738554	0.66310861423221	0.0184424975738554	0.681647940074906	0	"model239"
0.201123595505618	0.0152952940282565	0.719850187265918	0.0152952940282565	0.4812734082397	0	"model240"
0.145692883895131	0.0165105822353175	0.801123595505618	0.0165105822353175	0.344569288389513	0	"model241"
0.27752808988764	0.0142835877502757	0.27752808988764	0.0142835877502757	1	0	"model242"
0.0943820224719101	0.00573467369680692	0.978277153558052	0.00573467369680688	0.116104868913858	0	"model243"
0.0543071161048689	0.00441390000740666	0.98876404494382	0.00441390000740667	0.0655430711610487	0	"model244"
0.301498127340824	0.0131531257838361	0.301498127340824	0.0131531257838361	1	0	"model245"
0.494569288389513	0.02547015365175	0.547003745318352	0.02547015365175	0.947565543071161	0	"model246"
0.446441947565543	0.0234593698765134	0.467041198501873	0.0234593698765134	0.97940074906367	0	"model247"
0.184456928838951	0.00897010478352054	0.946629213483146	0.00897010478352057	0.237827715355805	0	"model248"
0.308239700374532	0.0180312002246001	0.701498127340824	0.0180312002246001	0.606741573033708	0	"model249"
0.15936329588015	0.0159744157602395	0.818539325842697	0.0159744157602395	0.340823970037453	0	"model250"
0.216104868913858	0.0144031177651332	0.216104868913858	0.0144031177651332	1	0	"model251"
0.438951310861423	0.021913579972512	0.58876404494382	0.021913579972512	0.850187265917603	0	"model252"
0.436704119850187	0.0176069801850834	0.453558052434457	0.0176069801850834	0.98314606741573	0	"model253"
0.20187265917603	0.0171359400117588	0.900374531835206	0.0171359400117588	0.301498127340824	0	"model254"
0.345318352059925	0.0175715358005012	0.345318352059925	0.0175715358005012	1	0	"model255"
0.105056179775281	0.0118585319842603	0.105056179775281	0.0118585319842603	1	0	"model256"
0.130524344569288	0.0263365988242643	0.780337078651685	0.0263365988242643	0.350187265917603	0	"model257"
0.0108614232209738	0.00078958243699585	0.999625468164794	0.000789582436995852	0.0112359550561798	0	"model258"
0.383707865168539	0.0179933433694336	0.385580524344569	0.0179933433694336	0.99812734082397	0	"model259"
0.0226591760299625	0.00323752870908613	0.996441947565543	0.00323752870908614	0.0262172284644195	0	"model260"
0.354307116104869	0.0174513795305933	0.655805243445693	0.0174513795305933	0.698501872659176	0	"model261"
0.456179775280899	0.0248624451975545	0.471161048689139	0.0248624451975545	0.98501872659176	0	"model262"
0.209925093632959	0.0161442578831637	0.910299625468165	0.0161442578831637	0.299625468164794	0	"model263"
0.19063670411985	0.00803281295487911	0.864794007490637	0.00803281295487913	0.325842696629214	0	"model264"
0.385393258426966	0.0266710615595038	0.387265917602996	0.0266710615595038	0.99812734082397	0	"model265"
0.281835205992509	0.0120152163264171	0.281835205992509	0.0120152163264171	1	0	"model266"
0.402434456928839	0.0204082622680416	0.638389513108614	0.0204082622680416	0.764044943820225	0	"model267"
0.30374531835206	0.0141189615706586	0.691385767790262	0.0141189615706586	0.612359550561798	0	"model268"
0	0	1	0	0	0	"model269"
0.362921348314607	0.0216200013529839	0.364794007490637	0.0216200013529839	0.99812734082397	0	"model270"
0.49250936329588	0.0101807156244071	0.567415730337079	0.010180715624407	0.925093632958802	0	"model271"
0.237265917602996	0.0171416237626238	0.720411985018727	0.0171416237626238	0.51685393258427	0	"model272"
0.444756554307116	0.0176831653860366	0.607677902621723	0.0176831653860366	0.837078651685393	0	"model273"
0.00187265917602996	0	1	0	0.00187265917602996	0	"model274"
0.217977528089888	0.0232926818913776	0.706741573033708	0.0232926818913776	0.51123595505618	0	"model275"
0.428838951310861	0.0196207660992531	0.447565543071161	0.0196207660992531	0.9812734082397	0	"model276"
0.202996254681648	0.0123020389823471	0.871535580524345	0.0123020389823471	0.331460674157303	0	"model277"
0.468539325842697	0.0223118170307267	0.492883895131086	0.0223118170307267	0.975655430711611	0	"model278"
0	0	1	0	0	0	"model279"
0.200561797752809	0.010461967290195	0.874719101123596	0.010461967290195	0.325842696629214	0	"model280"
0.098876404494382	0.00812924873712844	0.975280898876404	0.00812924873712841	0.123595505617978	0	"model281"
0.214232209737828	0.0144031177651332	0.888389513108614	0.0144031177651332	0.325842696629214	0	"model282"
0.203558052434457	0.0130355851724387	0.879588014981273	0.0130355851724387	0.323970037453184	0	"model283"
0.208988764044944	0.0172357002301346	0.926217228464419	0.0172357002301346	0.282771535580524	0	"model284"
0.471910112359551	0.017831281968896	0.51310861423221	0.017831281968896	0.958801498127341	0	"model285"
0.208614232209738	0.0112774929244806	0.892134831460674	0.0112774929244806	0.316479400749064	0	"model286"
0.208239700374532	0.0177172868660243	0.874906367041199	0.0177172868660243	0.333333333333333	0	"model287"
0.0112359550561798	0	1	0	0.0112359550561798	0	"model288"
0.204681647940075	0.0161828286602719	0.890074906367041	0.0161828286602719	0.314606741573034	0	"model289"
0.211610486891386	0.0170721527230678	0.889513108614232	0.0170721527230678	0.322097378277154	0	"model290"
0	0	1	0	0	0	"model291"
0.473595505617978	0.0154284590027212	0.516666666666667	0.0154284590027212	0.956928838951311	0	"model292"
0.419288389513109	0.0227724732597095	0.432397003745318	0.0227724732597095	0.98689138576779	0	"model293"
0.506741573033708	0.0225791586953602	0.564794007490637	0.0225791586953603	0.941947565543071	0	"model294"
0.467041198501873	0.0180959134373666	0.497003745318352	0.0180959134373666	0.970037453183521	0	"model295"
0.467415730337079	0.0190606901123588	0.510486891385768	0.0190606901123588	0.956928838951311	0	"model296"
0.482771535580524	0.0223989660892574	0.540823970037453	0.0223989660892574	0.941947565543071	0	"model297"
0.192134831460674	0.0150124519506191	0.858801498127341	0.0150124519506191	0.333333333333333	0	"model298"
0.419288389513109	0.0206361036819782	0.428651685393258	0.0206361036819782	0.99063670411985	0	"model299"
0.0410112359550562	0.00311485017475022	0.990449438202247	0.00311485017475023	0.050561797752809	0	"model300"
0.150936329588015	0.0150642727880133	0.811985018726592	0.0150642727880134	0.338951310861423	0	"model301"
0.215730337078652	0.0143651933719276	0.919850187265918	0.0143651933719276	0.295880149812734	0	"model302"
0.0359550561797753	0.0047374946219751	0.992883895131086	0.00473749462197511	0.0430711610486891	0	"model303"
0	0	1	0	0	0	"model304"
0	0	1	0	0	0	"model305"
0.0711610486891386	0.0054418214026725	0.98689138576779	0.00544182140267251	0.0842696629213483	0	"model306"
0.0529962546816479	0.00441831170266826	0.989325842696629	0.00441831170266827	0.0636704119850187	0	"model307"
0.173782771535581	0.0171586637188801	0.834831460674157	0.01715866371888	0.338951310861423	0	"model308"
0.178089887640449	0.0188189565683101	0.760486891385768	0.0188189565683101	0.417602996254682	0	"model309"
0.204681647940075	0.00904795671868328	0.893820224719101	0.00904795671868327	0.310861423220974	0	"model310"
0.368913857677903	0.0228160635237167	0.655430711610487	0.0228160635237167	0.713483146067416	0	"model311"
0.278838951310861	0.0204654604246818	0.278838951310861	0.0204654604246818	1	0	"model312"
0.20187265917603	0.00778649993983155	0.876029962546817	0.00778649993983157	0.325842696629214	0	"model313"
0.183333333333333	0.0102740574714196	0.943632958801498	0.0102740574714196	0.239700374531835	0	"model314"
0	0	1	0	0	0	"model315"
0.0539325842696629	0.00412174132814461	0.992134831460674	0.00412174132814462	0.0617977528089888	0	"model316"
0.183333333333333	0.0218289557626872	0.84625468164794	0.0218289557626872	0.337078651685393	0	"model317"
0.167790262172285	0.0133938412055594	0.828838951310861	0.0133938412055594	0.338951310861423	0	"model318"
0	0	1	0	0	0	"model319"
0.160299625468165	0.014129996321519	0.817602996254682	0.014129996321519	0.342696629213483	0	"model320"
0.169101123595506	0.0114778375475588	0.832022471910112	0.0114778375475588	0.337078651685393	0	"model321"
0.217041198501873	0.00960771293798748	0.934269662921348	0.00960771293798745	0.282771535580524	0	"model322"
0.444756554307116	0.0203662148577721	0.459737827715356	0.0203662148577721	0.98501872659176	0	"model323"
0.163857677902622	0.0161152692177598	0.73876404494382	0.0161152692177598	0.425093632958801	0	"model324"
0.31498127340824	0.0126948552498239	0.31498127340824	0.0126948552498239	1	0	"model325"
0.147752808988764	0.0187775005061353	0.801310861423221	0.0187775005061353	0.346441947565543	0	"model326"
0.0576779026217228	0.00421521673311714	0.988389513108614	0.00421521673311715	0.0692883895131086	0	"model327"
0.194569288389513	0.0112168654593177	0.85749063670412	0.0112168654593177	0.337078651685393	0	"model328"
0.267415730337079	0.0188262019936522	0.267415730337079	0.0188262019936522	1	0	"model329"
0.441385767790262	0.0180063318288026	0.460112359550562	0.0180063318288026	0.9812734082397	0	"model330"
0.193071161048689	0.00454009901272614	0.945880149812734	0.00454009901272615	0.247191011235955	0	"model331"
0.257677902621723	0.0156478825035541	0.257677902621723	0.0156478825035541	1	0	"model332"
0.467415730337079	0.0252666379838672	0.495505617977528	0.0252666379838672	0.971910112359551	0	"model333"
0.452621722846442	0.0234069912276303	0.471348314606742	0.0234069912276303	0.9812734082397	0	"model334"
0	0	1	0	0	0	"model335"
0.483707865168539	0.0217681806287044	0.551123595505618	0.0217681806287044	0.932584269662921	0	"model336"
0.173782771535581	0.0155128335251027	0.836704119850187	0.0155128335251027	0.337078651685393	0	"model337"
0	0	1	0	0	0	"model338"
0.208052434456929	0.0104991456848701	0.923408239700375	0.01049914568487	0.284644194756554	0	"model339"
0.206741573033708	0.0140192579661721	0.916479400749064	0.0140192579661721	0.290262172284644	0	"model340"
0.501123595505618	0.0195052433781717	0.531086142322097	0.0195052433781717	0.970037453183521	0	"model341"
0.208426966292135	0.0105213896625272	0.92565543071161	0.0105213896625272	0.282771535580524	0	"model342"
0.192883895131086	0.00813882946966623	0.934456928838951	0.0081388294696662	0.258426966292135	0	"model343"
0.0157303370786517	0.0015791648739917	0.998876404494382	0.0015791648739917	0.0168539325842697	0	"model344"
0.347752808988764	0.0312365687913671	0.639887640449438	0.0312365687913671	0.707865168539326	0	"model345"
0.197378277153558	0.0101115888795588	0.871535580524345	0.0101115888795589	0.325842696629214	0	"model346"
0.166479400749064	0.005683485463216	0.958614232209738	0.00568348546321601	0.207865168539326	0	"model347"
0.275280898876405	0.0224545639807802	0.275280898876405	0.0224545639807802	1	0	"model348"
0.157677902621723	0.0080328129548791	0.955430711610487	0.00803281295487913	0.202247191011236	0	"model349"
0.0215355805243446	0.00296093413873444	0.995318352059925	0.00296093413873445	0.0262172284644195	0	"model350"
0.419850187265918	0.024445196812106	0.601498127340824	0.024445196812106	0.818352059925094	0	"model351"
0.296816479400749	0.0201159588568315	0.296816479400749	0.0201159588568315	1	0	"model352"
0.468352059925094	0.0235794818402128	0.505805243445693	0.0235794818402128	0.962546816479401	0	"model353"
0.176029962546816	0.0183269890835246	0.732209737827715	0.0183269890835246	0.443820224719101	0	"model354"
0.418539325842697	0.0220915585133413	0.431647940074906	0.0220915585133413	0.98689138576779	0	"model355"
0.0900749063670412	0.00575163520588737	0.979588014981273	0.00575163520588733	0.110486891385768	0	"model356"
0.185205992509363	0.00936121491648812	0.84812734082397	0.00936121491648811	0.337078651685393	0	"model357"
0.206928838951311	0.011982742709396	0.873595505617977	0.0119827427093961	0.333333333333333	0	"model358"
0	0	1	0	0	0	"model359"
0.224719101123595	0.00784632028088423	0.709737827715356	0.0078463202808842	0.51498127340824	0	"model360"
0	0	1	0	0	0	"model361"
0.166479400749064	0.0195501392689795	0.756367041198502	0.0195501392689795	0.410112359550562	0	"model362"
0.15187265917603	0.0155792538455711	0.812921348314607	0.0155792538455711	0.338951310861423	0	"model363"
0.376029962546816	0.0148716337603562	0.377902621722846	0.0148716337603562	0.99812734082397	0	"model364"
0.181086142322097	0.0127025263214344	0.844007490636704	0.0127025263214344	0.337078651685393	0	"model365"
0.144756554307116	0.00851551022610984	0.753370786516854	0.00851551022610981	0.391385767790262	0	"model366"
0.414794007490637	0.0196455742594959	0.427902621722846	0.0196455742594959	0.98689138576779	0	"model367"
0.437827715355805	0.0144463380206168	0.447191011235955	0.0144463380206168	0.99063670411985	0	"model368"
0.173033707865169	0.0156229615090743	0.173033707865169	0.0156229615090743	1	0	"model369"
0.348689138576779	0.0211093354617002	0.659550561797753	0.0211093354617002	0.689138576779026	0	"model370"
0.417415730337079	0.0107195085380916	0.625280898876404	0.0107195085380916	0.792134831460674	0	"model371"
0.298876404494382	0.0227681952124325	0.298876404494382	0.0227681952124325	1	0	"model372"
0.303370786516854	0.0163493144241059	0.303370786516854	0.0163493144241059	1	0	"model373"
0.119850187265918	0.00842118449639953	0.971910112359551	0.00842118449639951	0.147940074906367	0	"model374"
0.426217228464419	0.0236083828286099	0.600374531835206	0.0236083828286099	0.825842696629214	0	"model375"
0.265543071161049	0.0105491286762934	0.265543071161049	0.0105491286762934	1	0	"model376"
0.212172284644195	0.00774887771969175	0.912546816479401	0.00774887771969177	0.299625468164794	0	"model377"
0.262921348314607	0.019243794125341	0.262921348314607	0.019243794125341	1	0	"model378"
0.296067415730337	0.0186316779046011	0.296067415730337	0.0186316779046011	1	0	"model379"
0.00561797752808989	0	1	0	0.00561797752808989	0	"model380"
0.390449438202247	0.0143502670818635	0.399812734082397	0.0143502670818635	0.99063670411985	0	"model381"
0.354119850187266	0.032320479526139	0.65187265917603	0.032320479526139	0.702247191011236	0	"model382"
0.210861423220974	0.00760421589654984	0.937453183520599	0.00760421589654983	0.273408239700375	0	"model383"
0.427715355805243	0.0181603960509046	0.444569288389513	0.0181603960509046	0.98314606741573	0	"model384"
0.485393258426966	0.0204721231331797	0.504119850187266	0.0204721231331797	0.9812734082397	0	"model385"
0.432958801498127	0.021565865549752	0.614606741573034	0.021565865549752	0.818352059925094	0	"model386"
0.471348314606742	0.020703967182282	0.497565543071161	0.020703967182282	0.973782771535581	0	"model387"
0.164606741573034	0.00686357902991434	0.966104868913858	0.00686357902991433	0.198501872659176	0	"model388"
0.44250936329588	0.0168203762676444	0.650374531835206	0.0168203762676444	0.792134831460674	0	"model389"
0.212546816479401	0.0111051478618335	0.920411985018727	0.0111051478618335	0.292134831460674	0	"model390"
0.137827715355805	0.0123336719452968	0.780149812734082	0.0123336719452969	0.357677902621723	0	"model391"
0.270973782771536	0.0197405478782693	0.270973782771536	0.0197405478782693	1	0	"model392"
0.282958801498127	0.00944409581562525	0.282958801498127	0.00944409581562525	1	0	"model393"
0.199625468164794	0.0157471720943506	0.199625468164794	0.0157471720943506	1	0	"model394"
0	0	1	0	0	0	"model395"
0	0	1	0	0	0	"model396"
0.193820224719101	0.016940407921488	0.858614232209738	0.016940407921488	0.335205992509363	0	"model397"
0.0799625468164794	0.00624531757217516	0.980711610486891	0.00624531757217513	0.099250936329588	0	"model398"
0.426966292134831	0.0209462693327872	0.438202247191011	0.0209462693327872	0.98876404494382	0	"model399"
0	0	1	0	0	0	"model400"
0.375842696629213	0.0275372181184759	0.377715355805243	0.0275372181184759	0.99812734082397	0	"model401"
0.049625468164794	0.00355859995349294	0.991573033707865	0.00355859995349295	0.0580524344569288	0	"model402"
0.318539325842697	0.0159987893108198	0.318539325842697	0.0159987893108198	1	0	"model403"
0.139887640449438	0.0100283963587173	0.791573033707865	0.0100283963587173	0.348314606741573	0	"model404"
0.469101123595506	0.0193054520526743	0.470973782771536	0.0193054520526743	0.99812734082397	0	"model405"
0	0	1	0	0	0	"model406"
0.491947565543071	0.0243853494990596	0.581835205992509	0.0243853494990596	0.910112359550562	0	"model407"
0.134269662921348	0.0127331643937299	0.795318352059925	0.0127331643937299	0.338951310861423	0	"model408"
0.204868913857678	0.0129801685199201	0.933333333333333	0.0129801685199201	0.271535580524345	0	"model409"
0.202434456928839	0.0153271049149729	0.884082397003745	0.0153271049149729	0.318352059925094	0	"model410"
0.211797752808989	0.0102360615665899	0.940262172284644	0.0102360615665898	0.271535580524345	0	"model411"
0.19250936329588	0.0142835877502757	0.857303370786517	0.0142835877502758	0.335205992509363	0	"model412"
0.207677902621723	0.0200616489661965	0.889325842696629	0.0200616489661965	0.318352059925094	0	"model413"
0.195880149812734	0.0198615691424415	0.858801498127341	0.0198615691424416	0.337078651685393	0	"model414"
0.137453183520599	0.00865844738297113	0.967041198501873	0.00865844738297116	0.170411985018727	0	"model415"
0.256741573033708	0.0124984315592811	0.256741573033708	0.0124984315592811	1	0	"model416"
0.194194756554307	0.0134185464075325	0.864606741573034	0.0134185464075325	0.329588014981273	0	"model417"
0.404681647940075	0.0185268162101783	0.414044943820225	0.0185268162101783	0.99063670411985	0	"model418"
0.210112359550562	0.0110541541179419	0.884269662921348	0.0110541541179419	0.325842696629214	0	"model419"
0.148501872659176	0.0101826291129353	0.809550561797753	0.0101826291129352	0.338951310861423	0	"model420"
0.283895131086142	0.0153461597956247	0.283895131086142	0.0153461597956247	1	0	"model421"
0.158426966292135	0.0125838733266958	0.793258426966292	0.0125838733266958	0.365168539325843	0	"model422"
0.471535580524345	0.0217099277096471	0.490262172284644	0.0217099277096471	0.9812734082397	0	"model423"
0.203370786516854	0.0158949436033975	0.714606741573034	0.0158949436033975	0.48876404494382	0	"model424"
0.050749063670412	0.00224198314557653	0.992696629213483	0.00224198314557653	0.0580524344569288	0	"model425"
0.292134831460674	0.0187681602726254	0.292134831460674	0.0187681602726254	1	0	"model426"
0.0852059925093633	0.00333242142697607	0.982209737827715	0.00333242142697607	0.102996254681648	0	"model427"
0.150936329588015	0.0060648977785224	0.965543071161049	0.00606489777852242	0.185393258426966	0	"model428"
0.204119850187266	0.00818656494919101	0.926966292134832	0.00818656494919099	0.277153558052434	0	"model429"
0.195880149812734	0.0147506172162217	0.858801498127341	0.0147506172162217	0.337078651685393	0	"model430"
0.162359550561798	0.0069538189471329	0.956367041198502	0.00695381894713291	0.205992509363296	0	"model431"
0.16498127340824	0.0168758815787375	0.784831460674157	0.0168758815787375	0.380149812734082	0	"model432"
0.290823970037453	0.0159402301783119	0.290823970037453	0.0159402301783119	1	0	"model433"
0.0138576779026217	0.0015791648739917	0.998876404494382	0.0015791648739917	0.0149812734082397	0	"model434"
0.224157303370787	0.0162068887815871	0.224157303370787	0.0162068887815871	1	0	"model435"
0.444943820224719	0.0271259204707365	0.592883895131086	0.0271259204707365	0.852059925093633	0	"model436"
0.442883895131086	0.0184171267065318	0.461610486891386	0.0184171267065317	0.9812734082397	0	"model437"
0	0	1	0	0	0	"model438"
0.193445692883895	0.0105213896625272	0.93314606741573	0.0105213896625272	0.260299625468165	0	"model439"
0.264606741573034	0.014317646618198	0.264606741573034	0.014317646618198	1	0	"model440"
0.0144194756554307	0.000904580321235296	0.999438202247191	0.000904580321235298	0.0149812734082397	0	"model441"
0.00561797752808989	0	1	0	0.00561797752808989	0	"model442"
0.185580524344569	0.0208240673376627	0.185580524344569	0.0208240673376627	1	0	"model443"
0.210861423220974	0.00819607868273151	0.91123595505618	0.00819607868273153	0.299625468164794	0	"model444"
0.289325842696629	0.0158224617423678	0.289325842696629	0.0158224617423678	1	0	"model445"
0	0	1	0	0	0	"model446"
0.194756554307116	0.0117446240463338	0.857677902621723	0.0117446240463338	0.337078651685393	0	"model447"
0.215543071161049	0.00853379368296349	0.934644194756554	0.00853379368296346	0.280898876404494	0	"model448"
0	0	1	0	0	0	"model449"
0	0	1	0	0	0	"model450"
0.144007490636704	0.0136317354588702	0.769475655430712	0.0136317354588702	0.374531835205993	0	"model451"
0.292322097378277	0.0246776092837611	0.691198501872659	0.0246776092837611	0.601123595505618	0	"model452"
0.247003745318352	0.0110064648069369	0.247003745318352	0.0110064648069369	1	0	"model453"
0.477715355805243	0.0215595408514218	0.567602996254682	0.0215595408514218	0.910112359550562	0	"model454"
0.0174157303370787	0.00177656048324066	0.998689138576779	0.00177656048324067	0.0187265917602996	0	"model455"
0.194194756554307	0.0110276855171405	0.932022471910112	0.0110276855171405	0.262172284644195	0	"model456"
0.277715355805243	0.0225247333106868	0.714044943820225	0.0225247333106868	0.563670411985019	0	"model457"
0.213670411985019	0.00857933185944004	0.899063670411985	0.00857933185944006	0.314606741573034	0	"model458"
0	0	1	0	0	0	"model459"
0.338951310861423	0.0195610981473064	0.338951310861423	0.0195610981473064	1	0	"model460"
0.323033707865169	0.0206512037324261	0.675093632958802	0.020651203732426	0.647940074906367	0	"model461"
0.175280898876404	0.019545155929379	0.748314606741573	0.019545155929379	0.426966292134831	0	"model462"
0.452434456928839	0.0143760391215828	0.467415730337079	0.0143760391215828	0.98501872659176	0	"model463"
0.27752808988764	0.0140913368884119	0.689513108614232	0.0140913368884119	0.588014981273408	0	"model464"
0.161610486891386	0.0186651092252477	0.822659176029963	0.0186651092252477	0.338951310861423	0	"model465"
0.36685393258427	0.0208801264861244	0.36685393258427	0.0208801264861244	1	0	"model466"
0.200187265917603	0.0106465610521044	0.86310861423221	0.0106465610521045	0.337078651685393	0	"model467"
0	0	1	0	0	0	"model468"
0.144194756554307	0.00804250856849259	0.782771535580524	0.00804250856849259	0.361423220973783	0	"model469"
0.2187265917603	0.0118700267905166	0.926591760299625	0.0118700267905165	0.292134831460674	0	"model470"
0.115730337078652	0.00653495746731706	0.975280898876404	0.00653495746731702	0.140449438202247	0	"model471"
0.165917602996255	0.00760421589654985	0.948689138576779	0.00760421589654986	0.217228464419476	0	"model472"
0.327902621722846	0.0304712588791188	0.676217228464419	0.0304712588791188	0.651685393258427	0	"model473"
0.111610486891386	0.00888060886081335	0.111610486891386	0.00888060886081335	1	0	"model474"
0.280898876404494	0.0151879214239656	0.280898876404494	0.0151879214239656	1	0	"model475"
0.190074906367041	0.00524121586259259	0.935393258426966	0.00524121586259256	0.254681647940075	0	"model476"
0.0567415730337079	0.00306440392225558	0.989325842696629	0.00306440392225558	0.0674157303370786	0	"model477"
0.305805243445693	0.011976237419715	0.687827715355805	0.011976237419715	0.617977528089888	0	"model478"
0.199063670411985	0.00955076578894857	0.93501872659176	0.00955076578894855	0.264044943820225	0	"model479"
0.487078651685393	0.0254548507462279	0.537640449438202	0.0254548507462279	0.949438202247191	0	"model480"
0.208988764044944	0.0164491077073664	0.89438202247191	0.0164491077073664	0.314606741573034	0	"model481"
0.474531835205993	0.0131294050687989	0.497003745318352	0.0131294050687989	0.97752808988764	0	"model482"
0.0900749063670412	0.00848801119770539	0.979588014981273	0.00848801119770537	0.110486891385768	0	"model483"
0.25749063670412	0.0130415620572885	0.25749063670412	0.0130415620572885	1	0	"model484"
0.208614232209738	0.0106007139652204	0.912734082397004	0.0106007139652204	0.295880149812734	0	"model485"
0.0674157303370786	0.00617946001036933	0.98501872659176	0.00617946001036931	0.0823970037453183	0	"model486"
0.504681647940075	0.0198232765395761	0.575842696629214	0.0198232765395761	0.928838951310861	0	"model487"
0.419475655430712	0.0143977061107001	0.432584269662921	0.0143977061107001	0.98689138576779	0	"model488"
0.293071161048689	0.0179890117989882	0.293071161048689	0.0179890117989882	1	0	"model489"
0.0466292134831461	0.00418273796947589	0.990449438202247	0.0041827379694759	0.0561797752808989	0	"model490"
0.163483146067416	0.0151120488556005	0.824531835205992	0.0151120488556006	0.338951310861423	0	"model491"
0.449438202247191	0.0138458633038819	0.468164794007491	0.0138458633038819	0.9812734082397	0	"model492"
0.332771535580524	0.0240960133763453	0.332771535580524	0.0240960133763453	1	0	"model493"
0.332584269662921	0.0232926818913776	0.650936329588015	0.0232926818913776	0.681647940074906	0	"model494"
0.0215355805243446	0.00237695789820971	0.995318352059925	0.00237695789820971	0.0262172284644195	0	"model495"
0.15561797752809	0.0126841079555531	0.764232209737828	0.0126841079555531	0.391385767790262	0	"model496"
0.156554307116105	0.018999263300621	0.817602996254682	0.018999263300621	0.338951310861423	0	"model497"
0.486704119850187	0.0205793798152498	0.507303370786517	0.0205793798152498	0.97940074906367	0	"model498"
0.182584269662921	0.0111751022409289	0.944756554307116	0.0111751022409289	0.237827715355805	0	"model499"
0.00749063670411985	0	1	0	0.00749063670411985	0	"model500"
0.202621722846442	0.0234859301679258	0.725093632958801	0.0234859301679258	0.47752808988764	0	"model501"
0.408801498127341	0.0218396632301866	0.420037453183521	0.0218396632301866	0.98876404494382	0	"model502"
0.0865168539325843	0.00465451982080081	0.983520599250936	0.00465451982080082	0.102996254681648	0	"model503"
0.244756554307116	0.0212610741265692	0.244756554307116	0.0212610741265692	1	0	"model504"
0.474719101123595	0.0167321162967294	0.521535580524345	0.0167321162967293	0.953183520599251	0	"model505"
0.482397003745318	0.0207255989707337	0.525468164794007	0.0207255989707337	0.956928838951311	0	"model506"
0	0	1	0	0	0	"model507"
0.176029962546816	0.0111314322722391	0.750936329588015	0.0111314322722391	0.425093632958801	0	"model508"
0.208614232209738	0.0154221438868237	0.903370786516854	0.0154221438868237	0.305243445692884	0	"model509"
0.147565543071161	0.0140913368884119	0.756179775280899	0.0140913368884119	0.391385767790262	0	"model510"
0.13689138576779	0.0132549351080048	0.797940074906367	0.0132549351080048	0.338951310861423	0	"model511"
0.188202247191011	0.014158921625735	0.188202247191011	0.014158921625735	1	0	"model512"
0.180711610486891	0.0126471907549031	0.843632958801498	0.0126471907549031	0.337078651685393	0	"model513"
0.0865168539325843	0.00610332412563312	0.979775280898876	0.00610332412563309	0.106741573033708	0	"model514"
0	0	1	0	0	0	"model515"
0.202059925093633	0.0224276509635735	0.715168539325843	0.0224276509635735	0.48689138576779	0	"model516"
0.200187265917603	0.00976858997106714	0.930524344569288	0.00976858997106712	0.269662921348315	0	"model517"
0.162172284644195	0.0198419411416568	0.761423220973783	0.0198419411416567	0.400749063670412	0	"model518"
0	0	1	0	0	0	"model519"
0.463857677902622	0.0217502732707635	0.475093632958801	0.0217502732707635	0.98876404494382	0	"model520"
0	0	1	0	0	0	"model521"
0.208239700374532	0.0111942630569088	0.934831460674157	0.0111942630569088	0.273408239700375	0	"model522"
0.36123595505618	0.0270431984671079	0.666479400749064	0.0270431984671079	0.694756554307116	0	"model523"
0.43314606741573	0.0137342525654756	0.582958801498127	0.0137342525654756	0.850187265917603	0	"model524"
0.330337078651685	0.0130996937723592	0.665543071161049	0.0130996937723592	0.664794007490637	0	"model525"
0.360112359550562	0.0212976964500272	0.650374531835206	0.0212976964500273	0.709737827715356	0	"model526"
0.0694756554307116	0.00399207913990499	0.987078651685393	0.003992079139905	0.0823970037453183	0	"model527"
0.241573033707865	0.0254938550020751	0.241573033707865	0.0254938550020751	1	0	"model528"
0.209925093632959	0.0147307919970799	0.895318352059925	0.0147307919970799	0.314606741573034	0	"model529"
0.409737827715356	0.0225722548093419	0.619475655430712	0.0225722548093419	0.790262172284644	0	"model530"
0.246629213483146	0.0184128948299349	0.246629213483146	0.0184128948299349	1	0	"model531"
0.146441947565543	0.0132063416145897	0.80749063670412	0.0132063416145897	0.338951310861423	0	"model532"
0.479962546816479	0.0148519700815718	0.556741573033708	0.0148519700815718	0.923220973782772	0	"model533"
0.209925093632959	0.00960771293798748	0.925280898876405	0.00960771293798747	0.284644194756554	0	"model534"
0.464794007490637	0.0167681731739134	0.502247191011236	0.0167681731739134	0.962546816479401	0	"model535"
0.471910112359551	0.0126086203974558	0.584269662921348	0.0126086203974558	0.887640449438202	0	"model536"
0.308801498127341	0.0234136489796608	0.685205992509363	0.0234136489796608	0.623595505617977	0	"model537"
0.205805243445693	0.0140539574350376	0.904307116104869	0.0140539574350376	0.301498127340824	0	"model538"
0	0	1	0	0	0	"model539"
0.0110486891385768	0.000592186827746887	0.999812734082397	0.000592186827746889	0.0112359550561798	0	"model540"
0.210674157303371	0.00875021583575293	0.935393258426966	0.00875021583575289	0.275280898876405	0	"model541"
0	0	1	0	0	0	"model542"
0.405430711610487	0.0196058661355049	0.414794007490637	0.0196058661355049	0.99063670411985	0	"model543"
0.294569288389513	0.0252797428875209	0.294569288389513	0.0252797428875209	1	0	"model544"
0.0588014981273408	0.00892437752842023	0.0588014981273408	0.00892437752842023	1	0	"model545"
0.487453183520599	0.013959373115595	0.545505617977528	0.013959373115595	0.941947565543071	0	"model546"
0.347752808988764	0.0206096519725573	0.349625468164794	0.0206096519725573	0.99812734082397	0	"model547"
0.425093632958801	0.0297799261969452	0.426966292134831	0.0297799261969452	0.99812734082397	0	"model548"
0.416479400749064	0.0197632342025517	0.6187265917603	0.0197632342025517	0.797752808988764	0	"model549"
0.165355805243446	0.0120411321641867	0.770224719101124	0.0120411321641867	0.395131086142322	0	"model550"
0.207116104868914	0.0094749892439502	0.90187265917603	0.0094749892439502	0.305243445692884	0	"model551"
0.20187265917603	0.00949963165031051	0.892883895131086	0.0094996316503105	0.308988764044944	0	"model552"
0.397565543071161	0.0129456007660849	0.408801498127341	0.0129456007660849	0.98876404494382	0	"model553"
0.159737827715356	0.0202472478213865	0.822659176029963	0.0202472478213865	0.337078651685393	0	"model554"
0.167977528089888	0.013819102544135	0.830898876404494	0.013819102544135	0.337078651685393	0	"model555"
0.375093632958801	0.0177667014408353	0.384456928838951	0.0177667014408353	0.99063670411985	0	"model556"
0.200374531835206	0.00998751560549314	0.874531835205993	0.00998751560549314	0.325842696629214	0	"model557"
0.171348314606742	0.0242764500407366	0.832397003745318	0.0242764500407367	0.338951310861423	0	"model558"
0.097940074906367	0.00878576790025058	0.979962546816479	0.00878576790025056	0.117977528089888	0	"model559"
0.0825842696629213	0.00470861976670315	0.981460674157303	0.00470861976670313	0.101123595505618	0	"model560"
0.197003745318352	0.0144732851397647	0.859925093632959	0.0144732851397647	0.337078651685393	0	"model561"
0.358801498127341	0.0175493467074213	0.641573033707865	0.0175493467074213	0.717228464419476	0	"model562"
0.19625468164794	0.00808117469796867	0.919101123595506	0.00808117469796869	0.277153558052434	0	"model563"
0.393071161048689	0.0325128006375307	0.394943820224719	0.0325128006375307	0.99812734082397	0	"model564"
0	0	1	0	0	0	"model565"
0.479213483146067	0.0218824407067037	0.512921348314607	0.0218824407067037	0.966292134831461	0	"model566"
0.311610486891386	0.0150383846905399	0.714232209737828	0.0150383846905399	0.597378277153558	0	"model567"
0.0434456928838951	0.00412174132814461	0.991011235955056	0.00412174132814462	0.052434456928839	0	"model568"
0.157303370786517	0.00683798448820432	0.962546816479401	0.00683798448820434	0.194756554307116	0	"model569"
0.188389513108614	0.0111033933554852	0.851310861423221	0.0111033933554852	0.337078651685393	0	"model570"
0.35	0.0158273862559456	0.670224719101124	0.0158273862559456	0.679775280898876	0	"model571"
0	0	1	0	0	0	"model572"
0.199438202247191	0.0114506468962822	0.199438202247191	0.0114506468962822	1	0	"model573"
0	0	1	0	0	0	"model574"
0.199250936329588	0.014074736053799	0.862172284644195	0.014074736053799	0.337078651685393	0	"model575"
0.192322097378277	0.0141258593001094	0.860861423220974	0.0141258593001095	0.331460674157303	0	"model576"
0.439138576779026	0.0162116965208746	0.615168539325843	0.0162116965208746	0.823970037453184	0	"model577"
0.486516853932584	0.0192356931802861	0.593258426966292	0.0192356931802861	0.893258426966292	0	"model578"
0.297940074906367	0.0142467127191839	0.702434456928839	0.0142467127191839	0.595505617977528	0	"model579"
0.188014981273408	0.00443152043677874	0.946441947565543	0.00443152043677875	0.241573033707865	0	"model580"
0.181086142322097	0.0141258593001094	0.943258426966292	0.0141258593001095	0.237827715355805	0	"model581"
0.241947565543071	0.0279828728611673	0.721348314606742	0.0279828728611673	0.52059925093633	0	"model582"
0	0	1	0	0	0	"model583"
0.0213483146067416	0.00219810447711099	0.995131086142322	0.00219810447711099	0.0262172284644195	0	"model584"
0.201123595505618	0.00874798903438444	0.869662921348315	0.00874798903438447	0.331460674157303	0	"model585"
0.205056179775281	0.0140484112795592	0.903558052434457	0.0140484112795592	0.301498127340824	0	"model586"
0	0	1	0	0	0	"model587"
0.210299625468165	0.0142083708622606	0.884456928838951	0.0142083708622605	0.325842696629214	0	"model588"
0.461048689138577	0.0301414757279356	0.481647940074906	0.0301414757279356	0.97940074906367	0	"model589"
0.17434456928839	0.014355696619357	0.17434456928839	0.014355696619357	1	0	"model590"
0.0172284644194757	0.00172085502522974	0.998501872659176	0.00172085502522974	0.0187265917602996	0	"model591"
0.453932584269663	0.017769990860083	0.61310861423221	0.017769990860083	0.840823970037453	0	"model592"
0.211048689138577	0.00846962891040486	0.900187265917603	0.00846962891040486	0.310861423220974	0	"model593"
0.439887640449438	0.0204654604246818	0.456741573033708	0.0204654604246818	0.98314606741573	0	"model594"
0.18314606741573	0.0161285621570224	0.846067415730337	0.0161285621570224	0.337078651685393	0	"model595"
0.0213483146067416	0.00201304812691599	0.995131086142322	0.002013048126916	0.0262172284644195	0	"model596"
0.233707865168539	0.0222768619457633	0.71310861423221	0.0222768619457632	0.52059925093633	0	"model597"
0.192883895131086	0.0163493144241059	0.855805243445693	0.0163493144241058	0.337078651685393	0	"model598"
0.395318352059925	0.0194502298901945	0.397191011235955	0.0194502298901945	0.99812734082397	0	"model599"
0.137640449438202	0.00926919001555399	0.963483146067416	0.00926919001555402	0.174157303370787	0	"model600"
0.207116104868914	0.0197829402939989	0.8812734082397	0.0197829402939989	0.325842696629214	0	"model601"
0.438202247191011	0.0167960350150733	0.447565543071161	0.0167960350150733	0.99063670411985	0	"model602"
0.185205992509363	0.0169219969306699	0.84812734082397	0.0169219969306699	0.337078651685393	0	"model603"
0.0421348314606742	0.00531503944005194	0.989700374531835	0.00531503944005195	0.052434456928839	0	"model604"
0.210861423220974	0.0145109270372487	0.89438202247191	0.0145109270372487	0.316479400749064	0	"model605"
0.143445692883895	0.0175493467074213	0.789513108614232	0.0175493467074213	0.353932584269663	0	"model606"
0	0	1	0	0	0	"model607"
0.211423220973783	0.0101212180493245	0.894943820224719	0.0101212180493245	0.316479400749064	0	"model608"
0.427153558052434	0.0208240673376627	0.608801498127341	0.0208240673376627	0.818352059925094	0	"model609"
0.154681647940075	0.00909734666778361	0.815730337078652	0.00909734666778363	0.338951310861423	0	"model610"
0.00561797752808989	0	1	0	0.00561797752808989	0	"model611"
0.167415730337079	0.0154473888601572	0.167415730337079	0.0154473888601572	1	0	"model612"
0.173595505617978	0.00530035698261019	0.948876404494382	0.0053003569826102	0.224719101123595	0	"model613"
0.159925093632959	0.0164254023949955	0.792883895131086	0.0164254023949955	0.367041198501873	0	"model614"
0.488014981273408	0.0153715295596718	0.596629213483146	0.0153715295596718	0.891385767790262	0	"model615"
0.246067415730337	0.0111733587192332	0.246067415730337	0.0111733587192332	1	0	"model616"
0.207677902621723	0.0148886546083696	0.881835205992509	0.0148886546083696	0.325842696629214	0	"model617"
0.0194756554307116	0.00219810447711099	0.997003745318352	0.00219810447711099	0.0224719101123595	0	"model618"
0.164232209737828	0.0177667014408353	0.776591760299626	0.0177667014408353	0.387640449438202	0	"model619"
0.255430711610487	0.014074736053799	0.255430711610487	0.014074736053799	1	0	"model620"
0.153558052434457	0.0155930037413194	0.788389513108614	0.0155930037413193	0.365168539325843	0	"model621"
0.345318352059925	0.0140192579661721	0.654307116104869	0.0140192579661721	0.691011235955056	0	"model622"
0.182022471910112	0.00877467335371065	0.844943820224719	0.00877467335371062	0.337078651685393	0	"model623"
0	0	1	0	0	0	"model624"
0.430337078651685	0.025429580819128	0.441573033707865	0.025429580819128	0.98876404494382	0	"model625"
0.161985018726592	0.0135399575302646	0.823033707865169	0.0135399575302646	0.338951310861423	0	"model626"
0.211797752808989	0.0134880580131293	0.940262172284644	0.0134880580131293	0.271535580524345	0	"model627"
0.205430711610487	0.00823638945320637	0.918913857677903	0.00823638945320638	0.286516853932584	0	"model628"
0	0	1	0	0	0	"model629"
0.264232209737828	0.0155040397571631	0.264232209737828	0.0155040397571631	1	0	"model630"
0.314794007490637	0.019369931353966	0.314794007490637	0.019369931353966	1	0	"model631"
0.460112359550562	0.0155692462942923	0.478838951310861	0.0155692462942923	0.9812734082397	0	"model632"
0.146816479400749	0.00739641110791442	0.770411985018727	0.00739641110791444	0.376404494382022	0	"model633"
0.272097378277154	0.0140150882566763	0.272097378277154	0.0140150882566763	1	0	"model634"
0.450187265917603	0.0242113580666135	0.468913857677903	0.0242113580666135	0.9812734082397	0	"model635"
0	0	1	0	0	0	"model636"
0.333333333333333	0.0199359793042089	0.649812734082397	0.0199359793042089	0.683520599250936	0	"model637"
0.138389513108614	0.0108639341595151	0.769475655430712	0.0108639341595151	0.368913857677903	0	"model638"
0.150187265917603	0.020755657868285	0.760674157303371	0.020755657868285	0.389513108614232	0	"model639"
0.199438202247191	0.00723933427262372	0.899812734082397	0.00723933427262374	0.299625468164794	0	"model640"
0.230898876404494	0.0131841944555965	0.230898876404494	0.0131841944555965	1	0	"model641"
0.204681647940075	0.00738850473354572	0.93314606741573	0.00738850473354569	0.271535580524345	0	"model642"
0.192322097378277	0.00804493064611669	0.855243445692884	0.00804493064611671	0.337078651685393	0	"model643"
0.210674157303371	0.0138809962284251	0.890449438202247	0.0138809962284251	0.320224719101124	0	"model644"
0.19625468164794	0.00788594841316043	0.859176029962547	0.00788594841316045	0.337078651685393	0	"model645"
0.232584269662921	0.0128776998334358	0.232584269662921	0.0128776998334358	1	0	"model646"
0.157303370786517	0.0181989759514523	0.157303370786517	0.0181989759514523	1	0	"model647"
0.284644194756554	0.0165388780268312	0.284644194756554	0.0165388780268312	1	0	"model648"
0.190074906367041	0.00723933427262372	0.941011235955056	0.00723933427262372	0.249063670411985	0	"model649"
0.221348314606742	0.0264362765194835	0.723220973782772	0.0264362765194835	0.49812734082397	0	"model650"
0.483895131086142	0.0214099176164517	0.500749063670412	0.0214099176164517	0.98314606741573	0	"model651"
0.275093632958802	0.0172187365106968	0.275093632958802	0.0172187365106968	1	0	"model652"
0.205056179775281	0.0123982672072667	0.903558052434457	0.0123982672072667	0.301498127340824	0	"model653"
0.211797752808989	0.0124045511748304	0.902808988764045	0.0124045511748304	0.308988764044944	0	"model654"
0.303183520599251	0.019629700648776	0.696441947565543	0.019629700648776	0.606741573033708	0	"model655"
0.173220973782772	0.0103043533203615	0.955992509363296	0.0103043533203616	0.217228464419476	0	"model656"
0.162734082397004	0.017105215121995	0.823782771535581	0.017105215121995	0.338951310861423	0	"model657"
0.209925093632959	0.0111471731694813	0.930898876404494	0.0111471731694812	0.279026217228464	0	"model658"
0.45187265917603	0.0222812343303361	0.46685393258427	0.0222812343303361	0.98501872659176	0	"model659"
0.463483146067416	0.014323088521328	0.525280898876405	0.014323088521328	0.938202247191011	0	"model660"
0.410861423220974	0.0160413539123504	0.420224719101124	0.0160413539123504	0.99063670411985	0	"model661"
0.483707865168539	0.0253874083784909	0.571722846441948	0.0253874083784909	0.911985018726592	0	"model662"
0.404681647940075	0.0217395217756573	0.415917602996255	0.0217395217756573	0.98876404494382	0	"model663"
0.460299625468165	0.0182374742395257	0.480898876404494	0.0182374742395257	0.97940074906367	0	"model664"
0.186516853932584	0.0105638930343601	0.937453183520599	0.0105638930343601	0.249063670411985	0	"model665"
0.205243445692884	0.0132769642658132	0.90187265917603	0.0132769642658132	0.303370786516854	0	"model666"
0.152621722846442	0.0201546620361585	0.798689138576779	0.0201546620361585	0.353932584269663	0	"model667"
0.194194756554307	0.0153423507127557	0.858988764044944	0.0153423507127557	0.335205992509363	0	"model668"
0.461985018726592	0.0184551699282416	0.583707865168539	0.0184551699282416	0.878277153558052	0	"model669"
0.479962546816479	0.0174122621043773	0.521161048689139	0.0174122621043773	0.958801498127341	0	"model670"
0.441573033707865	0.0185971389107203	0.610112359550562	0.0185971389107203	0.831460674157303	0	"model671"
0.494007490636704	0.0259903385950267	0.546441947565543	0.0259903385950267	0.947565543071161	0	"model672"
0.505243445692884	0.020849312607383	0.589513108614232	0.020849312607383	0.915730337078652	0	"model673"
0.450749063670412	0.0143719729246067	0.469475655430712	0.0143719729246067	0.9812734082397	0	"model674"
0.150749063670412	0.0129214990914385	0.811797752808989	0.0129214990914385	0.338951310861423	0	"model675"
0.134456928838951	0.015712492107418	0.782397003745318	0.015712492107418	0.352059925093633	0	"model676"
0.198876404494382	0.0131768037972122	0.873033707865169	0.0131768037972123	0.325842696629214	0	"model677"
0.479213483146067	0.0201778483101887	0.582209737827715	0.0201778483101887	0.897003745318352	0	"model678"
0.113857677902622	0.0076857647798359	0.977153558052434	0.00768576477983587	0.136704119850187	0	"model679"
0.306741573033708	0.0133530506438162	0.306741573033708	0.0133530506438162	1	0	"model680"
0.214232209737828	0.0085679700058794	0.916479400749064	0.00856797000587939	0.297752808988764	0	"model681"
0.206179775280899	0.00703182897210434	0.925280898876405	0.00703182897210432	0.280898876404494	0	"model682"
0	0	1	0	0	0	"model683"
0.25187265917603	0.0176611165428154	0.25187265917603	0.0176611165428154	1	0	"model684"
0.100561797752809	0.0045056385599547	0.976966292134831	0.00450563855995467	0.123595505617978	0	"model685"
0.470786516853933	0.0193850126658617	0.515730337078652	0.0193850126658617	0.955056179775281	0	"model686"
0.193820224719101	0.00805461167326089	0.941011235955056	0.00805461167326087	0.252808988764045	0	"model687"
0.300749063670412	0.0132475839149886	0.701498127340824	0.0132475839149886	0.599250936329588	0	"model688"
0.347191011235955	0.0137668402018379	0.658052434456929	0.0137668402018379	0.689138576779026	0	"model689"
0.177153558052434	0.00770601715955604	0.946816479400749	0.00770601715955603	0.230337078651685	0	"model690"
0.282209737827715	0.0233068967291716	0.711048689138577	0.0233068967291717	0.571161048689139	0	"model691"
0.0713483146067416	0.00581898685963616	0.981460674157303	0.00581898685963615	0.0898876404494382	0	"model692"
0.358614232209738	0.0203662148577721	0.367977528089888	0.0203662148577721	0.99063670411985	0	"model693"
0.285955056179775	0.0192609973207483	0.707303370786517	0.0192609973207483	0.578651685393258	0	"model694"
0.345505617977528	0.0194862562781373	0.663857677902622	0.0194862562781373	0.681647940074906	0	"model695"
0.0724719101123596	0.00154170899316211	0.988202247191011	0.00154170899316211	0.0842696629213483	0	"model696"
0.479026217228464	0.0185761749327899	0.548314606741573	0.0185761749327899	0.930711610486891	0	"model697"
0.222097378277154	0.0251119491417462	0.222097378277154	0.0251119491417462	1	0	"model698"
0.458988764044944	0.0238913933026564	0.517041198501873	0.0238913933026564	0.941947565543071	0	"model699"
0.180898876404494	0.0176379355929582	0.725842696629214	0.0176379355929582	0.455056179775281	0	"model700"
0	0	1	0	0	0	"model701"
0.340262172284644	0.0229021444934727	0.658614232209738	0.0229021444934727	0.681647940074906	0	"model702"
0.205805243445693	0.0106465610521044	0.904307116104869	0.0106465610521045	0.301498127340824	0	"model703"
0.292134831460674	0.0161092233465218	0.292134831460674	0.0161092233465218	1	0	"model704"
0.0170411985018727	0.00163969107822268	0.998314606741573	0.00163969107822269	0.0187265917602996	0	"model705"
0.140262172284644	0.00588556782338236	0.966104868913858	0.00588556782338237	0.174157303370787	0	"model706"
0.234644194756554	0.0152404239858717	0.234644194756554	0.0152404239858717	1	0	"model707"
0.186142322097378	0.0094749892439502	0.849063670411985	0.00947498924395018	0.337078651685393	0	"model708"
0.424157303370786	0.0195062421872656	0.435393258426966	0.0195062421872656	0.98876404494382	0	"model709"
0.476217228464419	0.0195222161829305	0.523033707865169	0.0195222161829305	0.953183520599251	0	"model710"
0.193071161048689	0.0108997415544266	0.934644194756554	0.0108997415544266	0.258426966292135	0	"model711"
0.4687265917603	0.0172774728593461	0.607303370786517	0.0172774728593461	0.861423220973783	0	"model712"
0.497940074906367	0.0321391332931418	0.580337078651685	0.0321391332931418	0.917602996254682	0	"model713"
0.0129213483146067	0.000592186827746888	0.999812734082397	0.000592186827746889	0.0131086142322097	0	"model714"
0.0149812734082397	0	1	0	0.0149812734082397	0	"model715"
0.0224719101123595	0.00292785003734297	0.99625468164794	0.00292785003734297	0.0262172284644195	0	"model716"
0.293445692883895	0.0217502732707635	0.699812734082397	0.0217502732707634	0.593632958801498	0	"model717"
0.0719101123595506	0.004851275712291	0.985767790262172	0.00485127571229101	0.0861423220973783	0	"model718"
0.278651685393258	0.0113326399180127	0.278651685393258	0.0113326399180127	1	0	"model719"
0.159176029962547	0.00678076185468178	0.960674157303371	0.0067807618546818	0.198501872659176	0	"model720"
0.219662921348315	0.0230378520406748	0.219662921348315	0.0230378520406748	1	0	"model721"
0.399438202247191	0.0140150882566763	0.626029962546817	0.0140150882566763	0.773408239700375	0	"model722"
0.379775280898876	0.0200101127641926	0.389138576779026	0.0200101127641926	0.99063670411985	0	"model723"
0.0456928838951311	0.00332656993619831	0.993258426966292	0.00332656993619832	0.052434456928839	0	"model724"
0.00561797752808989	0	1	0	0.00561797752808989	0	"model725"
0.0533707865168539	0.003972510006666	0.987827715355805	0.00397251000666601	0.0655430711610487	0	"model726"
0.209737827715356	0.0109550117195907	0.893258426966292	0.0109550117195907	0.316479400749064	0	"model727"
0.363483146067416	0.0180149855992547	0.64625468164794	0.0180149855992547	0.717228464419476	0	"model728"
0.214794007490637	0.0129456007660849	0.903932584269663	0.0129456007660849	0.310861423220974	0	"model729"
0.196629213483146	0.0233728404829576	0.734082397003745	0.0233728404829576	0.462546816479401	0	"model730"
0.374531835205993	0.0176556000296267	0.376404494382022	0.0176556000296267	0.99812734082397	0	"model731"
0.0204119850187266	0.0024095204825991	0.994194756554307	0.0024095204825991	0.0262172284644195	0	"model732"
0	0	1	0	0	0	"model733"
0.18314606741573	0.00732228629144329	0.954681647940075	0.0073222862914433	0.228464419475655	0	"model734"
0.149063670411985	0.011242888691555	0.961797752808989	0.011242888691555	0.187265917602996	0	"model735"
0.439325842696629	0.0249094175522923	0.617228464419476	0.0249094175522923	0.822097378277154	0	"model736"
0.483707865168539	0.0174346256662582	0.556741573033708	0.0174346256662582	0.926966292134832	0	"model737"
0.304681647940075	0.0199174028255036	0.304681647940075	0.0199174028255036	1	0	"model738"
0.399812734082397	0.0161394300547414	0.401685393258427	0.0161394300547415	0.99812734082397	0	"model739"
0.0541198501872659	0.0050287475808047	0.990449438202247	0.00502874758080471	0.0636704119850187	0	"model740"
0.413857677902622	0.0126086203974558	0.419475655430712	0.0126086203974558	0.99438202247191	0	"model741"
0.153370786516854	0.0174435630630601	0.153370786516854	0.0174435630630601	1	0	"model742"
0.145318352059925	0.0182246505129387	0.797003745318352	0.0182246505129387	0.348314606741573	0	"model743"
0.12565543071161	0.00436507708790189	0.966479400749064	0.00436507708790191	0.159176029962547	0	"model744"
0.158239700374532	0.00545969278543567	0.959737827715356	0.00545969278543569	0.198501872659176	0	"model745"
0.291947565543071	0.0228578660644265	0.291947565543071	0.0228578660644265	1	0	"model746"
0.181086142322097	0.0137342525654756	0.939513108614232	0.0137342525654756	0.241573033707865	0	"model747"
0.330711610486891	0.01885515585322	0.330711610486891	0.01885515585322	1	0	"model748"
0.186516853932584	0.00819607868273151	0.853183520599251	0.00819607868273151	0.333333333333333	0	"model749"
0.0749063670411985	0.00536974111550726	0.9812734082397	0.00536974111550724	0.0936329588014981	0	"model750"
0	0	1	0	0	0	"model751"
0.456179775280899	0.0202116139473883	0.577902621722846	0.0202116139473883	0.878277153558052	0	"model752"
0.199438202247191	0.0108567585086929	0.873595505617977	0.0108567585086929	0.325842696629214	0	"model753"
0	0	1	0	0	0	"model754"
0.0953183520599251	0.0050287475808047	0.977340823970037	0.00502874758080466	0.117977528089888	0	"model755"
0	0	1	0	0	0	"model756"
0.209925093632959	0.00614468149928824	0.908426966292135	0.00614468149928826	0.301498127340824	0	"model757"
0.00187265917602996	0	1	0	0.00187265917602996	0	"model758"
0.357303370786517	0.0148978116256442	0.67565543071161	0.0148978116256442	0.681647940074906	0	"model759"
0.29438202247191	0.0186389961297989	0.29438202247191	0.0186389961297989	1	0	"model760"
0.0397003745318352	0.00290111112075462	0.992883895131086	0.00290111112075463	0.0468164794007491	0	"model761"
0	0	1	0	0	0	"model762"
0.157116104868914	0.0157533569153323	0.808801498127341	0.0157533569153323	0.348314606741573	0	"model763"
0.357303370786517	0.017695280539228	0.359176029962547	0.017695280539228	0.99812734082397	0	"model764"
0.441385767790262	0.019760276593845	0.445131086142322	0.019760276593845	0.99625468164794	0	"model765"
0	0	1	0	0	0	"model766"
0.19812734082397	0.0270049891117215	0.19812734082397	0.0270049891117215	1	0	"model767"
0.133520599250936	0.0102967877148479	0.97059925093633	0.0102967877148479	0.162921348314607	0	"model768"
0.482771535580524	0.0222593638188422	0.533333333333333	0.0222593638188422	0.949438202247191	0	"model769"
0.198876404494382	0.00899396437169931	0.942322097378277	0.0089939643716993	0.256554307116105	0	"model770"
0.376779026217228	0.0242852762362803	0.378651685393258	0.0242852762362803	0.99812734082397	0	"model771"
0	0	1	0	0	0	"model772"
0.44063670411985	0.0135053800125783	0.590449438202247	0.0135053800125783	0.850187265917603	0	"model773"
0.148501872659176	0.0149565443010063	0.783333333333333	0.0149565443010063	0.365168539325843	0	"model774"
0.0280898876404494	0.00318290856029512	0.99250936329588	0.00318290856029513	0.0355805243445693	0	"model775"
0.110674157303371	0.00756568727896414	0.970224719101124	0.00756568727896414	0.140449438202247	0	"model776"
0.180898876404494	0.0160898612922334	0.740823970037453	0.0160898612922334	0.440074906367041	0	"model777"
0.419662921348315	0.0165023201569757	0.421535580524345	0.0165023201569757	0.99812734082397	0	"model778"
0.171161048689139	0.0188758099900437	0.834082397003745	0.0188758099900437	0.337078651685393	0	"model779"
0.217977528089888	0.0152186766119059	0.217977528089888	0.0152186766119059	1	0	"model780"
0.207116104868914	0.0115168116411973	0.87940074906367	0.0115168116411973	0.327715355805243	0	"model781"
0.213295880149813	0.00811245522910598	0.902434456928839	0.008112455229106	0.310861423220974	0	"model782"
0.45374531835206	0.0158667273419732	0.597940074906367	0.0158667273419732	0.855805243445693	0	"model783"
0.108988764044944	0.00584237650776409	0.974157303370787	0.00584237650776406	0.134831460674157	0	"model784"
0	0	1	0	0	0	"model785"
0.197565543071161	0.0156242085028512	0.864232209737828	0.0156242085028512	0.333333333333333	0	"model786"
0.479213483146067	0.0171734180046597	0.507303370786517	0.0171734180046597	0.971910112359551	0	"model787"
0.444194756554307	0.0212014279304407	0.562172284644195	0.0212014279304407	0.882022471910112	0	"model788"
0.432209737827715	0.016224910458212	0.619475655430712	0.016224910458212	0.812734082397004	0	"model789"
0.209925093632959	0.0101596434648558	0.927153558052434	0.0101596434648558	0.282771535580524	0	"model790"
0.308801498127341	0.0168527765821705	0.688951310861423	0.0168527765821706	0.619850187265918	0	"model791"
0.170973782771536	0.0132431712404927	0.170973782771536	0.0132431712404927	1	0	"model792"
0	0	1	0	0	0	"model793"
0.21685393258427	0.00978254083603483	0.915355805243446	0.00978254083603485	0.301498127340824	0	"model794"
0.178089887640449	0.019127013208684	0.841011235955056	0.019127013208684	0.337078651685393	0	"model795"
0.00187265917602996	0	1	0	0.00187265917602996	0	"model796"
0.359550561797753	0.0266301236051205	0.361423220973783	0.0266301236051205	0.99812734082397	0	"model797"
0.425280898876404	0.0232801321794926	0.62565543071161	0.0232801321794926	0.799625468164794	0	"model798"
0.440823970037453	0.0160898612922334	0.61123595505618	0.0160898612922334	0.829588014981273	0	"model799"
0.144756554307116	0.0144800140838912	0.775842696629213	0.0144800140838912	0.368913857677903	0	"model800"
0.29063670411985	0.017067587365927	0.691385767790262	0.017067587365927	0.599250936329588	0	"model801"
0.413857677902622	0.0163254642080175	0.425093632958801	0.0163254642080175	0.98876404494382	0	"model802"
0.160112359550562	0.0079572714007378	0.959737827715356	0.00795727140073782	0.200374531835206	0	"model803"
0.419101123595506	0.0223641472183867	0.640074906367041	0.0223641472183867	0.779026217228464	0	"model804"
0.185205992509363	0.0209917956655129	0.84812734082397	0.0209917956655129	0.337078651685393	0	"model805"
0.221722846441948	0.02186017121659	0.221722846441948	0.02186017121659	1	0	"model806"
0	0	1	0	0	0	"model807"
0.47434456928839	0.0247186282253407	0.506179775280899	0.0247186282253407	0.968164794007491	0	"model808"
0.19625468164794	0.0130579843845122	0.859176029962547	0.0130579843845123	0.337078651685393	0	"model809"
0.213670411985019	0.0117926324355377	0.887827715355805	0.0117926324355376	0.325842696629214	0	"model810"
0.0187265917602996	0.00330306031343894	0.99625468164794	0.00330306031343895	0.0224719101123595	0	"model811"
0.377902621722846	0.0143651933719276	0.379775280898876	0.0143651933719276	0.99812734082397	0	"model812"
0.339138576779026	0.0212317307859215	0.679962546816479	0.0212317307859215	0.659176029962547	0	"model813"
0	0	1	0	0	0	"model814"
0.0395131086142322	0.00346989815472841	0.990823970037453	0.00346989815472842	0.048689138576779	0	"model815"
0.426029962546816	0.0271122707621523	0.437265917602996	0.0271122707621523	0.98876404494382	0	"model816"
0.382209737827715	0.0253320947073987	0.391573033707865	0.0253320947073987	0.99063670411985	0	"model817"
0.049250936329588	0.00342468582380654	0.991198501872659	0.00342468582380655	0.0580524344569288	0	"model818"
0.465543071161049	0.0204607000188523	0.486142322097378	0.0204607000188523	0.97940074906367	0	"model819"
0.00561797752808989	0	1	0	0.00561797752808989	0	"model820"
0.20936329588015	0.013641736209386	0.907865168539326	0.013641736209386	0.301498127340824	0	"model821"
0.00187265917602996	0	1	0	0.00187265917602996	0	"model822"
0.377340823970037	0.0196257302400281	0.650749063670412	0.0196257302400281	0.726591760299625	0	"model823"
0.347003745318352	0.0181142068163093	0.652247191011236	0.0181142068163093	0.694756554307116	0	"model824"
0.159925093632959	0.0136531566686565	0.820973782771536	0.0136531566686565	0.338951310861423	0	"model825"
0.502059925093633	0.0284475769870287	0.558239700374532	0.0284475769870287	0.943820224719101	0	"model826"
0.200561797752809	0.0207114938451435	0.863483146067416	0.0207114938451435	0.337078651685393	0	"model827"
0.00561797752808989	0	1	0	0.00561797752808989	0	"model828"
0.233707865168539	0.0149239435728026	0.70374531835206	0.0149239435728026	0.529962546816479	0	"model829"
0.399625468164794	0.0162824457822353	0.401498127340824	0.0162824457822353	0.99812734082397	0	"model830"
0.189513108614232	0.010586000961648	0.852434456928839	0.010586000961648	0.337078651685393	0	"model831"
0.28314606741573	0.0120006140731065	0.28314606741573	0.0120006140731065	1	0	"model832"
0.207116104868914	0.0121426381181402	0.90374531835206	0.0121426381181401	0.303370786516854	0	"model833"
0.388014981273408	0.0182588271027572	0.397378277153558	0.0182588271027572	0.99063670411985	0	"model834"
0.214794007490637	0.0150085581749213	0.918913857677903	0.0150085581749213	0.295880149812734	0	"model835"
0.25561797752809	0.0135399575302646	0.25561797752809	0.0135399575302646	1	0	"model836"
0.276779026217228	0.00908019802545228	0.276779026217228	0.00908019802545228	1	0	"model837"
0.210299625468165	0.0125171231423455	0.901310861423221	0.0125171231423456	0.308988764044944	0	"model838"
0.182397003745318	0.0177919047799399	0.729213483146067	0.0177919047799399	0.453183520599251	0	"model839"
0.406179775280899	0.0199838073729415	0.417415730337079	0.0199838073729415	0.98876404494382	0	"model840"
0.0331460674157303	0.0029344966975139	0.993820224719101	0.0029344966975139	0.0393258426966292	0	"model841"
0.427902621722846	0.0161635547768091	0.429775280898876	0.0161635547768091	0.99812734082397	0	"model842"
0.181647940074906	0.00683798448820432	0.955056179775281	0.00683798448820434	0.226591760299625	0	"model843"
0.209737827715356	0.0108118027938132	0.934456928838951	0.0108118027938132	0.275280898876405	0	"model844"
0.211423220973783	0.0119892444693478	0.696441947565543	0.0119892444693478	0.51498127340824	0	"model845"
0.197940074906367	0.0117462827744046	0.939513108614232	0.0117462827744045	0.258426966292135	0	"model846"
0.378838951310861	0.0183705224464687	0.382584269662921	0.0183705224464687	0.99625468164794	0	"model847"
0.307116104868914	0.0176776557534411	0.307116104868914	0.0176776557534411	1	0	"model848"
0.0226591760299625	0.0040885200733615	0.990823970037453	0.00408852007336151	0.0318352059925094	0	"model849"
0	0	1	0	0	0	"model850"
0.238389513108614	0.0175682092231577	0.725280898876405	0.0175682092231577	0.51310861423221	0	"model851"
0.245318352059925	0.0234726537789802	0.245318352059925	0.0234726537789802	1	0	"model852"
0.486704119850187	0.0159500049639482	0.561610486891386	0.0159500049639482	0.925093632958802	0	"model853"
0.440823970037453	0.0136245875712942	0.450187265917603	0.0136245875712942	0.99063670411985	0	"model854"
0.0915730337078652	0.0064539610614546	0.977340823970037	0.00645396106145457	0.114232209737828	0	"model855"
0.00561797752808989	0	1	0	0.00561797752808989	0	"model856"
0.198314606741573	0.0131071279105051	0.939887640449438	0.0131071279105051	0.258426966292135	0	"model857"
0.450374531835206	0.0201739857817632	0.461610486891386	0.0201739857817632	0.98876404494382	0	"model858"
0.344756554307116	0.0213962636211322	0.346629213483146	0.0213962636211322	0.99812734082397	0	"model859"
0.210112359550562	0.00912300919173289	0.891760299625468	0.00912300919173287	0.318352059925094	0	"model860"
0.187453183520599	0.0113205994684681	0.850374531835206	0.0113205994684681	0.337078651685393	0	"model861"
0.402247191011236	0.0201846059563927	0.404119850187266	0.0201846059563927	0.99812734082397	0	"model862"
0.32247191011236	0.017067587365927	0.687640449438202	0.017067587365927	0.634831460674157	0	"model863"
0.195318352059925	0.0108136046108066	0.869475655430712	0.0108136046108066	0.325842696629214	0	"model864"
0.296816479400749	0.0144044703610666	0.690074906367041	0.0144044703610666	0.606741573033708	0	"model865"
0.192883895131086	0.014013698077805	0.855805243445693	0.014013698077805	0.337078651685393	0	"model866"
0.189700374531835	0.0072285614477973	0.94063670411985	0.00722856144779731	0.249063670411985	0	"model867"
0.0696629213483146	0.00372445290641106	0.985393258426966	0.00372445290641107	0.0842696629213483	0	"model868"
0.149250936329588	0.0151892041334332	0.810299625468165	0.0151892041334332	0.338951310861423	0	"model869"
0.157677902621723	0.0189088096830514	0.730711610486891	0.0189088096830514	0.426966292134831	0	"model870"
0.142883895131086	0.00558667935961659	0.96310861423221	0.0055866793596166	0.179775280898876	0	"model871"
0.0254681647940075	0.00451859202767887	0.991760299625468	0.00451859202767888	0.0337078651685393	0	"model872"
0.459737827715356	0.0152710734366106	0.478464419475655	0.0152710734366106	0.9812734082397	0	"model873"
0.189325842696629	0.0108280083529366	0.940262172284644	0.0108280083529366	0.249063670411985	0	"model874"
0.187827715355805	0.017919564274973	0.742134831460674	0.017919564274973	0.445692883895131	0	"model875"
0.443071161048689	0.0179879287433986	0.632209737827715	0.0179879287433986	0.810861423220974	0	"model876"
0.360299625468165	0.0242595911140896	0.661797752808989	0.0242595911140896	0.698501872659176	0	"model877"
0.123782771535581	0.00663260996711086	0.968352059925094	0.00663260996711084	0.155430711610487	0	"model878"
0.0155430711610487	0.00126394860994486	0.998689138576779	0.00126394860994486	0.0168539325842697	0	"model879"
0.485767790262172	0.0153461597956247	0.525093632958802	0.0153461597956247	0.960674157303371	0	"model880"
0.384831460674157	0.0221971340657859	0.394194756554307	0.022197134065786	0.99063670411985	0	"model881"
0.147940074906367	0.0201884664529291	0.777153558052434	0.0201884664529291	0.370786516853933	0	"model882"
0.348314606741573	0.0157422224880381	0.348314606741573	0.0157422224880381	1	0	"model883"
0.217041198501873	0.0114233915243471	0.924906367041199	0.0114233915243471	0.292134831460674	0	"model884"
0.488951310861423	0.0214689845840237	0.550749063670412	0.0214689845840237	0.938202247191011	0	"model885"
0.459176029962547	0.0176290967371824	0.472284644194757	0.0176290967371824	0.98689138576779	0	"model886"
0.385955056179775	0.0209732254250898	0.387827715355805	0.0209732254250898	0.99812734082397	0	"model887"
0.050936329588015	0.0031583297479834	0.987265917602996	0.00315832974798341	0.0636704119850187	0	"model888"
0.282022471910112	0.0210427793250545	0.282022471910112	0.0210427793250545	1	0	"model889"
0	0	1	0	0	0	"model890"
0.158614232209738	0.00846962891040487	0.961985018726592	0.00846962891040489	0.196629213483146	0	"model891"
0.426404494382022	0.0275796353003002	0.428277153558052	0.0275796353003002	0.99812734082397	0	"model892"
0.185955056179775	0.01123768886609	0.94438202247191	0.01123768886609	0.241573033707865	0	"model893"
0.293632958801498	0.0225722548093419	0.293632958801498	0.0225722548093419	1	0	"model894"
0.0707865168539326	0.00737530860811083	0.980898876404494	0.0073753086081108	0.0898876404494382	0	"model895"
0.169475655430712	0.0146724834875695	0.830524344569288	0.0146724834875695	0.338951310861423	0	"model896"
0.480524344569288	0.0231079363823717	0.566666666666667	0.0231079363823717	0.913857677902622	0	"model897"
0.354494382022472	0.0163027741842545	0.354494382022472	0.0163027741842545	1	0	"model898"
0	0	1	0	0	0	"model899"
0.155430711610487	0.0196207660992531	0.816479400749064	0.0196207660992531	0.338951310861423	0	"model900"
0.328838951310861	0.0226308707075824	0.641573033707865	0.0226308707075823	0.687265917602996	0	"model901"
0.0207865168539326	0.00311485017475022	0.996441947565543	0.00311485017475023	0.0243445692883895	0	"model902"
0.132397003745318	0.00744105521607271	0.961985018726592	0.00744105521607273	0.170411985018727	0	"model903"
0.205992509363296	0.0170949612205108	0.205992509363296	0.0170949612205108	1	0	"model904"
0	0	1	0	0	0	"model905"
0.223595505617978	0.0161623493959373	0.223595505617978	0.0161623493959373	1	0	"model906"
0.159550561797753	0.016392157365463	0.81498127340824	0.016392157365463	0.344569288389513	0	"model907"
0.210299625468165	0.0103721954429462	0.884456928838951	0.0103721954429462	0.325842696629214	0	"model908"
0.221722846441948	0.00800365564285873	0.923970037453184	0.00800365564285872	0.297752808988764	0	"model909"
0.288576779026217	0.0159500049639482	0.683707865168539	0.0159500049639482	0.604868913857678	0	"model910"
0.25936329588015	0.0295335761352899	0.712546816479401	0.0295335761352899	0.546816479400749	0	"model911"
0.146629213483146	0.00794747180169874	0.96310861423221	0.00794747180169876	0.183520599250936	0	"model912"
0.150561797752809	0.0170310204522197	0.802247191011236	0.0170310204522197	0.348314606741573	0	"model913"
0.00561797752808989	0	1	0	0.00561797752808989	0	"model914"
0.194943820224719	0.015728603039394	0.865355805243446	0.015728603039394	0.329588014981273	0	"model915"
0.46310861423221	0.0149304694131481	0.582958801498127	0.0149304694131481	0.880149812734082	0	"model916"
0.164232209737828	0.00395284399475345	0.960112359550562	0.00395284399475346	0.204119850187266	0	"model917"
0.271348314606742	0.0166433882893303	0.271348314606742	0.0166433882893303	1	0	"model918"
0.184269662921348	0.00883662340533652	0.952059925093633	0.00883662340533655	0.232209737827715	0	"model919"
0.103370786516854	0.00481904096519819	0.974157303370787	0.00481904096519817	0.129213483146067	0	"model920"
0.198314606741573	0.0120540691887768	0.945505617977528	0.0120540691887768	0.252808988764045	0	"model921"
0.201310861423221	0.0130116501783245	0.892322097378277	0.0130116501783245	0.308988764044944	0	"model922"
0.0112359550561798	0	1	0	0.0112359550561798	0	"model923"
0.168352059925094	0.0100050563820963	0.960486891385768	0.0100050563820963	0.207865168539326	0	"model924"
0.160674157303371	0.0157372713250007	0.821722846441948	0.0157372713250007	0.338951310861423	0	"model925"
0.302247191011236	0.0104898634395006	0.302247191011236	0.0104898634395006	1	0	"model926"
0.217977528089888	0.00959756858615858	0.908988764044944	0.00959756858615861	0.308988764044944	0	"model927"
0.303183520599251	0.0254242173026174	0.690823970037453	0.0254242173026174	0.612359550561798	0	"model928"
0.21310861423221	0.0178050401857748	0.894756554307116	0.0178050401857749	0.318352059925094	0	"model929"
0.379775280898876	0.0109834294371649	0.381647940074906	0.0109834294371649	0.99812734082397	0	"model930"
0.20374531835206	0.0107684687404983	0.876029962546817	0.0107684687404983	0.327715355805243	0	"model931"
0.149438202247191	0.0143651933719276	0.752434456928839	0.0143651933719276	0.397003745318352	0	"model932"
0.310486891385768	0.0252295991591893	0.69812734082397	0.0252295991591893	0.612359550561798	0	"model933"
0.0827715355805243	0.00448396629115305	0.979775280898876	0.00448396629115302	0.102996254681648	0	"model934"
0.467602996254682	0.0244013231346643	0.495692883895131	0.0244013231346643	0.971910112359551	0	"model935"
0.118352059925094	0.00732228629144329	0.968539325842697	0.00732228629144329	0.149812734082397	0	"model936"
0.208988764044944	0.0104898634395006	0.933707865168539	0.0104898634395006	0.275280898876405	0	"model937"
0.445318352059925	0.0224684419573713	0.617602996254682	0.0224684419573713	0.827715355805243	0	"model938"
0.107677902621723	0.00745152084039533	0.974719101123595	0.0074515208403953	0.132958801498127	0	"model939"
0.380524344569288	0.02092393458039	0.382397003745318	0.02092393458039	0.99812734082397	0	"model940"
0.471722846441948	0.0166433882893303	0.572846441947566	0.0166433882893303	0.898876404494382	0	"model941"
0.46498127340824	0.018285483117275	0.4687265917603	0.018285483117275	0.99625468164794	0	"model942"
0.434269662921348	0.0173090175674087	0.621535580524345	0.0173090175674087	0.812734082397004	0	"model943"
0.201498127340824	0.0133938412055594	0.727715355805243	0.0133938412055594	0.473782771535581	0	"model944"
0.442322097378277	0.013584489896365	0.461048689138577	0.013584489896365	0.9812734082397	0	"model945"
0	0	1	0	0	0	"model946"
0.314606741573034	0.0157174510761725	0.692883895131086	0.0157174510761725	0.621722846441948	0	"model947"
0.261423220973783	0.0145645324175679	0.697752808988764	0.0145645324175679	0.563670411985019	0	"model948"
0.247378277153558	0.0124672166465101	0.247378277153558	0.0124672166465101	1	0	"model949"
0.312172284644195	0.0189551183015206	0.677340823970037	0.0189551183015206	0.634831460674157	0	"model950"
0.362546816479401	0.0137951147031823	0.669662921348315	0.0137951147031823	0.692883895131086	0	"model951"
0.209176029962547	0.0107049588082258	0.873970037453184	0.0107049588082258	0.335205992509363	0	"model952"
0.00561797752808989	0	1	0	0.00561797752808989	0	"model953"
0.35187265917603	0.0195501392689795	0.35187265917603	0.0195501392689795	1	0	"model954"
0.200936329588015	0.00950988047371444	0.875093632958801	0.00950988047371444	0.325842696629214	0	"model955"
0.0159176029962547	0.001324170002222	0.999063670411985	0.001324170002222	0.0168539325842697	0	"model956"
0.319475655430712	0.0185635851821517	0.319475655430712	0.0185635851821517	1	0	"model957"
0.357303370786517	0.0239459668988562	0.662546816479401	0.0239459668988562	0.694756554307116	0	"model958"
0	0	1	0	0	0	"model959"
0.0973782771535581	0.008915640984448	0.973782771535581	0.00891564098444797	0.123595505617978	0	"model960"
0.402059925093633	0.0245604881065596	0.411423220973783	0.0245604881065596	0.99063670411985	0	"model961"
0.189887640449438	0.0183737037647793	0.852808988764045	0.0183737037647793	0.337078651685393	0	"model962"
0.369288389513109	0.0249500553942288	0.687640449438202	0.0249500553942288	0.681647940074906	0	"model963"
0.465730337078652	0.0159402301783119	0.503183520599251	0.0159402301783119	0.962546816479401	0	"model964"
0.475093632958801	0.0186859734271844	0.579962546816479	0.0186859734271844	0.895131086142322	0	"model965"
0.154868913857678	0.0160133956339875	0.815917602996255	0.0160133956339876	0.338951310861423	0	"model966"
0.245692883895131	0.0134403074030829	0.245692883895131	0.0134403074030829	1	0	"model967"
0.155992509363296	0.0189756636341304	0.155992509363296	0.0189756636341304	1	0	"model968"
0.367415730337079	0.0236841829545558	0.374906367041199	0.0236841829545558	0.99250936329588	0	"model969"
0.162734082397004	0.00862462959699825	0.825655430711611	0.00862462959699827	0.337078651685393	0	"model970"
0	0	1	0	0	0	"model971"
0.430337078651685	0.0265685984010021	0.447191011235955	0.0265685984010021	0.98314606741573	0	"model972"
0.190449438202247	0.0164218436467369	0.190449438202247	0.0164218436467369	1	0	"model973"
0.161797752808989	0.012078288761496	0.781647940074906	0.012078288761496	0.380149812734082	0	"model974"
0.347378277153558	0.0215016287760922	0.639513108614232	0.0215016287760922	0.707865168539326	0	"model975"
0.201123595505618	0.0191829536501933	0.867790262172285	0.0191829536501933	0.333333333333333	0	"model976"
0.121722846441948	0.00475391579641942	0.975655430711611	0.00475391579641938	0.146067415730337	0	"model977"
0.17940074906367	0.00773629632201232	0.956554307116105	0.00773629632201234	0.222846441947566	0	"model978"
0.465917602996255	0.025460207809415	0.589513108614232	0.0254602078094149	0.876404494382023	0	"model979"
0.345880149812734	0.0222812343303361	0.688576779026217	0.0222812343303361	0.657303370786517	0	"model980"
0.0194756554307116	0.00130937434228483	0.997003745318352	0.00130937434228484	0.0224719101123595	0	"model981"
0.284644194756554	0.0190566011516526	0.284644194756554	0.0190566011516526	1	0	"model982"
0.454494382022472	0.0284694839658633	0.473220973782772	0.0284694839658633	0.9812734082397	0	"model983"
0.434269662921348	0.0220950858259158	0.447378277153558	0.0220950858259158	0.98689138576779	0	"model984"
0.0196629213483146	0.00181989759514522	0.997191011235955	0.00181989759514523	0.0224719101123595	0	"model985"
0.0153558052434457	0.00118437365549377	0.998501872659176	0.00118437365549378	0.0168539325842697	0	"model986"
0.201123595505618	0.0101883674222737	0.925842696629213	0.0101883674222737	0.275280898876405	0	"model987"
0.26310861423221	0.0201353197456795	0.26310861423221	0.0201353197456795	1	0	"model988"
0.147940074906367	0.0168885758532693	0.780898876404494	0.0168885758532693	0.367041198501873	0	"model989"
0.269475655430712	0.0152761756998457	0.269475655430712	0.0152761756998457	1	0	"model990"
0.249438202247191	0.0185761749327899	0.249438202247191	0.0185761749327899	1	0	"model991"
0.340074906367041	0.0220730308745948	0.652808988764045	0.0220730308745948	0.687265917602996	0	"model992"
0.17247191011236	0.0167134758605882	0.17247191011236	0.0167134758605882	1	0	"model993"
0.252808988764045	0.0126394860994486	0.252808988764045	0.0126394860994486	1	0	"model994"
0.247191011235955	0.0215694788304257	0.247191011235955	0.0215694788304257	1	0	"model995"
0.167415730337079	0.00690602581070628	0.961423220973783	0.0069060258107063	0.205992509363296	0	"model996"
0.323220973782772	0.0126764257381713	0.680898876404494	0.0126764257381713	0.642322097378277	0	"model997"
0.00936329588014981	0	1	0	0.00936329588014981	0	"model998"
0.125280898876405	0.00588556782338235	0.969850187265918	0.00588556782338234	0.155430711610487	0	"model999"
0.211048689138577	0.0154436047449181	0.915168539325843	0.0154436047449181	0.295880149812734	0	"model1000"
