"TSS.MN"	"TSS.sd"	"speci.MN"	"speci.sd"	"sensi.MN"	"sensi.sd"	"model"
0.152621722846442	0.00843274412366186	0.77247191011236	0.00843274412366188	0.380149812734082	0	"model1"
0.196441947565543	0.0109354317008662	0.87059925093633	0.0109354317008662	0.325842696629214	0	"model2"
0.192322097378277	0.0184340444978647	0.192322097378277	0.0184340444978647	1	0	"model3"
0.323970037453184	0.0191178437342242	0.323970037453184	0.0191178437342242	1	0	"model4"
0.458052434456929	0.0209313821458796	0.476779026217228	0.0209313821458796	0.9812734082397	0	"model5"
0.0758426966292135	0.00485529000814733	0.984082397003745	0.00485529000814732	0.0917602996254682	0	"model6"
0.224531835205993	0.0212684036360954	0.715168539325843	0.0212684036360955	0.50936329588015	0	"model7"
0.46310861423221	0.0260539771923779	0.616666666666667	0.0260539771923779	0.846441947565543	0	"model8"
0	0	1	0	0	0	"model9"
0.146067415730337	0.0125155665766313	0.735955056179775	0.0125155665766314	0.410112359550562	0	"model10"
0.15749063670412	0.0131071279105051	0.764232209737828	0.0131071279105051	0.393258426966292	0	"model11"
0.275093632958802	0.0147836001678638	0.275093632958802	0.0147836001678638	1	0	"model12"
0	0	1	0	0	0	"model13"
0.203183520599251	0.0120476024129955	0.901685393258427	0.0120476024129955	0.301498127340824	0	"model14"
0	0	1	0	0	0	"model15"
0	0	1	0	0	0	"model16"
0.448501872659176	0.0177051867711396	0.467228464419476	0.0177051867711396	0.9812734082397	0	"model17"
0.20374531835206	0.0147664582272833	0.904119850187266	0.0147664582272833	0.299625468164794	0	"model18"
0.00936329588014981	0	1	0	0.00936329588014981	0	"model19"
0	0	1	0	0	0	"model20"
0.143445692883895	0.0123336719452968	0.798876404494382	0.0123336719452968	0.344569288389513	0	"model21"
0	0	1	0	0	0	"model22"
0.00187265917602996	0	1	0	0.00187265917602996	0	"model23"
0.199438202247191	0.00875021583575293	0.935393258426966	0.0087502158357529	0.264044943820225	0	"model24"
0.0191011235955056	0.00212601577602077	0.994756554307116	0.00212601577602078	0.0243445692883895	0	"model25"
0	0	1	0	0	0	"model26"
0.218539325842697	0.0172549056176621	0.218539325842697	0.0172549056176621	1	0	"model27"
0.345505617977528	0.0203279144668337	0.669475655430712	0.0203279144668337	0.676029962546816	0	"model28"
0.052247191011236	0.00547394788224563	0.988576779026217	0.00547394788224564	0.0636704119850187	0	"model29"
0	0	1	0	0	0	"model30"
0	0	1	0	0	0	"model31"
0	0	1	0	0	0	"model32"
0	0	1	0	0	0	"model33"
0.467602996254682	0.0234402610777354	0.499438202247191	0.0234402610777354	0.968164794007491	0	"model34"
0.205430711610487	0.00917624227972496	0.939513108614232	0.00917624227972495	0.265917602996255	0	"model35"
0.00936329588014981	0	1	0	0.00936329588014981	0	"model36"
0.0121722846441948	0.001324170002222	0.999063670411985	0.001324170002222	0.0131086142322097	0	"model37"
0.0385767790262172	0.00236874731098755	0.993632958801498	0.00236874731098756	0.0449438202247191	0	"model38"
0.294194756554307	0.0161201042821403	0.294194756554307	0.0161201042821403	1	0	"model39"
0.202996254681648	0.00770601715955603	0.877153558052434	0.00770601715955602	0.325842696629214	0	"model40"
0.0146067415730337	0.00078958243699585	0.999625468164794	0.000789582436995852	0.0149812734082397	0	"model41"
0.160112359550562	0.0199213151026629	0.75936329588015	0.0199213151026629	0.400749063670412	0	"model42"
0.00561797752808989	0	1	0	0.00561797752808989	0	"model43"
0	0	1	0	0	0	"model44"
0.483707865168539	0.0231895737655345	0.498689138576779	0.0231895737655345	0.98501872659176	0	"model45"
0.194007490636704	0.00460401720713752	0.858801498127341	0.00460401720713753	0.335205992509363	0	"model46"
0	0	1	0	0	0	"model47"
0.30749063670412	0.0320340902671054	0.680149812734082	0.0320340902671054	0.627340823970037	0	"model48"
0.468539325842697	0.0230505336607699	0.491011235955056	0.0230505336607699	0.97752808988764	0	"model49"
0.143632958801498	0.00441831170266826	0.965730337078652	0.00441831170266827	0.177902621722846	0	"model50"
0.185393258426966	0.0147188840481293	0.739700374531835	0.0147188840481293	0.445692883895131	0	"model51"
0	0	1	0	0	0	"model52"
0.498501872659176	0.0152851005622604	0.556554307116105	0.0152851005622603	0.941947565543071	0	"model53"
0.19438202247191	0.0188054933722777	0.864794007490637	0.0188054933722777	0.329588014981273	0	"model54"
0.184082397003745	0.010334560357154	0.95187265917603	0.010334560357154	0.232209737827715	0	"model55"
0	0	1	0	0	0	"model56"
0	0	1	0	0	0	"model57"
0	0	1	0	0	0	"model58"
0.4187265917603	0.0179010719889487	0.42059925093633	0.0179010719889487	0.99812734082397	0	"model59"
0.150561797752809	0.0149082699011517	0.802247191011236	0.0149082699011517	0.348314606741573	0	"model60"
0.270411985018727	0.0183312407919877	0.270411985018727	0.0183312407919877	1	0	"model61"
0.176404494382022	0.00854975963458873	0.730711610486891	0.00854975963458875	0.445692883895131	0	"model62"
0.199063670411985	0.0188106726649404	0.869475655430712	0.0188106726649404	0.329588014981273	0	"model63"
0.287265917602996	0.0191015315778971	0.287265917602996	0.0191015315778971	1	0	"model64"
0	0	1	0	0	0	"model65"
0.426404494382022	0.0142631133915974	0.615543071161049	0.0142631133915974	0.810861423220974	0	"model66"
0.216104868913858	0.014697690539587	0.899625468164794	0.014697690539587	0.316479400749064	0	"model67"
0	0	1	0	0	0	"model68"
0.365730337078652	0.0204006237303854	0.375093632958801	0.0204006237303854	0.99063670411985	0	"model69"
0.209925093632959	0.00825529111765873	0.895318352059925	0.0082552911176587	0.314606741573034	0	"model70"
0.156554307116105	0.0211351618015575	0.768913857677903	0.0211351618015575	0.387640449438202	0	"model71"
0.126591760299625	0.00770601715955603	0.971161048689139	0.00770601715955603	0.155430711610487	0	"model72"
0.244194756554307	0.0112081776217046	0.244194756554307	0.0112081776217046	1	0	"model73"
0.163295880149813	0.00653495746731706	0.955430711610487	0.00653495746731707	0.207865168539326	0	"model74"
0.398314606741573	0.020797854690811	0.402059925093633	0.020797854690811	0.99625468164794	0	"model75"
0	0	1	0	0	0	"model76"
0.202247191011236	0.0134461043873521	0.202247191011236	0.0134461043873521	1	0	"model77"
0.216104868913858	0.00649908368780044	0.929588014981273	0.00649908368780041	0.286516853932584	0	"model78"
0.151685393258427	0.00759396071198279	0.962546816479401	0.00759396071198282	0.189138576779026	0	"model79"
0.247191011235955	0.0125466611999012	0.247191011235955	0.0125466611999012	1	0	"model80"
0.466292134831461	0.0214426517319821	0.608614232209738	0.0214426517319821	0.857677902621723	0	"model81"
0.21123595505618	0.0129981673756009	0.915355805243446	0.0129981673756009	0.295880149812734	0	"model82"
0.188389513108614	0.00755280073021432	0.948689138576779	0.00755280073021434	0.239700374531835	0	"model83"
0.00749063670411985	0	1	0	0.00749063670411985	0	"model84"
0.0228464419475655	0.00261874868456967	0.996629213483146	0.00261874868456967	0.0262172284644195	0	"model85"
0.18876404494382	0.0166983151843922	0.855430711610487	0.0166983151843922	0.333333333333333	0	"model86"
0.0112359550561798	0	1	0	0.0112359550561798	0	"model87"
0.188389513108614	0.00744890581282213	0.944943820224719	0.00744890581282214	0.243445692883895	0	"model88"
0.2	0.0128776998334358	0.883520599250936	0.0128776998334358	0.316479400749064	0	"model89"
0.460674157303371	0.020551907157496	0.47940074906367	0.020551907157496	0.9812734082397	0	"model90"
0.427340823970037	0.0158851349362472	0.440449438202247	0.0158851349362472	0.98689138576779	0	"model91"
0.117602996254682	0.00841192535726492	0.971535580524345	0.00841192535726491	0.146067415730337	0	"model92"
0.48314606741573	0.0194612450288638	0.533707865168539	0.0194612450288638	0.949438202247191	0	"model93"
0.26310861423221	0.0203087371847658	0.26310861423221	0.0203087371847658	1	0	"model94"
0.218913857677903	0.00708702470885642	0.926779026217229	0.00708702470885638	0.292134831460674	0	"model95"
0.0232209737827715	0.00281937323112015	0.991385767790262	0.00281937323112016	0.0318352059925094	0	"model96"
0.0363295880149813	0.00386814816100616	0.991385767790262	0.00386814816100617	0.0449438202247191	0	"model97"
0	0	1	0	0	0	"model98"
0.0228464419475655	0.00230200860356876	0.996629213483146	0.00230200860356877	0.0262172284644195	0	"model99"
0.143071161048689	0.0139356267289646	0.798501872659176	0.0139356267289646	0.344569288389513	0	"model100"
0.155056179775281	0.00908019802545228	0.956554307116105	0.0090801980254523	0.198501872659176	0	"model101"
0.17434456928839	0.0143285283576508	0.835393258426966	0.0143285283576508	0.338951310861423	0	"model102"
0	0	1	0	0	0	"model103"
0.278089887640449	0.00866069720693609	0.278089887640449	0.00866069720693609	1	0	"model104"
0	0	1	0	0	0	"model105"
0.200187265917603	0.0116262494857378	0.909925093632959	0.0116262494857378	0.290262172284644	0	"model106"
0.330149812734082	0.0211508266937579	0.648501872659176	0.0211508266937579	0.681647940074906	0	"model107"
0.46310861423221	0.0300021845596169	0.483707865168539	0.030002184559617	0.97940074906367	0	"model108"
0	0	1	0	0	0	"model109"
0	0	1	0	0	0	"model110"
0.143632958801498	0.0158912660627004	0.754119850187266	0.0158912660627004	0.389513108614232	0	"model111"
0.205992509363296	0.0113051000476123	0.876404494382023	0.0113051000476123	0.329588014981273	0	"model112"
0.241573033707865	0.0114421365666813	0.241573033707865	0.0114421365666813	1	0	"model113"
0.0205992509363296	0.00394791218497925	0.99438202247191	0.00394791218497926	0.0262172284644195	0	"model114"
0.208614232209738	0.00810043855056596	0.920224719101124	0.00810043855056596	0.288389513108614	0	"model115"
0.250187265917603	0.0232592009456662	0.250187265917603	0.0232592009456662	1	0	"model116"
0.161048689138577	0.016373129898382	0.728464419475655	0.016373129898382	0.432584269662921	0	"model117"
0.200187265917603	0.0133720045932343	0.87434456928839	0.0133720045932343	0.325842696629214	0	"model118"
0.204868913857678	0.0100729801517824	0.929588014981273	0.0100729801517824	0.275280898876405	0	"model119"
0.413857677902622	0.0218387711417427	0.415730337078652	0.0218387711417427	0.99812734082397	0	"model120"
0	0	1	0	0	0	"model121"
0.282584269662921	0.0125295687065856	0.282584269662921	0.0125295687065856	1	0	"model122"
0.14625468164794	0.0102740574714196	0.782958801498127	0.0102740574714196	0.363295880149813	0	"model123"
0.0750936329588015	0.00697619653979951	0.983333333333333	0.00697619653979948	0.0917602996254682	0	"model124"
0.484269662921348	0.0141575455703719	0.564794007490637	0.0141575455703719	0.919475655430712	0	"model125"
0.14812734082397	0.0162884273576115	0.809176029962547	0.0162884273576115	0.338951310861423	0	"model126"
0	0	1	0	0	0	"model127"
0.00561797752808989	0	1	0	0.00561797752808989	0	"model128"
0.204681647940075	0.00769842876070954	0.908801498127341	0.00769842876070956	0.295880149812734	0	"model129"
0	0	1	0	0	0	"model130"
0	0	1	0	0	0	"model131"
0.145880149812734	0.0155542228945623	0.767602996254682	0.0155542228945623	0.378277153558052	0	"model132"
0.164794007490637	0.00666484285395213	0.958801498127341	0.00666484285395215	0.205992509363296	0	"model133"
0	0	1	0	0	0	"model134"
0	0	1	0	0	0	"model135"
0.204494382022472	0.0074802258072136	0.940449438202247	0.0074802258072136	0.264044943820225	0	"model136"
0	0	1	0	0	0	"model137"
0.0222846441947566	0.00323752870908613	0.996067415730337	0.00323752870908614	0.0262172284644195	0	"model138"
0.0458801498127341	0.00501322671791792	0.987827715355805	0.00501322671791793	0.0580524344569288	0	"model139"
0.252247191011236	0.0206662927498616	0.252247191011236	0.0206662927498616	1	0	"model140"
0.0891385767790262	0.00425203155204155	0.982397003745318	0.00425203155204153	0.106741573033708	0	"model141"
0	0	1	0	0	0	"model142"
0.179775280898876	0.0135327611664662	0.758426966292135	0.0135327611664662	0.421348314606742	0	"model143"
0.482771535580524	0.0236182835976878	0.563295880149813	0.0236182835976878	0.919475655430712	0	"model144"
0	0	1	0	0	0	"model145"
0	0	1	0	0	0	"model146"
0.361048689138577	0.0192356931802861	0.647565543071161	0.019235693180286	0.713483146067416	0	"model147"
0	0	1	0	0	0	"model148"
0.128838951310861	0.00793520528442982	0.969662921348315	0.0079352052844298	0.159176029962547	0	"model149"
0	0	1	0	0	0	"model150"
0	0	1	0	0	0	"model151"
0.173970037453184	0.0177535376691287	0.83689138576779	0.0177535376691287	0.337078651685393	0	"model152"
0.262359550561798	0.0162405130683164	0.262359550561798	0.0162405130683164	1	0	"model153"
0.00561797752808989	0	1	0	0.00561797752808989	0	"model154"
0.188389513108614	0.0103778289341425	0.851310861423221	0.0103778289341425	0.337078651685393	0	"model155"
0.201685393258427	0.0121056790333067	0.939513108614232	0.0121056790333067	0.262172284644195	0	"model156"
0.291198501872659	0.0107122361434023	0.291198501872659	0.0107122361434023	1	0	"model157"
0.207116104868914	0.0096380819303964	0.88501872659176	0.00963808193039637	0.322097378277154	0	"model158"
0.183333333333333	0.00830235701281934	0.943632958801498	0.00830235701281936	0.239700374531835	0	"model159"
0.495505617977528	0.0156727638716357	0.598501872659176	0.0156727638716357	0.897003745318352	0	"model160"
0.489887640449438	0.0210427793250545	0.570411985018727	0.0210427793250545	0.919475655430712	0	"model161"
0.191947565543071	0.00980044848196478	0.937265917602996	0.00980044848196477	0.254681647940075	0	"model162"
0.131460674157303	0.00920803441427504	0.968539325842697	0.00920803441427502	0.162921348314607	0	"model163"
0.202059925093633	0.00791800023491965	0.934269662921348	0.00791800023491961	0.267790262172285	0	"model164"
0.402434456928839	0.016216502834802	0.634644194756554	0.016216502834802	0.767790262172285	0	"model165"
0	0	1	0	0	0	"model166"
0	0	1	0	0	0	"model167"
0.2	0.0100574951616094	0.941573033707865	0.0100574951616094	0.258426966292135	0	"model168"
0	0	1	0	0	0	"model169"
0.306554307116105	0.0194020906478395	0.306554307116105	0.0194020906478395	1	0	"model170"
0.403370786516854	0.0233761744592221	0.405243445692884	0.0233761744592221	0.99812734082397	0	"model171"
0.220224719101124	0.0169392578208097	0.220224719101124	0.0169392578208097	1	0	"model172"
0	0	1	0	0	0	"model173"
0.450936329588015	0.0152851005622603	0.585767790262172	0.0152851005622603	0.865168539325843	0	"model174"
0.156741573033708	0.0168203762676444	0.757865168539326	0.0168203762676444	0.398876404494382	0	"model175"
0.432584269662921	0.0156677907590651	0.434456928838951	0.0156677907590651	0.99812734082397	0	"model176"
0.214044943820225	0.0124547087761461	0.899438202247191	0.0124547087761461	0.314606741573034	0	"model177"
0	0	1	0	0	0	"model178"
0.177340823970037	0.0165164811894645	0.177340823970037	0.0165164811894645	1	0	"model179"
0.153932584269663	0.00836547593895179	0.955430711610487	0.00836547593895181	0.198501872659176	0	"model180"
0.467041198501873	0.0241630287388962	0.487640449438202	0.0241630287388962	0.97940074906367	0	"model181"
0	0	1	0	0	0	"model182"
0	0	1	0	0	0	"model183"
0.123033707865169	0.00483921284477261	0.973220973782772	0.00483921284477259	0.149812734082397	0	"model184"
0.21310861423221	0.0101730580711428	0.909737827715356	0.0101730580711428	0.303370786516854	0	"model185"
0.158988764044944	0.00627022422164678	0.956741573033708	0.0062702242216468	0.202247191011236	0	"model186"
0.369475655430712	0.0156938820190357	0.378838951310861	0.0156938820190357	0.99063670411985	0	"model187"
0.0438202247191011	0.00366114314572164	0.991385767790262	0.00366114314572165	0.052434456928839	0	"model188"
0.416292134831461	0.010956789986256	0.592322097378277	0.010956789986256	0.823970037453184	0	"model189"
0.157303370786517	0.0177656048324066	0.818352059925094	0.0177656048324066	0.338951310861423	0	"model190"
0	0	1	0	0	0	"model191"
0.179026217228464	0.0144031177651332	0.744569288389513	0.0144031177651332	0.434456928838951	0	"model192"
0.0277153558052434	0.00350898110425848	0.994007490636704	0.00350898110425848	0.0337078651685393	0	"model193"
0.170786516853933	0.0134403074030829	0.833707865168539	0.0134403074030829	0.337078651685393	0	"model194"
0.00749063670411985	0	1	0	0.00749063670411985	0	"model195"
0.171535580524345	0.0148559048995191	0.832584269662921	0.0148559048995191	0.338951310861423	0	"model196"
0.25187265917603	0.0118847894910485	0.25187265917603	0.0118847894910485	1	0	"model197"
0.184831460674157	0.0160377099444287	0.855243445692884	0.0160377099444287	0.329588014981273	0	"model198"
0	0	1	0	0	0	"model199"
0	0	1	0	0	0	"model200"
0.147565543071161	0.0202616761335015	0.758052434456929	0.0202616761335015	0.389513108614232	0	"model201"
0.204307116104869	0.0087145187329794	0.934644194756554	0.00871451873297938	0.269662921348315	0	"model202"
0.210299625468165	0.0145337334822034	0.910674157303371	0.0145337334822034	0.299625468164794	0	"model203"
0	0	1	0	0	0	"model204"
0.204494382022472	0.011935499028931	0.902996254681648	0.011935499028931	0.301498127340824	0	"model205"
0.197191011235955	0.012360496313076	0.93501872659176	0.012360496313076	0.262172284644195	0	"model206"
0.174531835205993	0.00748022580721361	0.947940074906367	0.00748022580721362	0.226591760299625	0	"model207"
0.336704119850187	0.0289949894440297	0.336704119850187	0.0289949894440297	1	0	"model208"
0.120224719101124	0.0048190409651982	0.972284644194757	0.00481904096519817	0.147940074906367	0	"model209"
0.0159176029962547	0.001324170002222	0.999063670411985	0.001324170002222	0.0168539325842697	0	"model210"
0	0	1	0	0	0	"model211"
0	0	1	0	0	0	"model212"
0.213857677902622	0.0153105715023779	0.888014981273408	0.0153105715023779	0.325842696629214	0	"model213"
0.171535580524345	0.01181738783141	0.832584269662921	0.01181738783141	0.338951310861423	0	"model214"
0.0563670411985019	0.0102740574714196	0.0563670411985019	0.0102740574714196	1	0	"model215"
0.0951310861423221	0.00513228584047302	0.979026217228464	0.005132285840473	0.116104868913858	0	"model216"
0	0	1	0	0	0	"model217"
0.215168539325843	0.0100050563820963	0.919288389513109	0.0100050563820963	0.295880149812734	0	"model218"
0.20936329588015	0.00841192535726493	0.943445692883895	0.00841192535726495	0.265917602996255	0	"model219"
0.273220973782772	0.0178847393874013	0.694569288389513	0.0178847393874013	0.578651685393258	0	"model220"
0.220224719101124	0.0209685802952627	0.220224719101124	0.0209685802952627	1	0	"model221"
0.417415730337079	0.018922199369392	0.419288389513109	0.018922199369392	0.99812734082397	0	"model222"
0.206367041198502	0.0105491286762934	0.904868913857678	0.0105491286762934	0.301498127340824	0	"model223"
0.450561797752809	0.0194251722545168	0.476779026217228	0.0194251722545168	0.973782771535581	0	"model224"
0.207116104868914	0.0109265200934038	0.935580524344569	0.0109265200934038	0.271535580524345	0	"model225"
0.176591760299625	0.00883000668901723	0.94438202247191	0.00883000668901725	0.232209737827715	0	"model226"
0.184456928838951	0.00613198586279291	0.948501872659176	0.00613198586279293	0.235955056179775	0	"model227"
0.305430711610487	0.0191880310578813	0.305430711610487	0.0191880310578813	1	0	"model228"
0	0	1	0	0	0	"model229"
0.195131086142322	0.00773629632201232	0.951685393258427	0.00773629632201234	0.243445692883895	0	"model230"
0.219850187265918	0.0103024624398391	0.946441947565543	0.0103024624398391	0.273408239700375	0	"model231"
0.434644194756554	0.0185688319489341	0.606928838951311	0.0185688319489341	0.827715355805243	0	"model232"
0.290823970037453	0.0130654422550069	0.685955056179775	0.0130654422550069	0.604868913857678	0	"model233"
0.13689138576779	0.0177754718727854	0.758614232209738	0.0177754718727854	0.378277153558052	0	"model234"
0	0	1	0	0	0	"model235"
0.0456928838951311	0.00508652903557138	0.991385767790262	0.00508652903557139	0.0543071161048689	0	"model236"
0.269662921348315	0.0138458633038819	0.269662921348315	0.0138458633038819	1	0	"model237"
0.212921348314607	0.0122018591391021	0.887078651685393	0.0122018591391021	0.325842696629214	0	"model238"
0.284644194756554	0.0110259186845541	0.284644194756554	0.0110259186845541	1	0	"model239"
0	0	1	0	0	0	"model240"
0.35	0.0119567003146676	0.35187265917603	0.0119567003146676	0.99812734082397	0	"model241"
0.0215355805243446	0.00202270308939072	0.997191011235955	0.00202270308939072	0.0243445692883895	0	"model242"
0.46310861423221	0.0190576234740777	0.509925093632959	0.0190576234740777	0.953183520599251	0	"model243"
0.0344569288389513	0.00415938358276097	0.993258426966292	0.00415938358276098	0.0411985018726592	0	"model244"
0.194756554307116	0.0102189173181928	0.932584269662921	0.0102189173181928	0.262172284644195	0	"model245"
0.229962546816479	0.0148191393015969	0.229962546816479	0.0148191393015969	1	0	"model246"
0	0	1	0	0	0	"model247"
0	0	1	0	0	0	"model248"
0.20936329588015	0.0137838118625274	0.920973782771536	0.0137838118625274	0.288389513108614	0	"model249"
0	0	1	0	0	0	"model250"
0.2	0.013641736209386	0.870411985018727	0.013641736209386	0.329588014981273	0	"model251"
0.390262172284644	0.0158704105688596	0.6187265917603	0.0158704105688596	0.771535580524345	0	"model252"
0.460861423220974	0.0189633391056809	0.597565543071161	0.0189633391056809	0.863295880149813	0	"model253"
0.207865168539326	0.00809081235756287	0.908239700374532	0.00809081235756289	0.299625468164794	0	"model254"
0.49063670411985	0.0235555084445858	0.593632958801498	0.0235555084445858	0.897003745318352	0	"model255"
0	0	1	0	0	0	"model256"
0	0	1	0	0	0	"model257"
0.0207865168539326	0.00106300788801039	0.996441947565543	0.00106300788801039	0.0243445692883895	0	"model258"
0.347003745318352	0.0237867852082562	0.348876404494382	0.0237867852082562	0.99812734082397	0	"model259"
0.118913857677903	0.00524121586259259	0.969101123595506	0.0052412158625926	0.149812734082397	0	"model260"
0.160112359550562	0.00824584570138758	0.957865168539326	0.0082458457013876	0.202247191011236	0	"model261"
0.459550561797753	0.0212638229887084	0.485767790262172	0.0212638229887084	0.973782771535581	0	"model262"
0.201498127340824	0.0113463847865186	0.89625468164794	0.0113463847865186	0.305243445692884	0	"model263"
0.189138576779026	0.00458705944341419	0.949438202247191	0.0045870594434142	0.239700374531835	0	"model264"
0.148314606741573	0.00665313987239662	0.962921348314607	0.00665313987239663	0.185393258426966	0	"model265"
0.229026217228464	0.0187899469285179	0.229026217228464	0.0187899469285179	1	0	"model266"
0.0110486891385768	0.000592186827746887	0.999812734082397	0.000592186827746889	0.0112359550561798	0	"model267"
0.0799625468164794	0.00565599565047406	0.976966292134831	0.00565599565047402	0.102996254681648	0	"model268"
0.487453183520599	0.016230913237084	0.552996254681648	0.016230913237084	0.934456928838951	0	"model269"
0	0	1	0	0	0	"model270"
0.0127340823970037	0.00078958243699585	0.999625468164794	0.000789582436995852	0.0131086142322097	0	"model271"
0.205056179775281	0.011982742709396	0.877340823970037	0.011982742709396	0.327715355805243	0	"model272"
0.0217228464419476	0.00366114314572164	0.995505617977528	0.00366114314572165	0.0262172284644195	0	"model273"
0.456179775280899	0.019405102849164	0.465543071161049	0.019405102849164	0.99063670411985	0	"model274"
0	0	1	0	0	0	"model275"
0.393445692883895	0.0190248819084402	0.62940074906367	0.0190248819084402	0.764044943820225	0	"model276"
0	0	1	0	0	0	"model277"
0.21123595505618	0.0117711356467647	0.911610486891386	0.0117711356467647	0.299625468164794	0	"model278"
0.125280898876405	0.00588556782338235	0.975468164794007	0.00588556782338232	0.149812734082397	0	"model279"
0	0	1	0	0	0	"model280"
0.213483146067416	0.0105565134365092	0.915730337078652	0.0105565134365092	0.297752808988764	0	"model281"
0	0	1	0	0	0	"model282"
0.487265917602996	0.009702551424582	0.567790262172285	0.00970255142458197	0.919475655430712	0	"model283"
0.156741573033708	0.0187484267210475	0.754119850187266	0.0187484267210475	0.402621722846442	0	"model284"
0.0127340823970037	0.00078958243699585	0.999625468164794	0.000789582436995852	0.0131086142322097	0	"model285"
0.243820224719101	0.0138964265761242	0.715730337078652	0.0138964265761242	0.528089887640449	0	"model286"
0.444756554307116	0.0195461526989403	0.465355805243446	0.0195461526989403	0.97940074906367	0	"model287"
0.156741573033708	0.0178542118899671	0.795318352059925	0.0178542118899671	0.361423220973783	0	"model288"
0	0	1	0	0	0	"model289"
0.290074906367041	0.0250536945919427	0.711423220973783	0.0250536945919427	0.578651685393258	0	"model290"
0.123595505617978	0.00592186827746887	0.966292134831461	0.00592186827746889	0.157303370786517	0	"model291"
0.0177902621722846	0.001324170002222	0.999063670411985	0.001324170002222	0.0187265917602996	0	"model292"
0.197940074906367	0.0153677267650167	0.862734082397004	0.0153677267650167	0.335205992509363	0	"model293"
0.132022471910112	0.00387318153745033	0.969101123595506	0.00387318153745034	0.162921348314607	0	"model294"
0.262359550561798	0.022891933996089	0.262359550561798	0.022891933996089	1	0	"model295"
0.191573033707865	0.00794747180169874	0.94438202247191	0.00794747180169874	0.247191011235955	0	"model296"
0	0	1	0	0	0	"model297"
0.308988764044944	0.017787524155774	0.308988764044944	0.017787524155774	1	0	"model298"
0.455992509363296	0.0168943428248744	0.474719101123595	0.0168943428248744	0.9812734082397	0	"model299"
0.157116104868914	0.0169679869514222	0.814419475655431	0.0169679869514222	0.342696629213483	0	"model300"
0.0597378277153558	0.00399207913990499	0.988576779026217	0.003992079139905	0.0711610486891386	0	"model301"
0.274906367041199	0.0239459668988562	0.274906367041199	0.0239459668988562	1	0	"model302"
0.192696629213483	0.0203509033511568	0.85561797752809	0.0203509033511568	0.337078651685393	0	"model303"
0.387078651685393	0.0144260946485061	0.388951310861423	0.0144260946485061	0.99812734082397	0	"model304"
0.199625468164794	0.0101883674222737	0.935580524344569	0.0101883674222737	0.264044943820225	0	"model305"
0.202808988764045	0.00971258612725838	0.92752808988764	0.00971258612725836	0.275280898876405	0	"model306"
0.0142322097378277	0.00130937434228483	0.999250936329588	0.00130937434228484	0.0149812734082397	0	"model307"
0.212359550561798	0.0108549638548236	0.905243445692884	0.0108549638548236	0.307116104868914	0	"model308"
0	0	1	0	0	0	"model309"
0.187265917602996	0.0146658428520234	0.941947565543071	0.0146658428520234	0.245318352059925	0	"model310"
0.250187265917603	0.0213369953418748	0.250187265917603	0.0213369953418748	1	0	"model311"
0.445505617977528	0.0252087409050213	0.621535580524345	0.0252087409050213	0.823970037453184	0	"model312"
0.198501872659176	0.00925867476541281	0.941947565543071	0.0092586747654128	0.256554307116105	0	"model313"
0.0867041198501873	0.00459130475616312	0.976217228464419	0.00459130475616309	0.110486891385768	0	"model314"
0.230898876404494	0.0245921974840494	0.700936329588015	0.0245921974840494	0.529962546816479	0	"model315"
0.338576779026217	0.0177612177216267	0.670037453183521	0.0177612177216267	0.668539325842697	0	"model316"
0.209925093632959	0.0141644245103679	0.908426966292135	0.0141644245103679	0.301498127340824	0	"model317"
0.42434456928839	0.0144571228955946	0.626591760299625	0.0144571228955946	0.797752808988764	0	"model318"
0	0	1	0	0	0	"model319"
0.151310861423221	0.0162489082681887	0.797378277153558	0.0162489082681887	0.353932584269663	0	"model320"
0.140823970037453	0.00659431343133296	0.966666666666667	0.00659431343133298	0.174157303370787	0	"model321"
0.450374531835206	0.0184171267065317	0.587078651685393	0.0184171267065318	0.863295880149813	0	"model322"
0.498689138576779	0.022211172890221	0.551123595505618	0.022211172890221	0.947565543071161	0	"model323"
0.218913857677903	0.0163123317252685	0.218913857677903	0.0163123317252685	1	0	"model324"
0.0166666666666667	0.00163969107822268	0.997940074906367	0.00163969107822269	0.0187265917602996	0	"model325"
0.0440074906367041	0.00580557903799572	0.989700374531835	0.00580557903799573	0.0543071161048689	0	"model326"
0.0146067415730337	0.00078958243699585	0.999625468164794	0.000789582436995852	0.0149812734082397	0	"model327"
0.268913857677903	0.0183099723768994	0.268913857677903	0.0183099723768994	1	0	"model328"
0.0617977528089888	0.00353112000592533	0.98689138576779	0.00353112000592534	0.0749063670411985	0	"model329"
0	0	1	0	0	0	"model330"
0.204119850187266	0.00882780001481332	0.913857677902622	0.00882780001481335	0.290262172284644	0	"model331"
0.479775280898876	0.0162728706883275	0.545318352059925	0.0162728706883275	0.934456928838951	0	"model332"
0.168913857677903	0.00945852530580565	0.959176029962547	0.00945852530580565	0.209737827715356	0	"model333"
0.206554307116105	0.0121056790333067	0.903183520599251	0.0121056790333068	0.303370786516854	0	"model334"
0.20936329588015	0.0101730580711428	0.907865168539326	0.0101730580711428	0.301498127340824	0	"model335"
0.477902621722846	0.0211646390289946	0.582771535580524	0.0211646390289946	0.895131086142322	0	"model336"
0.483520599250936	0.0222067867109705	0.534082397003745	0.0222067867109705	0.949438202247191	0	"model337"
0.139887640449438	0.00799634970282141	0.969475655430712	0.0079963497028214	0.170411985018727	0	"model338"
0	0	1	0	0	0	"model339"
0	0	1	0	0	0	"model340"
0.169662921348315	0.0185635851821517	0.755805243445693	0.0185635851821517	0.413857677902622	0	"model341"
0.162359550561798	0.0179846791852936	0.797191011235955	0.0179846791852936	0.365168539325843	0	"model342"
0.140449438202247	0.0132122412537558	0.799625468164794	0.0132122412537557	0.340823970037453	0	"model343"
0.473220973782772	0.0224380727350298	0.53689138576779	0.0224380727350298	0.936329588014981	0	"model344"
0.137640449438202	0.0180969900303673	0.789325842696629	0.0180969900303673	0.348314606741573	0	"model345"
0.420973782771536	0.0201266096504552	0.611985018726592	0.0201266096504552	0.808988764044944	0	"model346"
0	0	1	0	0	0	"model347"
0.146067415730337	0.0109905223855549	0.964419475655431	0.0109905223855549	0.181647940074906	0	"model348"
0	0	1	0	0	0	"model349"
0.147940074906367	0.00837478643258348	0.964419475655431	0.00837478643258348	0.183520599250936	0	"model350"
0.429588014981273	0.0287981184299699	0.631835205992509	0.0287981184299699	0.797752808988764	0	"model351"
0.138202247191011	0.0142015132090486	0.793632958801498	0.0142015132090485	0.344569288389513	0	"model352"
0.165355805243446	0.0159402301783119	0.828277153558052	0.0159402301783119	0.337078651685393	0	"model353"
0.156367041198502	0.0130116501783245	0.817415730337079	0.0130116501783245	0.338951310861423	0	"model354"
0.0792134831460674	0.00684083305507989	0.981835205992509	0.00684083305507986	0.0973782771535581	0	"model355"
0.152808988764045	0.00909734666778361	0.967415730337079	0.00909734666778359	0.185393258426966	0	"model356"
0.116104868913858	0.0048351852012577	0.971910112359551	0.00483518520125767	0.144194756554307	0	"model357"
0.213295880149813	0.0126841079555531	0.921161048689139	0.0126841079555531	0.292134831460674	0	"model358"
0	0	1	0	0	0	"model359"
0.266292134831461	0.0166749641518742	0.266292134831461	0.0166749641518742	1	0	"model360"
0.0737827715355805	0.00396760264221491	0.983895131086142	0.00396760264221492	0.0898876404494382	0	"model361"
0.0213483146067416	0.00281937323112015	0.995131086142322	0.00281937323112016	0.0262172284644195	0	"model362"
0	0	1	0	0	0	"model363"
0.148314606741573	0.0209425485281867	0.764419475655431	0.0209425485281868	0.383895131086142	0	"model364"
0.30187265917603	0.0132945613103362	0.682022471910112	0.0132945613103362	0.619850187265918	0	"model365"
0	0	1	0	0	0	"model366"
0.214232209737828	0.0106739747814227	0.910861423220974	0.0106739747814228	0.303370786516854	0	"model367"
0.254681647940075	0.0155679948980523	0.254681647940075	0.0155679948980523	1	0	"model368"
0.352808988764045	0.0116847530155282	0.659925093632959	0.0116847530155282	0.692883895131086	0	"model369"
0	0	1	0	0	0	"model370"
0.0172284644194757	0.00246547036930481	0.998501872659176	0.00246547036930481	0.0187265917602996	0	"model371"
0.219101123595506	0.0156179725383231	0.895131086142322	0.0156179725383231	0.323970037453184	0	"model372"
0	0	1	0	0	0	"model373"
0	0	1	0	0	0	"model374"
0.21498127340824	0.00676925928176078	0.892883895131086	0.00676925928176077	0.322097378277154	0	"model375"
0.334456928838951	0.0155980006982627	0.684644194756554	0.0155980006982627	0.649812734082397	0	"model376"
0	0	1	0	0	0	"model377"
0.158614232209738	0.0257984809342272	0.746629213483146	0.0257984809342273	0.411985018726592	0	"model378"
0	0	1	0	0	0	"model379"
0.149063670411985	0.019485256444571	0.765168539325843	0.019485256444571	0.383895131086142	0	"model380"
0.0127340823970037	0.00078958243699585	0.999625468164794	0.000789582436995852	0.0131086142322097	0	"model381"
0.157303370786517	0.0146923873856927	0.788389513108614	0.0146923873856927	0.368913857677903	0	"model382"
0.176591760299625	0.00883000668901722	0.95	0.00883000668901725	0.226591760299625	0	"model383"
0.0627340823970037	0.00516633750226181	0.984082397003745	0.00516633750226183	0.0786516853932584	0	"model384"
0.0211610486891386	0.00234394299070145	0.994943820224719	0.00234394299070145	0.0262172284644195	0	"model385"
0.291198501872659	0.0294543089573134	0.291198501872659	0.0294543089573134	1	0	"model386"
0.0595505617977528	0.00497812784953231	0.988389513108614	0.00497812784953232	0.0711610486891386	0	"model387"
0.147378277153558	0.0259640891300823	0.791573033707865	0.0259640891300823	0.355805243445693	0	"model388"
0.0219101123595506	0.00318902366403116	0.993820224719101	0.00318902366403117	0.0280898876404494	0	"model389"
0.156179775280899	0.0138795926189137	0.817228464419476	0.0138795926189137	0.338951310861423	0	"model390"
0.202059925093633	0.0147043167923647	0.876217228464419	0.0147043167923647	0.325842696629214	0	"model391"
0.207116104868914	0.0116847530155282	0.207116104868914	0.0116847530155282	1	0	"model392"
0.0222846441947566	0.00311485017475022	0.994194756554307	0.00311485017475023	0.0280898876404494	0	"model393"
0.480898876404494	0.0263624773790233	0.505243445692884	0.0263624773790234	0.975655430711611	0	"model394"
0.122659176029963	0.00377123781947396	0.974719101123595	0.00377123781947392	0.147940074906367	0	"model395"
0.298876404494382	0.0138514905600801	0.298876404494382	0.0138514905600801	1	0	"model396"
0	0	1	0	0	0	"model397"
0.395692883895131	0.0204578432436514	0.397565543071161	0.0204578432436513	0.99812734082397	0	"model398"
0.460674157303371	0.0225411611551408	0.49063670411985	0.0225411611551408	0.970037453183521	0	"model399"
0.0142322097378277	0.000967037040251539	0.999250936329588	0.000967037040251542	0.0149812734082397	0	"model400"
0	0	1	0	0	0	"model401"
0.437640449438202	0.0298198066880907	0.450749063670412	0.0298198066880907	0.98689138576779	0	"model402"
0.482584269662921	0.0255098982441011	0.53689138576779	0.0255098982441011	0.945692883895131	0	"model403"
0	0	1	0	0	0	"model404"
0.473033707865169	0.0230065408235494	0.506741573033708	0.0230065408235495	0.966292134831461	0	"model405"
0	0	1	0	0	0	"model406"
0	0	1	0	0	0	"model407"
0.474157303370787	0.0227270849859148	0.494756554307116	0.0227270849859148	0.97940074906367	0	"model408"
0.276029962546816	0.0154977554393835	0.695505617977528	0.0154977554393835	0.580524344569288	0	"model409"
0.334644194756554	0.0102967877148479	0.334644194756554	0.0102967877148479	1	0	"model410"
0.00187265917602996	0	1	0	0.00187265917602996	0	"model411"
0.153370786516854	0.0177973790438705	0.750749063670412	0.0177973790438705	0.402621722846442	0	"model412"
0	0	1	0	0	0	"model413"
0.424157303370786	0.0189797700318487	0.426029962546816	0.0189797700318487	0.99812734082397	0	"model414"
0	0	1	0	0	0	"model415"
0	0	1	0	0	0	"model416"
0	0	1	0	0	0	"model417"
0.314419475655431	0.0167134758605882	0.688951310861423	0.0167134758605882	0.625468164794007	0	"model418"
0.00187265917602996	0	1	0	0.00187265917602996	0	"model419"
0.281647940074906	0.0132769642658132	0.281647940074906	0.0132769642658132	1	0	"model420"
0.16498127340824	0.0202356977646444	0.827902621722846	0.0202356977646444	0.337078651685393	0	"model421"
0.392883895131086	0.0218173500761251	0.402247191011236	0.0218173500761251	0.99063670411985	0	"model422"
0.139513108614232	0.00879463346042783	0.967228464419476	0.0087946334604278	0.172284644194757	0	"model423"
0	0	1	0	0	0	"model424"
0.184082397003745	0.0152404239858717	0.847003745318352	0.0152404239858717	0.337078651685393	0	"model425"
0.00187265917602996	0	1	0	0.00187265917602996	0	"model426"
0.208052434456929	0.0123415675174168	0.908426966292135	0.0123415675174168	0.299625468164794	0	"model427"
0.00749063670411985	0	1	0	0.00749063670411985	0	"model428"
0	0	1	0	0	0	"model429"
0	0	1	0	0	0	"model430"
0.114232209737828	0.00414060523140499	0.975655430711611	0.00414060523140495	0.138576779026217	0	"model431"
0.413483146067416	0.0236017800085035	0.424719101123596	0.0236017800085035	0.98876404494382	0	"model432"
0.20936329588015	0.00812924873712845	0.947191011235955	0.00812924873712846	0.262172284644195	0	"model433"
0	0	1	0	0	0	"model434"
0	0	1	0	0	0	"model435"
0.209925093632959	0.0179499806280762	0.900936329588015	0.0179499806280762	0.308988764044944	0	"model436"
0.485205992509363	0.0126533511014715	0.537640449438202	0.0126533511014715	0.947565543071161	0	"model437"
0.211610486891386	0.0171632048500219	0.897003745318352	0.0171632048500219	0.314606741573034	0	"model438"
0	0	1	0	0	0	"model439"
0.301685393258427	0.0131368223933094	0.700561797752809	0.0131368223933094	0.601123595505618	0	"model440"
0.0181647940074906	0.00217135170173859	0.997565543071161	0.00217135170173859	0.0205992509363296	0	"model441"
0.293258426966292	0.0158458395515402	0.293258426966292	0.0158458395515402	1	0	"model442"
0.479775280898876	0.0200101127641926	0.515355805243446	0.0200101127641926	0.964419475655431	0	"model443"
0.21498127340824	0.0151827895024053	0.924719101123595	0.0151827895024053	0.290262172284644	0	"model444"
0.208801498127341	0.0164739615735289	0.890449438202247	0.0164739615735289	0.318352059925094	0	"model445"
0	0	1	0	0	0	"model446"
0.0588014981273408	0.00434270340347717	0.983895131086142	0.00434270340347719	0.0749063670411985	0	"model447"
0.252059925093633	0.019243794125341	0.252059925093633	0.019243794125341	1	0	"model448"
0.0910112359550562	0.00600030703655327	0.978651685393258	0.00600030703655323	0.112359550561798	0	"model449"
0.191760299625468	0.0133062797447932	0.723595505617978	0.0133062797447932	0.468164794007491	0	"model450"
0.0205992509363296	0.00197395609248962	0.99812734082397	0.00197395609248963	0.0224719101123595	0	"model451"
0.175093632958802	0.02189668129437	0.75187265917603	0.02189668129437	0.423220973782772	0	"model452"
0.345505617977528	0.0210066400380323	0.654494382022472	0.0210066400380323	0.691011235955056	0	"model453"
0.203183520599251	0.00770854496581053	0.931647940074906	0.0077085449658105	0.271535580524345	0	"model454"
0.155243445692884	0.0195501392689795	0.745131086142322	0.0195501392689795	0.410112359550562	0	"model455"
0	0	1	0	0	0	"model456"
0.172284644194757	0.0134170944196034	0.833333333333333	0.0134170944196034	0.338951310861423	0	"model457"
0.0127340823970037	0.00078958243699585	0.999625468164794	0.000789582436995852	0.0131086142322097	0	"model458"
0.216292134831461	0.0157484092528625	0.721910112359551	0.0157484092528625	0.49438202247191	0	"model459"
0.188389513108614	0.0173708136139087	0.851310861423221	0.0173708136139087	0.337078651685393	0	"model460"
0.151123595505618	0.0132137157519752	0.808426966292135	0.0132137157519752	0.342696629213483	0	"model461"
0.414794007490637	0.0194862562781373	0.426029962546816	0.0194862562781373	0.98876404494382	0	"model462"
0.347191011235955	0.0185425832688972	0.349063670411985	0.0185425832688972	0.99812734082397	0	"model463"
0.0144194756554307	0.000904580321235296	0.999438202247191	0.000904580321235298	0.0149812734082397	0	"model464"
0.22059925093633	0.0116714066342275	0.928464419475655	0.0116714066342274	0.292134831460674	0	"model465"
0.461797752808989	0.0265010497631898	0.501123595505618	0.0265010497631898	0.960674157303371	0	"model466"
0	0	1	0	0	0	"model467"
0	0	1	0	0	0	"model468"
0.250749063670412	0.0148886546083696	0.250749063670412	0.0148886546083696	1	0	"model469"
0.264794007490637	0.0145109270372487	0.264794007490637	0.0145109270372487	1	0	"model470"
0.169850187265918	0.0104096944641852	0.830898876404494	0.0104096944641852	0.338951310861423	0	"model471"
0	0	1	0	0	0	"model472"
0.0110486891385768	0.000592186827746887	0.999812734082397	0.000592186827746889	0.0112359550561798	0	"model473"
0.21123595505618	0.00873015417580379	0.898501872659176	0.00873015417580381	0.312734082397004	0	"model474"
0.212359550561798	0.0103778289341425	0.903370786516854	0.0103778289341425	0.308988764044944	0	"model475"
0.153183520599251	0.016320689982383	0.814232209737828	0.016320689982383	0.338951310861423	0	"model476"
0	0	1	0	0	0	"model477"
0.494007490636704	0.0301673194056045	0.582022471910112	0.0301673194056045	0.911985018726592	0	"model478"
0	0	1	0	0	0	"model479"
0.0593632958801498	0.00572447266821991	0.988202247191011	0.00572447266821993	0.0711610486891386	0	"model480"
0.454868913857678	0.021757437982568	0.477340823970037	0.021757437982568	0.97752808988764	0	"model481"
0.368539325842697	0.0154625160603156	0.634456928838951	0.0154625160603157	0.734082397003745	0	"model482"
0.208801498127341	0.00901343887527693	0.927902621722846	0.00901343887527691	0.280898876404494	0	"model483"
0.273782771535581	0.0213661941175496	0.273782771535581	0.0213661941175496	1	0	"model484"
0.170786516853933	0.0127866043736024	0.833707865168539	0.0127866043736024	0.337078651685393	0	"model485"
0	0	1	0	0	0	"model486"
0.447003745318352	0.0197010311778904	0.596816479400749	0.0197010311778904	0.850187265917603	0	"model487"
0.0213483146067416	0.00201304812691599	0.995131086142322	0.002013048126916	0.0262172284644195	0	"model488"
0.0732209737827715	0.00588556782338235	0.985205992509363	0.00588556782338237	0.0880149812734082	0	"model489"
0.197752808988764	0.0228365477985508	0.718352059925094	0.0228365477985507	0.47940074906367	0	"model490"
0.202808988764045	0.0089614128194797	0.92940074906367	0.00896141281947967	0.273408239700375	0	"model491"
0	0	1	0	0	0	"model492"
0.437265917602996	0.0239044371271743	0.615168539325843	0.0239044371271743	0.822097378277154	0	"model493"
0	0	1	0	0	0	"model494"
0.200749063670412	0.0133238380718659	0.886142322097378	0.0133238380718659	0.314606741573034	0	"model495"
0.379962546816479	0.0154536936597586	0.381835205992509	0.0154536936597586	0.99812734082397	0	"model496"
0.15749063670412	0.00871451873297941	0.960861423220974	0.00871451873297943	0.196629213483146	0	"model497"
0.00561797752808989	0	1	0	0.00561797752808989	0	"model498"
0	0	1	0	0	0	"model499"
0.0393258426966292	0.00330306031343894	0.99438202247191	0.00330306031343895	0.0449438202247191	0	"model500"
0.21498127340824	0.0154876952270677	0.902247191011236	0.0154876952270677	0.312734082397004	0	"model501"
0.0110486891385768	0.000592186827746887	0.999812734082397	0.000592186827746889	0.0112359550561798	0	"model502"
0	0	1	0	0	0	"model503"
0.171348314606742	0.00667944274626488	0.950374531835206	0.0066794427462649	0.220973782771536	0	"model504"
0.405992509363296	0.0223467174384664	0.417228464419476	0.0223467174384664	0.98876404494382	0	"model505"
0.12752808988764	0.00897878833326308	0.970224719101124	0.00897878833326306	0.157303370786517	0	"model506"
0.205430711610487	0.00883000668901722	0.922659176029963	0.0088300066890172	0.282771535580524	0	"model507"
0	0	1	0	0	0	"model508"
0.165543071161049	0.0134518988734592	0.751685393258427	0.0134518988734591	0.413857677902622	0	"model509"
0.192322097378277	0.0136202970381784	0.857116104868914	0.0136202970381784	0.335205992509363	0	"model510"
0.407677902621723	0.0215703820560215	0.418913857677903	0.0215703820560215	0.98876404494382	0	"model511"
0	0	1	0	0	0	"model512"
0.00561797752808989	0	1	0	0.00561797752808989	0	"model513"
0.0284644194756554	0.00290111112075462	0.994756554307116	0.00290111112075463	0.0337078651685393	0	"model514"
0.0172284644194757	0.00212601577602077	0.998501872659176	0.00212601577602078	0.0187265917602996	0	"model515"
0.141198501872659	0.024720992626152	0.770411985018727	0.024720992626152	0.370786516853933	0	"model516"
0.242134831460674	0.0154688146943543	0.242134831460674	0.0154688146943543	1	0	"model517"
0.347378277153558	0.0200771810687583	0.347378277153558	0.0200771810687583	1	0	"model518"
0.351310861423221	0.0148559048995191	0.656554307116105	0.0148559048995191	0.694756554307116	0	"model519"
0.0449438202247191	0.00374531835205993	0.99063670411985	0.00374531835205993	0.0543071161048689	0	"model520"
0	0	1	0	0	0	"model521"
0.0535580524344569	0.00308341798632421	0.986142322097378	0.00308341798632422	0.0674157303370786	0	"model522"
0.234456928838951	0.0182588271027572	0.721348314606742	0.0182588271027572	0.51310861423221	0	"model523"
0.266104868913858	0.0159010709478305	0.266104868913858	0.0159010709478305	1	0	"model524"
0.152808988764045	0.0185215575412267	0.811985018726592	0.0185215575412267	0.340823970037453	0	"model525"
0.291385767790262	0.0193447697063983	0.692134831460674	0.0193447697063983	0.599250936329588	0	"model526"
0	0	1	0	0	0	"model527"
0.143258426966292	0.0184593921131351	0.778089887640449	0.0184593921131351	0.365168539325843	0	"model528"
0	0	1	0	0	0	"model529"
0.0198501872659176	0.00180916064247059	0.997378277153558	0.0018091606424706	0.0224719101123595	0	"model530"
0.0844569288389513	0.00561450856973005	0.981460674157303	0.00561450856973005	0.102996254681648	0	"model531"
0.212921348314607	0.0136202970381784	0.887078651685393	0.0136202970381784	0.325842696629214	0	"model532"
0.194943820224719	0.0100050563820963	0.938389513108614	0.0100050563820963	0.256554307116105	0	"model533"
0.160112359550562	0.0280030562498851	0.781835205992509	0.0280030562498851	0.378277153558052	0	"model534"
0	0	1	0	0	0	"model535"
0.241947565543071	0.0141740494177128	0.241947565543071	0.0141740494177128	1	0	"model536"
0.199250936329588	0.0183099723768994	0.916479400749064	0.0183099723768994	0.282771535580524	0	"model537"
0.134644194756554	0.0125916120109809	0.765730337078652	0.0125916120109809	0.368913857677903	0	"model538"
0	0	1	0	0	0	"model539"
0.212359550561798	0.0170767168596881	0.903370786516854	0.0170767168596881	0.308988764044944	0	"model540"
0.210299625468165	0.0112723090616811	0.895692883895131	0.0112723090616811	0.314606741573034	0	"model541"
0.0202247191011236	0.00276353852948548	0.995880149812734	0.00276353852948548	0.0243445692883895	0	"model542"
0.161985018726592	0.00344736611023323	0.959737827715356	0.00344736611023324	0.202247191011236	0	"model543"
0.297565543071161	0.0180149855992547	0.679588014981273	0.0180149855992548	0.617977528089888	0	"model544"
0.185955056179775	0.0159646559207701	0.847003745318352	0.0159646559207701	0.338951310861423	0	"model545"
0.469101123595506	0.0201159588568315	0.495318352059925	0.0201159588568315	0.973782771535581	0	"model546"
0	0	1	0	0	0	"model547"
0.195131086142322	0.0158851349362472	0.723220973782772	0.0158851349362472	0.471910112359551	0	"model548"
0.496629213483146	0.0269761160262586	0.554681647940075	0.0269761160262585	0.941947565543071	0	"model549"
0.172659176029963	0.0161285621570224	0.831835205992509	0.0161285621570224	0.340823970037453	0	"model550"
0	0	1	0	0	0	"model551"
0.155243445692884	0.0109354317008662	0.964232209737828	0.0109354317008662	0.191011235955056	0	"model552"
0.18501872659176	0.0127560946561246	0.847940074906367	0.0127560946561246	0.337078651685393	0	"model553"
0.174719101123596	0.019200211358129	0.712172284644195	0.019200211358129	0.462546816479401	0	"model554"
0	0	1	0	0	0	"model555"
0.154868913857678	0.0134764976441631	0.750374531835206	0.0134764976441631	0.404494382022472	0	"model556"
0.157677902621723	0.00647505741817226	0.959176029962547	0.00647505741817227	0.198501872659176	0	"model557"
0.0159176029962547	0.001324170002222	0.997191011235955	0.001324170002222	0.0187265917602996	0	"model558"
0.371348314606742	0.012360496313076	0.373220973782772	0.012360496313076	0.99812734082397	0	"model559"
0.0219101123595506	0.00217135170173859	0.995692883895131	0.00217135170173859	0.0262172284644195	0	"model560"
0	0	1	0	0	0	"model561"
0.0213483146067416	0.00267760431829304	0.995131086142322	0.00267760431829304	0.0262172284644195	0	"model562"
0.190074906367041	0.0100361642888973	0.931647940074906	0.0100361642888973	0.258426966292135	0	"model563"
0	0	1	0	0	0	"model564"
0.189887640449438	0.00926708792004776	0.940823970037453	0.00926708792004775	0.249063670411985	0	"model565"
0.213295880149813	0.0106465610521044	0.911797752808989	0.0106465610521045	0.301498127340824	0	"model566"
0.14812734082397	0.0195899603495904	0.805430711610487	0.0195899603495904	0.342696629213483	0	"model567"
0.188576779026217	0.00789829142965625	0.935767790262172	0.00789829142965622	0.252808988764045	0	"model568"
0.206179775280899	0.0139426151586346	0.885955056179775	0.0139426151586346	0.320224719101124	0	"model569"
0	0	1	0	0	0	"model570"
0.205243445692884	0.0157965828593125	0.88876404494382	0.0157965828593125	0.316479400749064	0	"model571"
0	0	1	0	0	0	"model572"
0.222284644194757	0.0262031054047245	0.222284644194757	0.0262031054047245	1	0	"model573"
0.212921348314607	0.0126101654768559	0.903932584269663	0.0126101654768559	0.308988764044944	0	"model574"
0.237265917602996	0.0204768808833969	0.237265917602996	0.0204768808833969	1	0	"model575"
0.175468164794007	0.0117794082851088	0.836516853932584	0.0117794082851087	0.338951310861423	0	"model576"
0.140449438202247	0.0126086203974558	0.140449438202247	0.0126086203974558	1	0	"model577"
0	0	1	0	0	0	"model578"
0.00187265917602996	0	1	0	0.00187265917602996	0	"model579"
0.0157303370786517	0.0015791648739917	0.998876404494382	0.0015791648739917	0.0168539325842697	0	"model580"
0.458239700374532	0.0210029299284947	0.486329588014981	0.0210029299284947	0.971910112359551	0	"model581"
0.0127340823970037	0.00078958243699585	0.999625468164794	0.000789582436995852	0.0131086142322097	0	"model582"
0.478277153558052	0.0283343503022753	0.510112359550562	0.0283343503022753	0.968164794007491	0	"model583"
0.05187265917603	0.00353663307720731	0.993820224719101	0.00353663307720732	0.0580524344569288	0	"model584"
0.170411985018727	0.0183906615014435	0.831460674157303	0.0183906615014435	0.338951310861423	0	"model585"
0	0	1	0	0	0	"model586"
0	0	1	0	0	0	"model587"
0.15	0.0218824407067037	0.777340823970037	0.0218824407067037	0.372659176029963	0	"model588"
0.29063670411985	0.0147928222158288	0.29063670411985	0.0147928222158288	1	0	"model589"
0.493820224719101	0.0135342007453402	0.578089887640449	0.0135342007453401	0.915730337078652	0	"model590"
0.0132958801498127	0.00138176926474274	0.998314606741573	0.00138176926474274	0.0149812734082397	0	"model591"
0.316666666666667	0.0197089408564899	0.316666666666667	0.0197089408564899	1	0	"model592"
0.48501872659176	0.0197986910451357	0.535580524344569	0.0197986910451357	0.949438202247191	0	"model593"
0	0	1	0	0	0	"model594"
0.185955056179775	0.0150344976311486	0.848876404494382	0.0150344976311485	0.337078651685393	0	"model595"
0.397378277153558	0.0166515803735043	0.399250936329588	0.0166515803735043	0.99812734082397	0	"model596"
0.00374531835205993	0	1	0	0.00374531835205993	0	"model597"
0.267228464419476	0.0152404239858717	0.267228464419476	0.0152404239858717	1	0	"model598"
0.229962546816479	0.0175404632106701	0.726217228464419	0.0175404632106701	0.50374531835206	0	"model599"
0.174157303370787	0.0122639717255858	0.956928838951311	0.0122639717255859	0.217228464419476	0	"model600"
0.258052434456929	0.0174736930284307	0.258052434456929	0.0174736930284307	1	0	"model601"
0.0108614232209738	0.00078958243699585	0.999625468164794	0.000789582436995852	0.0112359550561798	0	"model602"
0.465543071161049	0.0202501343062285	0.495505617977528	0.0202501343062286	0.970037453183521	0	"model603"
0.362734082397004	0.0203623880605084	0.362734082397004	0.0203623880605084	1	0	"model604"
0.166292134831461	0.00903718405535774	0.952808988764045	0.00903718405535775	0.213483146067416	0	"model605"
0	0	1	0	0	0	"model606"
0.140262172284644	0.0169909352807504	0.788202247191011	0.0169909352807504	0.352059925093633	0	"model607"
0	0	1	0	0	0	"model608"
0.499250936329588	0.0137385075103493	0.557303370786517	0.0137385075103493	0.941947565543071	0	"model609"
0.0125468164794008	0.00126394860994486	0.999438202247191	0.00126394860994486	0.0131086142322097	0	"model610"
0	0	1	0	0	0	"model611"
0	0	1	0	0	0	"model612"
0.00936329588014981	0	1	0	0.00936329588014981	0	"model613"
0.210674157303371	0.0106757998604788	0.916666666666667	0.0106757998604788	0.294007490636704	0	"model614"
0.330711610486891	0.0195252098522071	0.330711610486891	0.0195252098522071	1	0	"model615"
0.203183520599251	0.0120476024129955	0.203183520599251	0.0120476024129955	1	0	"model616"
0.22247191011236	0.0150020663029211	0.72434456928839	0.0150020663029212	0.49812734082397	0	"model617"
0.45749063670412	0.0227485058327083	0.4687265917603	0.0227485058327083	0.98876404494382	0	"model618"
0.160674157303371	0.0143380431050356	0.819850187265918	0.0143380431050356	0.340823970037453	0	"model619"
0.188202247191011	0.0113481017245305	0.939138576779026	0.0113481017245305	0.249063670411985	0	"model620"
0	0	1	0	0	0	"model621"
0.209925093632959	0.018079756849427	0.893445692883895	0.018079756849427	0.316479400749064	0	"model622"
0.334644194756554	0.0151892041334332	0.336516853932584	0.0151892041334332	0.99812734082397	0	"model623"
0.243632958801498	0.0192690876276558	0.243632958801498	0.0192690876276558	1	0	"model624"
0.0443820224719101	0.00423826346985467	0.991947565543071	0.00423826346985468	0.052434456928839	0	"model625"
0	0	1	0	0	0	"model626"
0.111985018726592	0.00886304087355748	0.977153558052434	0.00886304087355745	0.134831460674157	0	"model627"
0	0	1	0	0	0	"model628"
0.182584269662921	0.0215016287760922	0.73314606741573	0.0215016287760922	0.449438202247191	0	"model629"
0.0631086142322097	0.00522632601471522	0.986329588014981	0.00522632601471524	0.0767790262172285	0	"model630"
0.449812734082397	0.0201846059563926	0.614606741573034	0.0201846059563927	0.835205992509363	0	"model631"
0.0859550561797753	0.00445344793551485	0.981086142322097	0.00445344793551482	0.104868913857678	0	"model632"
0.198876404494382	0.0114693473936138	0.925468164794008	0.0114693473936138	0.273408239700375	0	"model633"
0.491947565543071	0.0158421506120067	0.56123595505618	0.0158421506120067	0.930711610486891	0	"model634"
0	0	1	0	0	0	"model635"
0.493258426966292	0.019485256444571	0.530711610486891	0.019485256444571	0.962546816479401	0	"model636"
0.444007490636704	0.0208427704735845	0.621910112359551	0.0208427704735845	0.822097378277154	0	"model637"
0.214606741573034	0.01181738783141	0.92059925093633	0.01181738783141	0.294007490636704	0	"model638"
0.212359550561798	0.00874798903438444	0.908988764044944	0.00874798903438447	0.303370786516854	0	"model639"
0	0	1	0	0	0	"model640"
0	0	1	0	0	0	"model641"
0.400561797752809	0.0203700409361184	0.402434456928839	0.0203700409361184	0.99812734082397	0	"model642"
0.268352059925094	0.0174792669521516	0.268352059925094	0.0174792669521516	1	0	"model643"
0.191385767790262	0.00641459804178034	0.951685393258427	0.00641459804178035	0.239700374531835	0	"model644"
0	0	1	0	0	0	"model645"
0.0559925093632959	0.00454009901272614	0.986704119850187	0.00454009901272615	0.0692883895131086	0	"model646"
0.480711610486891	0.0170961008466059	0.581835205992509	0.0170961008466059	0.898876404494382	0	"model647"
0.15374531835206	0.00719614621071391	0.953370786516854	0.00719614621071393	0.200374531835206	0	"model648"
0	0	1	0	0	0	"model649"
0.0213483146067416	0.00252789721988971	0.995131086142322	0.00252789721988972	0.0262172284644195	0	"model650"
0	0	1	0	0	0	"model651"
0.0243445692883895	0.00292785003734297	0.99438202247191	0.00292785003734297	0.0299625468164794	0	"model652"
0.179775280898876	0.0116780817315042	0.934456928838951	0.0116780817315042	0.245318352059925	0	"model653"
0.303558052434457	0.0158765473814972	0.303558052434457	0.0158765473814972	1	0	"model654"
0	0	1	0	0	0	"model655"
0.264419475655431	0.0240757914712942	0.702621722846442	0.0240757914712942	0.561797752808989	0	"model656"
0.224531835205993	0.0216317129198819	0.728277153558052	0.0216317129198819	0.49625468164794	0	"model657"
0.34625468164794	0.0127759342602086	0.34812734082397	0.0127759342602086	0.99812734082397	0	"model658"
0	0	1	0	0	0	"model659"
0.24812734082397	0.0161394300547414	0.24812734082397	0.0161394300547414	1	0	"model660"
0.14438202247191	0.0132842992005011	0.799812734082397	0.0132842992005011	0.344569288389513	0	"model661"
0.202434456928839	0.00875911738010539	0.915917602996255	0.00875911738010541	0.286516853932584	0	"model662"
0.432771535580524	0.0255312735516232	0.444007490636704	0.0255312735516232	0.98876404494382	0	"model663"
0.340074906367041	0.0161623493959373	0.658426966292135	0.0161623493959373	0.681647940074906	0	"model664"
0.487827715355805	0.00987964531294907	0.538389513108614	0.0098796453129491	0.949438202247191	0	"model665"
0.232397003745318	0.0213232946521152	0.232397003745318	0.0213232946521152	1	0	"model666"
0	0	1	0	0	0	"model667"
0	0	1	0	0	0	"model668"
0	0	1	0	0	0	"model669"
0.308426966292135	0.0208726606321319	0.308426966292135	0.0208726606321319	1	0	"model670"
0	0	1	0	0	0	"model671"
0.00561797752808989	0	1	0	0.00561797752808989	0	"model672"
0.197940074906367	0.0161104327022794	0.197940074906367	0.0161104327022794	1	0	"model673"
0.0919475655430712	0.00889157122625189	0.977715355805243	0.00889157122625186	0.114232209737828	0	"model674"
0.0123595505617978	0.00096703704025154	0.999250936329588	0.000967037040251542	0.0131086142322097	0	"model675"
0.0155430711610487	0.00177656048324066	0.996816479400749	0.00177656048324067	0.0187265917602996	0	"model676"
0.183707865168539	0.0108997415544266	0.846629213483146	0.0108997415544266	0.337078651685393	0	"model677"
0	0	1	0	0	0	"model678"
0	0	1	0	0	0	"model679"
0.172659176029963	0.0166749641518742	0.835580524344569	0.0166749641518741	0.337078651685393	0	"model680"
0.414044943820225	0.0177535376691287	0.415917602996255	0.0177535376691287	0.99812734082397	0	"model681"
0.170411985018727	0.0142343998139718	0.833333333333333	0.0142343998139717	0.337078651685393	0	"model682"
0.178277153558052	0.0170447422380784	0.841198501872659	0.0170447422380784	0.337078651685393	0	"model683"
0.0878277153558052	0.00554467365573095	0.979213483146067	0.00554467365573092	0.108614232209738	0	"model684"
0.199063670411985	0.0130654422550069	0.921910112359551	0.0130654422550069	0.277153558052434	0	"model685"
0.164794007490637	0.0148768730184931	0.825842696629214	0.0148768730184931	0.338951310861423	0	"model686"
0.210486891385768	0.0125838733266958	0.912734082397004	0.0125838733266958	0.297752808988764	0	"model687"
0.131647940074906	0.00660906912987088	0.96685393258427	0.00660906912987089	0.164794007490637	0	"model688"
0.320786516853933	0.0127025263214344	0.320786516853933	0.0127025263214344	1	0	"model689"
0.334831460674157	0.0296724407479597	0.664419475655431	0.0296724407479597	0.670411985018727	0	"model690"
0	0	1	0	0	0	"model691"
0	0	1	0	0	0	"model692"
0.476591760299625	0.0226145080308824	0.489700374531835	0.0226145080308824	0.98689138576779	0	"model693"
0.210112359550562	0.012321028505843	0.899250936329588	0.012321028505843	0.310861423220974	0	"model694"
0.16498127340824	0.0133428335188019	0.726779026217228	0.0133428335188019	0.438202247191011	0	"model695"
0.241198501872659	0.0182588271027572	0.241198501872659	0.0182588271027572	1	0	"model696"
0.196629213483146	0.00499375780274657	0.934456928838951	0.00499375780274654	0.262172284644195	0	"model697"
0.140074906367041	0.0214934723761871	0.791760299625468	0.0214934723761871	0.348314606741573	0	"model698"
0.193820224719101	0.0108925894922691	0.933520599250936	0.0108925894922691	0.260299625468165	0	"model699"
0.187265917602996	0.0206464861529853	0.187265917602996	0.0206464861529853	1	0	"model700"
0.135955056179775	0.00679224494818249	0.965543071161049	0.00679224494818251	0.170411985018727	0	"model701"
0.0934456928838951	0.00379184582983457	0.981086142322097	0.00379184582983456	0.112359550561798	0	"model702"
0.150561797752809	0.0220906765971944	0.807865168539326	0.0220906765971944	0.342696629213483	0	"model703"
0.184082397003745	0.0136773934823212	0.847003745318352	0.0136773934823212	0.337078651685393	0	"model704"
0.157677902621723	0.00994058888259395	0.770037453183521	0.00994058888259397	0.387640449438202	0	"model705"
0.168164794007491	0.0172718338132547	0.748689138576779	0.0172718338132547	0.419475655430712	0	"model706"
0.477902621722846	0.0181303327046772	0.528464419475655	0.0181303327046772	0.949438202247191	0	"model707"
0.143258426966292	0.0137965269071787	0.791198501872659	0.0137965269071787	0.352059925093633	0	"model708"
0.0754681647940075	0.00759652580603061	0.983707865168539	0.00759652580603059	0.0917602996254682	0	"model709"
0.21498127340824	0.00616683597264842	0.930337078651685	0.00616683597264839	0.284644194756554	0	"model710"
0	0	1	0	0	0	"model711"
0	0	1	0	0	0	"model712"
0.162734082397004	0.00627022422164678	0.956741573033708	0.0062702242216468	0.205992509363296	0	"model713"
0.0840823970037453	0.00335572535723236	0.982958801498127	0.00335572535723237	0.101123595505618	0	"model714"
0.0108614232209738	0.00078958243699585	0.999625468164794	0.000789582436995852	0.0112359550561798	0	"model715"
0.12940074906367	0.00639330218680118	0.966479400749064	0.00639330218680117	0.162921348314607	0	"model716"
0.343445692883895	0.0173258928932141	0.663670411985019	0.017325892893214	0.679775280898876	0	"model717"
0.45749063670412	0.0115792338417184	0.605430711610487	0.0115792338417184	0.852059925093633	0	"model718"
0.428277153558052	0.0178105104123888	0.439513108614232	0.0178105104123888	0.98876404494382	0	"model719"
0	0	1	0	0	0	"model720"
0.00561797752808989	0	1	0	0.00561797752808989	0	"model721"
0.143445692883895	0.0060648977785224	0.965543071161049	0.00606489777852242	0.177902621722846	0	"model722"
0	0	1	0	0	0	"model723"
0.0544943820224719	0.00399207913990499	0.988951310861423	0.003992079139905	0.0655430711610487	0	"model724"
0.256554307116105	0.0140968661556008	0.256554307116105	0.0140968661556008	1	0	"model725"
0.350749063670412	0.0209285896193985	0.674719101123595	0.0209285896193985	0.676029962546816	0	"model726"
0	0	1	0	0	0	"model727"
0.221348314606742	0.00610332412563311	0.934831460674157	0.00610332412563309	0.286516853932584	0	"model728"
0.157303370786517	0.0049151110324668	0.966292134831461	0.00491511103246681	0.191011235955056	0	"model729"
0.098876404494382	0.00412174132814461	0.975280898876404	0.00412174132814457	0.123595505617978	0	"model730"
0.40936329588015	0.0186891010485013	0.4187265917603	0.0186891010485013	0.99063670411985	0	"model731"
0.486142322097378	0.0164016628213883	0.561048689138577	0.0164016628213883	0.925093632958802	0	"model732"
0	0	1	0	0	0	"model733"
0.0754681647940075	0.00711993676534775	0.979962546816479	0.00711993676534773	0.0955056179775281	0	"model734"
0.407865168539326	0.0231180514786681	0.636329588014981	0.0231180514786681	0.771535580524345	0	"model735"
0.208239700374532	0.0138964265761242	0.882397003745318	0.0138964265761242	0.325842696629214	0	"model736"
0.37752808988764	0.0117512575538078	0.37752808988764	0.0117512575538078	1	0	"model737"
0.0848314606741573	0.00385300857977802	0.981835205992509	0.00385300857977801	0.102996254681648	0	"model738"
0	0	1	0	0	0	"model739"
0.152247191011236	0.0134764976441631	0.762734082397004	0.0134764976441631	0.389513108614232	0	"model740"
0.0749063670411985	0.00648708167628793	0.98314606741573	0.00648708167628791	0.0917602996254682	0	"model741"
0	0	1	0	0	0	"model742"
0.20187265917603	0.00641459804178034	0.900374531835206	0.00641459804178035	0.301498127340824	0	"model743"
0.364419475655431	0.0320267912679751	0.373782771535581	0.0320267912679751	0.99063670411985	0	"model744"
0.0153558052434457	0.00172085502522974	0.998501872659176	0.00172085502522974	0.0168539325842697	0	"model745"
0.176404494382022	0.0109478957644913	0.839325842696629	0.0109478957644912	0.337078651685393	0	"model746"
0	0	1	0	0	0	"model747"
0.195318352059925	0.0109211696384547	0.858239700374532	0.0109211696384547	0.337078651685393	0	"model748"
0.291011235955056	0.0155479588602804	0.691760299625468	0.0155479588602804	0.599250936329588	0	"model749"
0.401123595505618	0.0146072750844232	0.623970037453184	0.0146072750844232	0.777153558052434	0	"model750"
0.0719101123595506	0.00320729902089017	0.982022471910112	0.00320729902089018	0.0898876404494382	0	"model751"
0.184456928838951	0.017146169406767	0.847378277153558	0.017146169406767	0.337078651685393	0	"model752"
0.149063670411985	0.00775641676255135	0.961797752808989	0.00775641676255136	0.187265917602996	0	"model753"
0.200936329588015	0.0149565443010063	0.923782771535581	0.0149565443010063	0.277153558052434	0	"model754"
0.0443820224719101	0.00250466949409974	0.990074906367041	0.00250466949409974	0.0543071161048689	0	"model755"
0.27434456928839	0.0210991807505063	0.27434456928839	0.0210991807505063	1	0	"model756"
0.175842696629213	0.0128367868753517	0.83689138576779	0.0128367868753517	0.338951310861423	0	"model757"
0	0	1	0	0	0	"model758"
0.196441947565543	0.0135457118686163	0.87059925093633	0.0135457118686163	0.325842696629214	0	"model759"
0.0138576779026217	0.00130937434228483	0.998876404494382	0.00130937434228484	0.0149812734082397	0	"model760"
0.317041198501873	0.0181786245402966	0.317041198501873	0.0181786245402966	1	0	"model761"
0.449812734082397	0.0178923631234423	0.612734082397004	0.0178923631234423	0.837078651685393	0	"model762"
0.151498127340824	0.0171507138461277	0.788202247191011	0.0171507138461277	0.363295880149813	0	"model763"
0.18314606741573	0.00903718405535773	0.939700374531835	0.00903718405535772	0.243445692883895	0	"model764"
0.454307116104869	0.0216272092216132	0.473033707865169	0.0216272092216132	0.9812734082397	0	"model765"
0.367415730337079	0.0226755923927898	0.623970037453184	0.0226755923927899	0.743445692883895	0	"model766"
0.458239700374532	0.0245921974840494	0.478838951310861	0.0245921974840494	0.97940074906367	0	"model767"
0	0	1	0	0	0	"model768"
0.118913857677903	0.00824584570138758	0.970973782771536	0.00824584570138756	0.147940074906367	0	"model769"
0.476029962546817	0.0153105715023779	0.507865168539326	0.0153105715023779	0.968164794007491	0	"model770"
0.152808988764045	0.0133647177938303	0.789513108614232	0.0133647177938303	0.363295880149813	0	"model771"
0	0	1	0	0	0	"model772"
0	0	1	0	0	0	"model773"
0.451123595505618	0.00976858997106714	0.467977528089888	0.00976858997106714	0.98314606741573	0	"model774"
0	0	1	0	0	0	"model775"
0.470224719101124	0.0210474080792789	0.580711610486891	0.0210474080792789	0.889513108614232	0	"model776"
0.202247191011236	0.0155679948980523	0.882022471910112	0.0155679948980523	0.320224719101124	0	"model777"
0	0	1	0	0	0	"model778"
0.291573033707865	0.0169587989247832	0.291573033707865	0.0169587989247832	1	0	"model779"
0.302621722846442	0.0221962563444362	0.302621722846442	0.0221962563444362	1	0	"model780"
0.304119850187266	0.0148296530590753	0.304119850187266	0.0148296530590753	1	0	"model781"
0.226591760299625	0.0298974532205444	0.226591760299625	0.0298974532205444	1	0	"model782"
0.476404494382022	0.022733941852864	0.536329588014981	0.022733941852864	0.940074906367041	0	"model783"
0.473970037453184	0.0194301863668469	0.584456928838951	0.0194301863668469	0.889513108614232	0	"model784"
0.194194756554307	0.010992294907522	0.857116104868914	0.0109922949075221	0.337078651685393	0	"model785"
0.214232209737828	0.0172808554037436	0.892134831460674	0.0172808554037436	0.322097378277154	0	"model786"
0.0144194756554307	0.000904580321235296	0.999438202247191	0.000904580321235298	0.0149812734082397	0	"model787"
0	0	1	0	0	0	"model788"
0	0	1	0	0	0	"model789"
0	0	1	0	0	0	"model790"
0.485955056179775	0.0197247506982834	0.557116104868914	0.0197247506982833	0.928838951310861	0	"model791"
0.194756554307116	0.0107031387012998	0.940074906367041	0.0107031387012998	0.254681647940075	0	"model792"
0.188014981273408	0.0125528708816474	0.860299625468165	0.0125528708816474	0.327715355805243	0	"model793"
0	0	1	0	0	0	"model794"
0.00187265917602996	0	1	0	0.00187265917602996	0	"model795"
0.478838951310861	0.0195421653156473	0.5312734082397	0.0195421653156473	0.947565543071161	0	"model796"
0.205430711610487	0.0157681905880306	0.205430711610487	0.0157681905880306	1	0	"model797"
0.340823970037453	0.0255549182153043	0.662921348314607	0.0255549182153043	0.677902621722846	0	"model798"
0.262921348314607	0.0161382228719689	0.701123595505618	0.0161382228719689	0.561797752808989	0	"model799"
0.157116104868914	0.0136602896071655	0.818164794007491	0.0136602896071655	0.338951310861423	0	"model800"
0	0	1	0	0	0	"model801"
0.486329588014981	0.0214071875140943	0.587453183520599	0.0214071875140943	0.898876404494382	0	"model802"
0	0	1	0	0	0	"model803"
0.216292134831461	0.0134822790676999	0.916666666666667	0.0134822790676999	0.299625468164794	0	"model804"
0.0125468164794007	0.000904580321235296	0.999438202247191	0.000904580321235298	0.0131086142322097	0	"model805"
0.491947565543071	0.0192812167230413	0.56123595505618	0.0192812167230413	0.930711610486891	0	"model806"
0.163670411985019	0.0147241776588195	0.779775280898876	0.0147241776588195	0.383895131086142	0	"model807"
0.402808988764045	0.0239728007666458	0.414044943820225	0.0239728007666458	0.98876404494382	0	"model808"
0.163295880149813	0.0170447422380784	0.826217228464419	0.0170447422380784	0.337078651685393	0	"model809"
0.0861423220973783	0.00585570007468593	0.98314606741573	0.00585570007468592	0.102996254681648	0	"model810"
0	0	1	0	0	0	"model811"
0	0	1	0	0	0	"model812"
0.351685393258427	0.0255671133571176	0.662546816479401	0.0255671133571176	0.689138576779026	0	"model813"
0.380337078651685	0.0225316517576934	0.389700374531835	0.0225316517576935	0.99063670411985	0	"model814"
0.313857677902622	0.0248781125034118	0.686516853932584	0.0248781125034118	0.627340823970037	0	"model815"
0	0	1	0	0	0	"model816"
0	0	1	0	0	0	"model817"
0.445692883895131	0.0188716809710749	0.608614232209738	0.0188716809710749	0.837078651685393	0	"model818"
0.484831460674157	0.0174435630630602	0.527902621722846	0.0174435630630601	0.956928838951311	0	"model819"
0.281086142322097	0.0198664731125769	0.281086142322097	0.0198664731125769	1	0	"model820"
0.0584269662921348	0.0039281230268545	0.989138576779026	0.00392812302685451	0.0692883895131086	0	"model821"
0.214419475655431	0.0152710734366106	0.890449438202247	0.0152710734366106	0.323970037453184	0	"model822"
0.15374531835206	0.017488181534882	0.794194756554307	0.017488181534882	0.359550561797753	0	"model823"
0.30561797752809	0.0179141273488868	0.30561797752809	0.0179141273488868	1	0	"model824"
0.202621722846442	0.0114693473936138	0.901123595505618	0.0114693473936138	0.301498127340824	0	"model825"
0.0883895131086142	0.00710624193296265	0.977902621722846	0.00710624193296262	0.110486891385768	0	"model826"
0.213857677902622	0.00827179464343443	0.893632958801498	0.00827179464343441	0.320224719101124	0	"model827"
0.283333333333333	0.017344998414485	0.283333333333333	0.017344998414485	1	0	"model828"
0.308426966292135	0.0293589058435352	0.692322097378277	0.0293589058435352	0.616104868913858	0	"model829"
0.411423220973783	0.0141534166015667	0.413295880149813	0.0141534166015667	0.99812734082397	0	"model830"
0.210674157303371	0.00790815197210981	0.899812734082397	0.00790815197210981	0.310861423220974	0	"model831"
0.0265917602996255	0.00261874868456967	0.992883895131086	0.00261874868456967	0.0337078651685393	0	"model832"
0.252059925093633	0.0116178677893951	0.252059925093633	0.0116178677893951	1	0	"model833"
0.161423220973783	0.00513228584047302	0.959176029962547	0.00513228584047304	0.202247191011236	0	"model834"
0.153932584269663	0.0106227452615144	0.957303370786517	0.0106227452615145	0.196629213483146	0	"model835"
0.0170411985018727	0.00163969107822268	0.998314606741573	0.00163969107822269	0.0187265917602996	0	"model836"
0.213483146067416	0.0137611783302426	0.913857677902622	0.0137611783302426	0.299625468164794	0	"model837"
0.307116104868914	0.0229522800385146	0.307116104868914	0.0229522800385146	1	0	"model838"
0.320973782771536	0.0128595323663601	0.688014981273408	0.0128595323663601	0.632958801498127	0	"model839"
0.185205992509363	0.0141919069275741	0.84812734082397	0.0141919069275741	0.337078651685393	0	"model840"
0.18689138576779	0.00929228168086312	0.849812734082397	0.0092922816808631	0.337078651685393	0	"model841"
0.195318352059925	0.00983220376479546	0.869475655430712	0.00983220376479549	0.325842696629214	0	"model842"
0.300374531835206	0.014348909376474	0.686142322097378	0.014348909376474	0.614232209737828	0	"model843"
0.471535580524345	0.0166749641518741	0.492134831460674	0.0166749641518742	0.97940074906367	0	"model844"
0.21310861423221	0.00997970980859492	0.920973782771536	0.00997970980859492	0.292134831460674	0	"model845"
0.145505617977528	0.0189139606841775	0.754119850187266	0.0189139606841775	0.391385767790262	0	"model846"
0.00561797752808989	0	1	0	0.00561797752808989	0	"model847"
0	0	1	0	0	0	"model848"
0.0711610486891386	0.00341899224410216	0.9812734082397	0.00341899224410215	0.0898876404494382	0	"model849"
0.0681647940074906	0.00434270340347717	0.983895131086142	0.00434270340347719	0.0842696629213483	0	"model850"
0	0	1	0	0	0	"model851"
0.00187265917602996	0	1	0	0.00187265917602996	0	"model852"
0.207865168539326	0.0116780817315042	0.940074906367041	0.0116780817315042	0.267790262172285	0	"model853"
0.169101123595506	0.0108136046108066	0.95187265917603	0.0108136046108066	0.217228464419476	0	"model854"
0.191947565543071	0.0150137496514428	0.191947565543071	0.0150137496514428	1	0	"model855"
0.140823970037453	0.00903718405535774	0.78314606741573	0.00903718405535773	0.357677902621723	0	"model856"
0.123220973782772	0.0154372958248685	0.123220973782772	0.0154372958248685	1	0	"model857"
0	0	1	0	0	0	"model858"
0	0	1	0	0	0	"model859"
0.0629213483146067	0.00396760264221491	0.988014981273408	0.00396760264221492	0.0749063670411985	0	"model860"
0	0	1	0	0	0	"model861"
0.13876404494382	0.016023125785658	0.794194756554307	0.016023125785658	0.344569288389513	0	"model862"
0.286516853932584	0.0189951611169824	0.286516853932584	0.0189951611169824	1	0	"model863"
0	0	1	0	0	0	"model864"
0.302808988764045	0.0149304694131481	0.302808988764045	0.0149304694131481	1	0	"model865"
0.383895131086142	0.0261874868456967	0.632958801498127	0.0261874868456967	0.750936329588015	0	"model866"
0.126029962546816	0.00522632601471523	0.9687265917603	0.00522632601471521	0.157303370786517	0	"model867"
0.209550561797753	0.0145176385343178	0.883707865168539	0.0145176385343178	0.325842696629214	0	"model868"
0	0	1	0	0	0	"model869"
0	0	1	0	0	0	"model870"
0.490262172284644	0.0173842671955928	0.516479400749064	0.0173842671955928	0.973782771535581	0	"model871"
0.352621722846442	0.0174569605789085	0.354494382022472	0.0174569605789085	0.99812734082397	0	"model872"
0	0	1	0	0	0	"model873"
0.146441947565543	0.0102493761556923	0.79812734082397	0.0102493761556923	0.348314606741573	0	"model874"
0.418352059925094	0.0208567868189898	0.431460674157303	0.0208567868189898	0.98689138576779	0	"model875"
0.202996254681648	0.0145377544349659	0.877153558052434	0.0145377544349659	0.325842696629214	0	"model876"
0.207116104868914	0.0123020389823471	0.88314606741573	0.0123020389823471	0.323970037453184	0	"model877"
0.208801498127341	0.0148046706936722	0.916666666666667	0.0148046706936722	0.292134831460674	0	"model878"
0.206741573033708	0.0133647177938304	0.931460674157303	0.0133647177938303	0.275280898876405	0	"model879"
0.0284644194756554	0.00448396629115305	0.994756554307116	0.00448396629115306	0.0337078651685393	0	"model880"
0	0	1	0	0	0	"model881"
0	0	1	0	0	0	"model882"
0.36310861423221	0.0167367731619174	0.36498127340824	0.0167367731619174	0.99812734082397	0	"model883"
0.149625468164794	0.0255465306783295	0.805056179775281	0.0255465306783295	0.344569288389513	0	"model884"
0.0734082397003745	0.00748022580721361	0.983520599250936	0.00748022580721361	0.0898876404494382	0	"model885"
0.200374531835206	0.0102569767323065	0.932584269662921	0.0102569767323065	0.267790262172285	0	"model886"
0.0739700374531835	0.00531503944005194	0.984082397003745	0.00531503944005193	0.0898876404494382	0	"model887"
0.464606741573034	0.0190248819084402	0.485205992509363	0.0190248819084402	0.97940074906367	0	"model888"
0.173782771535581	0.0100961631056957	0.836704119850187	0.0100961631056957	0.337078651685393	0	"model889"
0.0174157303370787	0.00126394860994486	0.998689138576779	0.00126394860994486	0.0187265917602996	0	"model890"
0.109176029962547	0.00565599565047405	0.97059925093633	0.00565599565047405	0.138576779026217	0	"model891"
0.0722846441947566	0.00523749736913933	0.982397003745318	0.00523749736913931	0.0898876404494382	0	"model892"
0.337640449438202	0.0149304694131481	0.674719101123595	0.0149304694131481	0.662921348314607	0	"model893"
0.346441947565543	0.0199359793042089	0.659176029962547	0.0199359793042089	0.687265917602996	0	"model894"
0.463295880149813	0.0188137795561441	0.495131086142322	0.0188137795561441	0.968164794007491	0	"model895"
0.298314606741573	0.0144260946485061	0.298314606741573	0.0144260946485061	1	0	"model896"
0.212546816479401	0.00650208072908853	0.912921348314607	0.00650208072908855	0.299625468164794	0	"model897"
0.141947565543071	0.0259903385950267	0.789887640449438	0.0259903385950267	0.352059925093633	0	"model898"
0.132209737827715	0.00819607868273151	0.969288389513109	0.0081960786827315	0.162921348314607	0	"model899"
0	0	1	0	0	0	"model900"
0.204119850187266	0.00930066443555014	0.872659176029963	0.00930066443555014	0.331460674157303	0	"model901"
0.110674157303371	0.00735679426645997	0.972097378277154	0.00735679426645995	0.138576779026217	0	"model902"
0	0	1	0	0	0	"model903"
0.0934456928838951	0.0050287475808047	0.979213483146067	0.00502874758080467	0.114232209737828	0	"model904"
0.00561797752808989	0	1	0	0.00561797752808989	0	"model905"
0.147565543071161	0.0194972510634013	0.780524344569288	0.0194972510634013	0.367041198501873	0	"model906"
0	0	1	0	0	0	"model907"
0.247378277153558	0.012714790409564	0.247378277153558	0.012714790409564	1	0	"model908"
0.0745318352059925	0.0047374946219751	0.982771535580524	0.00473749462197509	0.0917602996254682	0	"model909"
0.0127340823970037	0.00078958243699585	0.999625468164794	0.000789582436995852	0.0131086142322097	0	"model910"
0.465917602996255	0.0174736930284307	0.512734082397004	0.0174736930284307	0.953183520599251	0	"model911"
0.208614232209738	0.0131294050687989	0.907116104868914	0.0131294050687989	0.301498127340824	0	"model912"
0.461048689138577	0.0224510931462312	0.498501872659176	0.0224510931462312	0.962546816479401	0	"model913"
0.0973782771535581	0.00660612062687788	0.975655430711611	0.00660612062687785	0.121722846441948	0	"model914"
0	0	1	0	0	0	"model915"
0.397003745318352	0.0149030416807907	0.406367041198502	0.0149030416807907	0.99063670411985	0	"model916"
0.129775280898876	0.0110629629121662	0.96498127340824	0.0110629629121663	0.164794007490637	0	"model917"
0.185580524344569	0.00627022422164678	0.846629213483146	0.00627022422164677	0.338951310861423	0	"model918"
0.181835205992509	0.0177754718727854	0.844756554307116	0.0177754718727854	0.337078651685393	0	"model919"
0.283895131086142	0.0184794343173957	0.283895131086142	0.0184794343173957	1	0	"model920"
0.194007490636704	0.0147506172162217	0.856928838951311	0.0147506172162216	0.337078651685393	0	"model921"
0.471348314606742	0.0242089438916719	0.490074906367041	0.0242089438916719	0.9812734082397	0	"model922"
0.33876404494382	0.0217932262097039	0.34812734082397	0.0217932262097039	0.99063670411985	0	"model923"
0.209925093632959	0.0101212180493245	0.902808988764045	0.0101212180493245	0.307116104868914	0	"model924"
0.0374531835205993	0.00458705944341419	0.99063670411985	0.0045870594434142	0.0468164794007491	0	"model925"
0.191385767790262	0.0134981652142577	0.854307116104869	0.0134981652142577	0.337078651685393	0	"model926"
0.0144194756554307	0.000904580321235296	0.999438202247191	0.000904580321235298	0.0149812734082397	0	"model927"
0	0	1	0	0	0	"model928"
0.286704119850187	0.0175326864586981	0.694943820224719	0.0175326864586981	0.591760299625468	0	"model929"
0.204494382022472	0.0101730580711428	0.889887640449438	0.0101730580711427	0.314606741573034	0	"model930"
0	0	1	0	0	0	"model931"
0.449063670411985	0.0160073112857175	0.611985018726592	0.0160073112857175	0.837078651685393	0	"model932"
0.198689138576779	0.0155542228945623	0.872846441947566	0.0155542228945623	0.325842696629214	0	"model933"
0.0709737827715356	0.00358043205985018	0.981086142322097	0.00358043205985017	0.0898876404494382	0	"model934"
0	0	1	0	0	0	"model935"
0	0	1	0	0	0	"model936"
0.1	0.00552707705897095	0.976404494382022	0.00552707705897092	0.123595505617978	0	"model937"
0.224157303370787	0.0142904060177652	0.932022471910112	0.0142904060177652	0.292134831460674	0	"model938"
0.0204119850187266	0.0040885200733615	0.994194756554307	0.00408852007336151	0.0262172284644195	0	"model939"
0.478089887640449	0.0236553745752545	0.597940074906367	0.0236553745752545	0.880149812734082	0	"model940"
0.149063670411985	0.0208941177721103	0.778277153558052	0.0208941177721104	0.370786516853933	0	"model941"
0.408988764044944	0.0202308832948361	0.410861423220974	0.0202308832948361	0.99812734082397	0	"model942"
0.0166666666666667	0.000592186827746887	0.999812734082397	0.000592186827746889	0.0168539325842697	0	"model943"
0.0368913857677903	0.00467540157579875	0.993820224719101	0.00467540157579876	0.0430711610486891	0	"model944"
0.404681647940075	0.0133428335188019	0.63689138576779	0.013342833518802	0.767790262172285	0	"model945"
0.26685393258427	0.0265017849130509	0.26685393258427	0.0265017849130509	1	0	"model946"
0.255805243445693	0.0175715358005012	0.255805243445693	0.0175715358005012	1	0	"model947"
0.309550561797753	0.0193417481090499	0.655992509363296	0.0193417481090499	0.653558052434457	0	"model948"
0	0	1	0	0	0	"model949"
0	0	1	0	0	0	"model950"
0.00749063670411985	0	1	0	0.00749063670411985	0	"model951"
0.170973782771536	0.0202857005154536	0.832022471910112	0.0202857005154535	0.338951310861423	0	"model952"
0.474157303370787	0.0219774991553483	0.554681647940075	0.0219774991553483	0.919475655430712	0	"model953"
0.192322097378277	0.0137908772235237	0.866479400749064	0.0137908772235237	0.325842696629214	0	"model954"
0.197565543071161	0.009269190015554	0.929775280898876	0.00926919001555397	0.267790262172285	0	"model955"
0	0	1	0	0	0	"model956"
0	0	1	0	0	0	"model957"
0.0372659176029963	0.00379184582983457	0.990449438202247	0.00379184582983458	0.0468164794007491	0	"model958"
0	0	1	0	0	0	"model959"
0	0	1	0	0	0	"model960"
0.0822097378277154	0.00627022422164678	0.979213483146067	0.00627022422164676	0.102996254681648	0	"model961"
0.146816479400749	0.0189376372436817	0.772284644194757	0.0189376372436817	0.374531835205993	0	"model962"
0.0138576779026217	0.00130937434228483	0.998876404494382	0.00130937434228484	0.0149812734082397	0	"model963"
0	0	1	0	0	0	"model964"
0.0382022471910112	0.00252789721988971	0.991385767790262	0.00252789721988972	0.0468164794007491	0	"model965"
0.471722846441948	0.010755796754738	0.512921348314607	0.010755796754738	0.958801498127341	0	"model966"
0.0192883895131086	0.00177656048324066	0.996816479400749	0.00177656048324067	0.0224719101123595	0	"model967"
0.286704119850187	0.0217395217756573	0.702434456928839	0.0217395217756573	0.584269662921348	0	"model968"
0.130524344569288	0.00654984688617961	0.969475655430712	0.00654984688617961	0.161048689138577	0	"model969"
0.209737827715356	0.00942551115514451	0.908239700374532	0.00942551115514453	0.301498127340824	0	"model970"
0.00187265917602996	0	1	0	0.00187265917602996	0	"model971"
0.209176029962547	0.0136488751162587	0.883333333333333	0.0136488751162587	0.325842696629214	0	"model972"
0	0	1	0	0	0	"model973"
0.152434456928839	0.0164491077073664	0.807865168539326	0.0164491077073664	0.344569288389513	0	"model974"
0	0	1	0	0	0	"model975"
0	0	1	0	0	0	"model976"
0.263670411985019	0.0253989168976658	0.70374531835206	0.0253989168976658	0.559925093632959	0	"model977"
0.433707865168539	0.0152442585371932	0.626591760299625	0.0152442585371932	0.807116104868914	0	"model978"
0.213857677902622	0.0142835877502757	0.916104868913858	0.0142835877502757	0.297752808988764	0	"model979"
0	0	1	0	0	0	"model980"
0.198689138576779	0.00940274668613884	0.942134831460674	0.00940274668613884	0.256554307116105	0	"model981"
0.225468164794007	0.0136245875712942	0.708614232209738	0.0136245875712942	0.51685393258427	0	"model982"
0.105056179775281	0.0074619717864013	0.975842696629214	0.00746197178640128	0.129213483146067	0	"model983"
0	0	1	0	0	0	"model984"
0	0	1	0	0	0	"model985"
0.414794007490637	0.0152710734366106	0.416666666666667	0.0152710734366106	0.99812734082397	0	"model986"
0.212734082397004	0.0133938412055594	0.90749063670412	0.0133938412055594	0.305243445692884	0	"model987"
0	0	1	0	0	0	"model988"
0.305430711610487	0.0180581922462739	0.704307116104869	0.0180581922462739	0.601123595505618	0	"model989"
0	0	1	0	0	0	"model990"
0	0	1	0	0	0	"model991"
0.473220973782772	0.0200538784037026	0.508801498127341	0.0200538784037025	0.964419475655431	0	"model992"
0.217602996254682	0.0100574951616094	0.929213483146067	0.0100574951616094	0.288389513108614	0	"model993"
0.182022471910112	0.0134112848958759	0.947940074906367	0.013411284895876	0.234082397003745	0	"model994"
0	0	1	0	0	0	"model995"
0.274531835205993	0.0157718968263208	0.274531835205993	0.0157718968263208	1	0	"model996"
0.190449438202247	0.00887402494131633	0.939513108614232	0.00887402494131632	0.250936329588015	0	"model997"
0.20936329588015	0.0175626635273779	0.891011235955056	0.0175626635273778	0.318352059925094	0	"model998"
0.278651685393258	0.0104003323843488	0.278651685393258	0.0104003323843488	1	0	"model999"
0	0	1	0	0	0	"model1000"
