"TSS.MN"	"TSS.sd"	"speci.MN"	"speci.sd"	"sensi.MN"	"sensi.sd"	"model"
0	0	1	0	0	0	"model1"
0	0	1	0	0	0	"model2"
0.434634146341463	0.0106500961910978	0.980975609756098	0.0106500961910978	0.453658536585366	0	"model3"
0.678536585365854	0.00960588974812481	0.980975609756098	0.00960588974812484	0.697560975609756	0	"model4"
0	0	1	0	0	0	"model5"
0.571219512195122	0.00778112917984088	0.980975609756098	0.00778112917984092	0.590243902439024	0	"model6"
0.891219512195122	0.0145526184294403	0.891219512195122	0.0145526184294403	1	0	"model7"
0	0	1	0	0	0	"model8"
0	0	1	0	0	0	"model9"
0	0	1	0	0	0	"model10"
0	0	1	0	0	0	"model11"
0	0	1	0	0	0	"model12"
0	0	1	0	0	0	"model13"
0	0	1	0	0	0	"model14"
0	0	1	0	0	0	"model15"
0.0526829268292683	0.00308514893674964	0.999024390243902	0.00308514893674964	0.0536585365853659	0	"model16"
0	0	1	0	0	0	"model17"
0	0	1	0	0	0	"model18"
0	0	1	0	0	0	"model19"
0	0	1	0	0	0	"model20"
0	0	1	0	0	0	"model21"
0.884390243902439	0.0119597889745908	0.928292682926829	0.0119597889745907	0.95609756097561	0	"model22"
0	0	1	0	0	0	"model23"
0	0	1	0	0	0	"model24"
0	0	1	0	0	0	"model25"
0	0	1	0	0	0	"model26"
0.0048780487804878	0	1	0	0.0048780487804878	0	"model27"
0.399024390243902	0.00553801182631753	0.984390243902439	0.00553801182631753	0.414634146341463	0	"model28"
0.185853658536585	0.00485087280981343	0.995609756097561	0.00485087280981343	0.190243902439024	0	"model29"
0.0048780487804878	0	1	0	0.0048780487804878	0	"model30"
0.133658536585366	0.00341076048185415	0.997073170731707	0.00341076048185415	0.136585365853659	0	"model31"
0	0	1	0	0	0	"model32"
0	0	1	0	0	0	"model33"
0	0	1	0	0	0	"model34"
0	0	1	0	0	0	"model35"
0	0	1	0	0	0	"model36"
0.2	0.00459906849552225	0.995121951219512	0.00459906849552226	0.204878048780488	0	"model37"
0.445853658536585	0.00471264284428925	0.982439024390244	0.00471264284428925	0.463414634146341	0	"model38"
0	0	1	0	0	0	"model39"
0	0	1	0	0	0	"model40"
0	0	1	0	0	0	"model41"
0	0	1	0	0	0	"model42"
0	0	1	0	0	0	"model43"
0	0	1	0	0	0	"model44"
0	0	1	0	0	0	"model45"
0	0	1	0	0	0	"model46"
0	0	1	0	0	0	"model47"
0	0	1	0	0	0	"model48"
0.0380487804878049	0.00205676595783309	0.999024390243902	0.00205676595783309	0.0390243902439024	0	"model49"
0	0	1	0	0	0	"model50"
0	0	1	0	0	0	"model51"
0	0	1	0	0	0	"model52"
0.0526829268292683	0.00205676595783309	0.999024390243902	0.00205676595783309	0.0536585365853659	0	"model53"
0	0	1	0	0	0	"model54"
0	0	1	0	0	0	"model55"
0	0	1	0	0	0	"model56"
0	0	1	0	0	0	"model57"
0	0	1	0	0	0	"model58"
0	0	1	0	0	0	"model59"
0.686829268292683	0.00642224964492077	0.979512195121951	0.00642224964492082	0.707317073170732	0	"model60"
0	0	1	0	0	0	"model61"
0	0	1	0	0	0	"model62"
0	0	1	0	0	0	"model63"
0	0	1	0	0	0	"model64"
0	0	1	0	0	0	"model65"
0.12780487804878	0.00448261748035454	0.99609756097561	0.00448261748035455	0.131707317073171	0	"model66"
0	0	1	0	0	0	"model67"
0	0	1	0	0	0	"model68"
0	0	1	0	0	0	"model69"
0	0	1	0	0	0	"model70"
0	0	1	0	0	0	"model71"
0	0	1	0	0	0	"model72"
0.379024390243902	0.00610568564407109	0.988780487804878	0.00610568564407109	0.390243902439024	0	"model73"
0	0	1	0	0	0	"model74"
0	0	1	0	0	0	"model75"
0	0	1	0	0	0	"model76"
0	0	1	0	0	0	"model77"
0	0	1	0	0	0	"model78"
0	0	1	0	0	0	"model79"
0.0190243902439024	0.00154257446837482	0.999512195121951	0.00154257446837482	0.0195121951219512	0	"model80"
0	0	1	0	0	0	"model81"
0	0	1	0	0	0	"model82"
0	0	1	0	0	0	"model83"
0.00975609756097561	0	1	0	0.00975609756097561	0	"model84"
0	0	1	0	0	0	"model85"
0	0	1	0	0	0	"model86"
0	0	1	0	0	0	"model87"
0.838048780487805	0.0125530140264187	0.96	0.0125530140264187	0.878048780487805	0	"model88"
0.283414634146341	0.0035993404262079	0.990731707317073	0.00359934042620791	0.292682926829268	0	"model89"
0.153658536585366	0.00257095744729137	0.997560975609756	0.00257095744729137	0.15609756097561	0	"model90"
0.732682926829268	0.0121244565088177	0.971707317073171	0.0121244565088177	0.760975609756098	0	"model91"
0	0	1	0	0	0	"model92"
0	0	1	0	0	0	"model93"
0	0	1	0	0	0	"model94"
0	0	1	0	0	0	"model95"
0	0	1	0	0	0	"model96"
0	0	1	0	0	0	"model97"
0	0	1	0	0	0	"model98"
0	0	1	0	0	0	"model99"
0	0	1	0	0	0	"model100"
0	0	1	0	0	0	"model101"
0	0	1	0	0	0	"model102"
0	0	1	0	0	0	"model103"
0	0	1	0	0	0	"model104"
0.824390243902439	0.0309370692527487	0.824390243902439	0.0309370692527487	1	0	"model105"
0	0	1	0	0	0	"model106"
0	0	1	0	0	0	"model107"
0	0	1	0	0	0	"model108"
0	0	1	0	0	0	"model109"
0	0	1	0	0	0	"model110"
0	0	1	0	0	0	"model111"
0	0	1	0	0	0	"model112"
0	0	1	0	0	0	"model113"
0	0	1	0	0	0	"model114"
0.0048780487804878	0	1	0	0.0048780487804878	0	"model115"
0.242439024390244	0.00462772340512446	0.993658536585366	0.00462772340512446	0.248780487804878	0	"model116"
0	0	1	0	0	0	"model117"
0	0	1	0	0	0	"model118"
0	0	1	0	0	0	"model119"
0	0	1	0	0	0	"model120"
0.282439024390244	0.00359934042620789	0.989756097560976	0.00359934042620791	0.292682926829268	0	"model121"
0	0	1	0	0	0	"model122"
0.610731707317073	0.00942528568857851	0.981463414634146	0.00942528568857851	0.629268292682927	0	"model123"
0	0	1	0	0	0	"model124"
0	0	1	0	0	0	"model125"
0	0	1	0	0	0	"model126"
0	0	1	0	0	0	"model127"
0	0	1	0	0	0	"model128"
0.809268292682927	0.0153311864277374	0.970243902439024	0.0153311864277375	0.839024390243902	0	"model129"
0	0	1	0	0	0	"model130"
0	0	1	0	0	0	"model131"
0.270243902439024	0.00524374487694215	0.99219512195122	0.00524374487694215	0.278048780487805	0	"model132"
0.517073170731707	0.0094812225932444	0.980487804878049	0.0094812225932444	0.536585365853659	0	"model133"
0	0	1	0	0	0	"model134"
0	0	1	0	0	0	"model135"
0	0	1	0	0	0	"model136"
0.1	0.00344930137164169	0.997560975609756	0.0034493013716417	0.102439024390244	0	"model137"
0	0	1	0	0	0	"model138"
0	0	1	0	0	0	"model139"
0	0	1	0	0	0	"model140"
0	0	1	0	0	0	"model141"
0	0	1	0	0	0	"model142"
0	0	1	0	0	0	"model143"
0	0	1	0	0	0	"model144"
0	0	1	0	0	0	"model145"
0	0	1	0	0	0	"model146"
0	0	1	0	0	0	"model147"
0	0	1	0	0	0	"model148"
0	0	1	0	0	0	"model149"
0	0	1	0	0	0	"model150"
0.837560975609756	0.0136139419115021	0.954634146341463	0.0136139419115021	0.882926829268293	0	"model151"
0.84780487804878	0.010980125538949	0.96	0.010980125538949	0.88780487804878	0	"model152"
0	0	1	0	0	0	"model153"
0	0	1	0	0	0	"model154"
0	0	1	0	0	0	"model155"
0.406341463414634	0.00728992252730401	0.981951219512195	0.00728992252730404	0.424390243902439	0	"model156"
0	0	1	0	0	0	"model157"
0	0	1	0	0	0	"model158"
0	0	1	0	0	0	"model159"
0.0487804878048781	0	1	0	0.0487804878048781	0	"model160"
0	0	1	0	0	0	"model161"
0.874634146341463	0.0132198221945872	0.918536585365854	0.0132198221945872	0.95609756097561	0	"model162"
0.217560975609756	0.00572579410135253	0.993170731707317	0.00572579410135253	0.224390243902439	0	"model163"
0.747317073170732	0.0112183338605921	0.966829268292683	0.0112183338605921	0.780487804878049	0	"model164"
0	0	1	0	0	0	"model165"
0.204390243902439	0.00485087280981342	0.994634146341463	0.00485087280981343	0.209756097560976	0	"model166"
0	0	1	0	0	0	"model167"
0	0	1	0	0	0	"model168"
0	0	1	0	0	0	"model169"
0	0	1	0	0	0	"model170"
0.889756097560976	0.0192667489347625	0.919024390243902	0.0192667489347624	0.970731707317073	0	"model171"
0.0195121951219512	0	1	0	0.0195121951219512	0	"model172"
0	0	1	0	0	0	"model173"
0	0	1	0	0	0	"model174"
0	0	1	0	0	0	"model175"
0	0	1	0	0	0	"model176"
0	0	1	0	0	0	"model177"
0	0	1	0	0	0	"model178"
0	0	1	0	0	0	"model179"
0	0	1	0	0	0	"model180"
0.0634146341463415	0	1	0	0.0634146341463415	0	"model181"
0	0	1	0	0	0	"model182"
0.00975609756097561	0	1	0	0.00975609756097561	0	"model183"
0	0	1	0	0	0	"model184"
0	0	1	0	0	0	"model185"
0.0853658536585366	0.00414554431999413	0.997560975609756	0.00414554431999414	0.0878048780487805	0	"model186"
0	0	1	0	0	0	"model187"
0.647804878048781	0.00854239059288697	0.979512195121951	0.00854239059288697	0.668292682926829	0	"model188"
0	0	1	0	0	0	"model189"
0.274146341463415	0.00854239059288695	0.991219512195122	0.00854239059288697	0.282926829268293	0	"model190"
0	0	1	0	0	0	"model191"
0	0	1	0	0	0	"model192"
0	0	1	0	0	0	"model193"
0	0	1	0	0	0	"model194"
0.281463414634146	0.00764400603157277	0.988780487804878	0.00764400603157279	0.292682926829268	0	"model195"
0	0	1	0	0	0	"model196"
0	0	1	0	0	0	"model197"
0	0	1	0	0	0	"model198"
0.247317073170732	0.00401596391389544	0.993658536585366	0.00401596391389544	0.253658536585366	0	"model199"
0	0	1	0	0	0	"model200"
0	0	1	0	0	0	"model201"
0	0	1	0	0	0	"model202"
0	0	1	0	0	0	"model203"
0	0	1	0	0	0	"model204"
0	0	1	0	0	0	"model205"
0	0	1	0	0	0	"model206"
0.818048780487805	0.0276948328682202	0.818048780487805	0.0276948328682202	1	0	"model207"
0	0	1	0	0	0	"model208"
0	0	1	0	0	0	"model209"
0.0770731707317073	0.00205676595783309	0.999024390243902	0.00205676595783309	0.0780487804878049	0	"model210"
0	0	1	0	0	0	"model211"
0	0	1	0	0	0	"model212"
0	0	1	0	0	0	"model213"
0	0	1	0	0	0	"model214"
0	0	1	0	0	0	"model215"
0	0	1	0	0	0	"model216"
0	0	1	0	0	0	"model217"
0	0	1	0	0	0	"model218"
0.270731707317073	0.00699376037970946	0.992682926829268	0.00699376037970946	0.278048780487805	0	"model219"
0.863414634146341	0.00975609756097562	0.965853658536585	0.00975609756097562	0.897560975609756	0	"model220"
0.870243902439024	0.0191290291640361	0.894634146341463	0.0191290291640361	0.975609756097561	0	"model221"
0	0	1	0	0	0	"model222"
0	0	1	0	0	0	"model223"
0	0	1	0	0	0	"model224"
0	0	1	0	0	0	"model225"
0	0	1	0	0	0	"model226"
0	0	1	0	0	0	"model227"
0.167317073170732	0.00329243198883197	0.996585365853659	0.00329243198883197	0.170731707317073	0	"model228"
0	0	1	0	0	0	"model229"
0.205365853658537	0.00536831675421761	0.995609756097561	0.00536831675421762	0.209756097560976	0	"model230"
0	0	1	0	0	0	"model231"
0	0	1	0	0	0	"model232"
0	0	1	0	0	0	"model233"
0	0	1	0	0	0	"model234"
0	0	1	0	0	0	"model235"
0	0	1	0	0	0	"model236"
0.00878048780487805	0.00205676595783309	0.999024390243902	0.00205676595783309	0.00975609756097561	0	"model237"
0	0	1	0	0	0	"model238"
0	0	1	0	0	0	"model239"
0.360487804878049	0.00843336746659509	0.984878048780488	0.00843336746659509	0.375609756097561	0	"model240"
0.526829268292683	0.0136042280737248	0.980487804878049	0.0136042280737248	0.546341463414634	0	"model241"
0.18780487804878	0.00526889487675436	0.992682926829268	0.00526889487675436	0.195121951219512	0	"model242"
0.0858536585365854	0.00341076048185415	0.998048780487805	0.00341076048185415	0.0878048780487805	0	"model243"
0.0585365853658537	0	1	0	0.0585365853658537	0	"model244"
0	0	1	0	0	0	"model245"
0	0	1	0	0	0	"model246"
0.155609756097561	0.00485087280981343	0.994634146341463	0.00485087280981343	0.160975609756098	0	"model247"
0	0	1	0	0	0	"model248"
0	0	1	0	0	0	"model249"
0	0	1	0	0	0	"model250"
0.888780487804878	0.0179304699214182	0.947317073170732	0.0179304699214181	0.941463414634146	0	"model251"
0	0	1	0	0	0	"model252"
0	0	1	0	0	0	"model253"
0	0	1	0	0	0	"model254"
0	0	1	0	0	0	"model255"
0.024390243902439	0	1	0	0.024390243902439	0	"model256"
0	0	1	0	0	0	"model257"
0	0	1	0	0	0	"model258"
0	0	1	0	0	0	"model259"
0	0	1	0	0	0	"model260"
0	0	1	0	0	0	"model261"
0	0	1	0	0	0	"model262"
0.878048780487805	0.0119487304526009	0.951219512195122	0.0119487304526009	0.926829268292683	0	"model263"
0	0	1	0	0	0	"model264"
0	0	1	0	0	0	"model265"
0.188292682926829	0.00411353191566619	0.993170731707317	0.00411353191566619	0.195121951219512	0	"model266"
0	0	1	0	0	0	"model267"
0.348292682926829	0.00835462281539194	0.987317073170732	0.00835462281539196	0.360975609756098	0	"model268"
0	0	1	0	0	0	"model269"
0	0	1	0	0	0	"model270"
0	0	1	0	0	0	"model271"
0	0	1	0	0	0	"model272"
0	0	1	0	0	0	"model273"
0	0	1	0	0	0	"model274"
0.095609756097561	0.00341076048185415	0.998048780487805	0.00341076048185415	0.0975609756097561	0	"model275"
0	0	1	0	0	0	"model276"
0	0	1	0	0	0	"model277"
0	0	1	0	0	0	"model278"
0	0	1	0	0	0	"model279"
0	0	1	0	0	0	"model280"
0	0	1	0	0	0	"model281"
0	0	1	0	0	0	"model282"
0	0	1	0	0	0	"model283"
0	0	1	0	0	0	"model284"
0.370243902439024	0.00359934042620791	0.989756097560976	0.00359934042620791	0.380487804878049	0	"model285"
0	0	1	0	0	0	"model286"
0	0	1	0	0	0	"model287"
0	0	1	0	0	0	"model288"
0	0	1	0	0	0	"model289"
0	0	1	0	0	0	"model290"
0.0048780487804878	0	1	0	0.0048780487804878	0	"model291"
0.579512195121951	0.0152186783177855	0.969756097560976	0.0152186783177855	0.609756097560976	0	"model292"
0.353658536585366	0.00699376037970945	0.98780487804878	0.00699376037970946	0.365853658536585	0	"model293"
0.0439024390243902	0	1	0	0.0439024390243902	0	"model294"
0	0	1	0	0	0	"model295"
0	0	1	0	0	0	"model296"
0	0	1	0	0	0	"model297"
0	0	1	0	0	0	"model298"
0	0	1	0	0	0	"model299"
0	0	1	0	0	0	"model300"
0.0190243902439024	0.00154257446837482	0.999512195121951	0.00154257446837482	0.0195121951219512	0	"model301"
0	0	1	0	0	0	"model302"
0.68	0.00769571353899134	0.982439024390244	0.00769571353899138	0.697560975609756	0	"model303"
0	0	1	0	0	0	"model304"
0	0	1	0	0	0	"model305"
0.884390243902439	0.0105503272829323	0.928292682926829	0.0105503272829322	0.95609756097561	0	"model306"
0	0	1	0	0	0	"model307"
0	0	1	0	0	0	"model308"
0	0	1	0	0	0	"model309"
0	0	1	0	0	0	"model310"
0	0	1	0	0	0	"model311"
0	0	1	0	0	0	"model312"
0	0	1	0	0	0	"model313"
0.0048780487804878	0	1	0	0.0048780487804878	0	"model314"
0.881463414634146	0.0138067835547017	0.954634146341463	0.0138067835547016	0.926829268292683	0	"model315"
0	0	1	0	0	0	"model316"
0	0	1	0	0	0	"model317"
0.779024390243902	0.00798239850968038	0.974146341463415	0.00798239850968038	0.804878048780488	0	"model318"
0	0	1	0	0	0	"model319"
0.317073170731707	0.00514191489458274	0.990243902439024	0.00514191489458274	0.326829268292683	0	"model320"
0	0	1	0	0	0	"model321"
0	0	1	0	0	0	"model322"
0	0	1	0	0	0	"model323"
0	0	1	0	0	0	"model324"
0	0	1	0	0	0	"model325"
0.420487804878049	0.00942528568857849	0.986341463414634	0.00942528568857851	0.434146341463415	0	"model326"
0	0	1	0	0	0	"model327"
0	0	1	0	0	0	"model328"
0	0	1	0	0	0	"model329"
0	0	1	0	0	0	"model330"
0.695609756097561	0.0143973617048316	0.968780487804878	0.0143973617048317	0.726829268292683	0	"model331"
0	0	1	0	0	0	"model332"
0	0	1	0	0	0	"model333"
0	0	1	0	0	0	"model334"
0.297560975609756	0.00563268555306952	0.990243902439024	0.00563268555306952	0.307317073170732	0	"model335"
0.185365853658537	0.00325203252032521	0.995121951219512	0.00325203252032521	0.190243902439024	0	"model336"
0.671219512195122	0.011543570308487	0.978536585365854	0.0115435703084871	0.692682926829268	0	"model337"
0	0	1	0	0	0	"model338"
0	0	1	0	0	0	"model339"
0.171219512195122	0.0035993404262079	0.995609756097561	0.00359934042620791	0.175609756097561	0	"model340"
0.88390243902439	0.0131697279553279	0.947317073170732	0.0131697279553278	0.936585365853659	0	"model341"
0	0	1	0	0	0	"model342"
0.095609756097561	0.00251901355850889	0.998048780487805	0.00251901355850889	0.0975609756097561	0	"model343"
0	0	1	0	0	0	"model344"
0	0	1	0	0	0	"model345"
0	0	1	0	0	0	"model346"
0	0	1	0	0	0	"model347"
0	0	1	0	0	0	"model348"
0	0	1	0	0	0	"model349"
0	0	1	0	0	0	"model350"
0.220487804878049	0.00384785676949569	0.991219512195122	0.00384785676949569	0.229268292682927	0	"model351"
0	0	1	0	0	0	"model352"
0	0	1	0	0	0	"model353"
0	0	1	0	0	0	"model354"
0	0	1	0	0	0	"model355"
0	0	1	0	0	0	"model356"
0	0	1	0	0	0	"model357"
0	0	1	0	0	0	"model358"
0	0	1	0	0	0	"model359"
0.0048780487804878	0	1	0	0.0048780487804878	0	"model360"
0	0	1	0	0	0	"model361"
0.0482926829268293	0.00154257446837482	0.999512195121951	0.00154257446837482	0.0487804878048781	0	"model362"
0	0	1	0	0	0	"model363"
0.00975609756097561	0	1	0	0.00975609756097561	0	"model364"
0	0	1	0	0	0	"model365"
0	0	1	0	0	0	"model366"
0	0	1	0	0	0	"model367"
0	0	1	0	0	0	"model368"
0	0	1	0	0	0	"model369"
0	0	1	0	0	0	"model370"
0.0141463414634146	0.00154257446837482	0.999512195121951	0.00154257446837482	0.0146341463414634	0	"model371"
0	0	1	0	0	0	"model372"
0	0	1	0	0	0	"model373"
0.885365853658537	0.0204710216455515	0.929268292682927	0.0204710216455515	0.95609756097561	0	"model374"
0.881463414634146	0.0176705404707605	0.925365853658537	0.0176705404707605	0.95609756097561	0	"model375"
0	0	1	0	0	0	"model376"
0.0048780487804878	0	1	0	0.0048780487804878	0	"model377"
0	0	1	0	0	0	"model378"
0.490243902439024	0.00955068302802498	0.978048780487805	0.00955068302802499	0.51219512195122	0	"model379"
0	0	1	0	0	0	"model380"
0	0	1	0	0	0	"model381"
0	0	1	0	0	0	"model382"
0	0	1	0	0	0	"model383"
0.827317073170732	0.0128444992898416	0.96390243902439	0.0128444992898416	0.863414634146341	0	"model384"
0	0	1	0	0	0	"model385"
0.858536585365854	0.0105377897535087	0.960975609756098	0.0105377897535087	0.897560975609756	0	"model386"
0	0	1	0	0	0	"model387"
0	0	1	0	0	0	"model388"
0	0	1	0	0	0	"model389"
0	0	1	0	0	0	"model390"
0	0	1	0	0	0	"model391"
0	0	1	0	0	0	"model392"
0	0	1	0	0	0	"model393"
0	0	1	0	0	0	"model394"
0.114634146341463	0.0034493013716417	0.997560975609756	0.0034493013716417	0.117073170731707	0	"model395"
0.232682926829268	0.00462772340512445	0.993658536585366	0.00462772340512446	0.239024390243902	0	"model396"
0.880975609756098	0.020204519761963	0.924878048780488	0.020204519761963	0.95609756097561	0	"model397"
0.186829268292683	0.00401596391389544	0.996585365853659	0.00401596391389544	0.190243902439024	0	"model398"
0	0	1	0	0	0	"model399"
0.877560975609756	0.0122653802703389	0.945853658536585	0.0122653802703389	0.931707317073171	0	"model400"
0	0	1	0	0	0	"model401"
0	0	1	0	0	0	"model402"
0	0	1	0	0	0	"model403"
0	0	1	0	0	0	"model404"
0	0	1	0	0	0	"model405"
0	0	1	0	0	0	"model406"
0	0	1	0	0	0	"model407"
0.252682926829268	0.0059964516795401	0.994146341463415	0.0059964516795401	0.258536585365854	0	"model408"
0.175121951219512	0.00485087280981342	0.994634146341463	0.00485087280981343	0.180487804878049	0	"model409"
0	0	1	0	0	0	"model410"
0	0	1	0	0	0	"model411"
0	0	1	0	0	0	"model412"
0.891707317073171	0.0183675073124461	0.955121951219512	0.0183675073124461	0.936585365853659	0	"model413"
0	0	1	0	0	0	"model414"
0	0	1	0	0	0	"model415"
0	0	1	0	0	0	"model416"
0.0146341463414634	0	1	0	0.0146341463414634	0	"model417"
0	0	1	0	0	0	"model418"
0	0	1	0	0	0	"model419"
0.0341463414634146	0	1	0	0.0341463414634146	0	"model420"
0	0	1	0	0	0	"model421"
0	0	1	0	0	0	"model422"
0.886829268292683	0.014507127169558	0.930731707317073	0.014507127169558	0.95609756097561	0	"model423"
0	0	1	0	0	0	"model424"
0	0	1	0	0	0	"model425"
0.00975609756097561	0	1	0	0.00975609756097561	0	"model426"
0	0	1	0	0	0	"model427"
0.323414634146341	0.0097696382997072	0.986829268292683	0.0097696382997072	0.336585365853659	0	"model428"
0.4	0.00948122259324438	0.980487804878049	0.0094812225932444	0.419512195121951	0	"model429"
0	0	1	0	0	0	"model430"
0.0048780487804878	0	1	0	0.0048780487804878	0	"model431"
0	0	1	0	0	0	"model432"
0	0	1	0	0	0	"model433"
0.27219512195122	0.00789915954568527	0.989268292682927	0.00789915954568529	0.282926829268293	0	"model434"
0	0	1	0	0	0	"model435"
0	0	1	0	0	0	"model436"
0	0	1	0	0	0	"model437"
0.201951219512195	0.00524374487694214	0.99219512195122	0.00524374487694215	0.209756097560976	0	"model438"
0	0	1	0	0	0	"model439"
0	0	1	0	0	0	"model440"
0.88390243902439	0.0131697279553279	0.908292682926829	0.0131697279553279	0.975609756097561	0	"model441"
0	0	1	0	0	0	"model442"
0	0	1	0	0	0	"model443"
0.212682926829268	0.00697483271204137	0.993170731707317	0.00697483271204138	0.219512195121951	0	"model444"
0	0	1	0	0	0	"model445"
0.344390243902439	0.00658486397766391	0.988292682926829	0.00658486397766394	0.35609756097561	0	"model446"
0.883414634146341	0.0124790789296585	0.922439024390244	0.0124790789296585	0.960975609756098	0	"model447"
0	0	1	0	0	0	"model448"
0	0	1	0	0	0	"model449"
0	0	1	0	0	0	"model450"
0	0	1	0	0	0	"model451"
0	0	1	0	0	0	"model452"
0	0	1	0	0	0	"model453"
0	0	1	0	0	0	"model454"
0	0	1	0	0	0	"model455"
0	0	1	0	0	0	"model456"
0	0	1	0	0	0	"model457"
0	0	1	0	0	0	"model458"
0.0185365853658537	0.00205676595783309	0.999024390243902	0.00205676595783309	0.0195121951219512	0	"model459"
0	0	1	0	0	0	"model460"
0	0	1	0	0	0	"model461"
0	0	1	0	0	0	"model462"
0	0	1	0	0	0	"model463"
0	0	1	0	0	0	"model464"
0	0	1	0	0	0	"model465"
0	0	1	0	0	0	"model466"
0	0	1	0	0	0	"model467"
0.351219512195122	0.00650406504065039	0.985365853658537	0.00650406504065041	0.365853658536585	0	"model468"
0.0048780487804878	0	1	0	0.0048780487804878	0	"model469"
0	0	1	0	0	0	"model470"
0.578536585365854	0.00803192782779088	0.978536585365854	0.00803192782779088	0.6	0	"model471"
0	0	1	0	0	0	"model472"
0	0	1	0	0	0	"model473"
0	0	1	0	0	0	"model474"
0	0	1	0	0	0	"model475"
0.272682926829268	0.0058400926816481	0.989756097560976	0.00584009268164813	0.282926829268293	0	"model476"
0.440487804878049	0.00565610638404101	0.986829268292683	0.00565610638404101	0.453658536585366	0	"model477"
0.00975609756097561	0	1	0	0.00975609756097561	0	"model478"
0	0	1	0	0	0	"model479"
0	0	1	0	0	0	"model480"
0	0	1	0	0	0	"model481"
0	0	1	0	0	0	"model482"
0	0	1	0	0	0	"model483"
0	0	1	0	0	0	"model484"
0.0048780487804878	0	1	0	0.0048780487804878	0	"model485"
0	0	1	0	0	0	"model486"
0	0	1	0	0	0	"model487"
0	0	1	0	0	0	"model488"
0	0	1	0	0	0	"model489"
0.568780487804878	0.0108346869911919	0.978536585365854	0.010834686991192	0.590243902439024	0	"model490"
0	0	1	0	0	0	"model491"
0	0	1	0	0	0	"model492"
0	0	1	0	0	0	"model493"
0	0	1	0	0	0	"model494"
0.885365853658537	0.0140346963427903	0.914634146341463	0.0140346963427903	0.970731707317073	0	"model495"
0	0	1	0	0	0	"model496"
0	0	1	0	0	0	"model497"
0	0	1	0	0	0	"model498"
0	0	1	0	0	0	"model499"
0	0	1	0	0	0	"model500"
0	0	1	0	0	0	"model501"
0	0	1	0	0	0	"model502"
0	0	1	0	0	0	"model503"
0	0	1	0	0	0	"model504"
0	0	1	0	0	0	"model505"
0	0	1	0	0	0	"model506"
0	0	1	0	0	0	"model507"
0	0	1	0	0	0	"model508"
0	0	1	0	0	0	"model509"
0	0	1	0	0	0	"model510"
0	0	1	0	0	0	"model511"
0	0	1	0	0	0	"model512"
0	0	1	0	0	0	"model513"
0	0	1	0	0	0	"model514"
0	0	1	0	0	0	"model515"
0.885853658536585	0.0181357313737869	0.929756097560976	0.0181357313737869	0.95609756097561	0	"model516"
0	0	1	0	0	0	"model517"
0	0	1	0	0	0	"model518"
0	0	1	0	0	0	"model519"
0.659512195121951	0.00854239059288697	0.981463414634146	0.00854239059288697	0.678048780487805	0	"model520"
0.0663414634146341	0.00341076048185415	0.998048780487805	0.00341076048185415	0.0682926829268293	0	"model521"
0	0	1	0	0	0	"model522"
0.0141463414634146	0.00154257446837482	0.999512195121951	0.00154257446837482	0.0146341463414634	0	"model523"
0.865365853658537	0.0204645628911249	0.909268292682927	0.0204645628911249	0.95609756097561	0	"model524"
0	0	1	0	0	0	"model525"
0	0	1	0	0	0	"model526"
0.264390243902439	0.00308514893674964	0.991219512195122	0.00308514893674964	0.273170731707317	0	"model527"
0	0	1	0	0	0	"model528"
0.87609756097561	0.0214732670168705	0.895609756097561	0.0214732670168705	0.980487804878049	0	"model529"
0.889756097560976	0.0147600724785824	0.938536585365854	0.0147600724785824	0.951219512195122	0	"model530"
0	0	1	0	0	0	"model531"
0	0	1	0	0	0	"model532"
0.0048780487804878	0	1	0	0.0048780487804878	0	"model533"
0	0	1	0	0	0	"model534"
0.0336585365853659	0.00154257446837482	0.999512195121951	0.00154257446837482	0.0341463414634146	0	"model535"
0	0	1	0	0	0	"model536"
0	0	1	0	0	0	"model537"
0.194146341463415	0.00448261748035455	0.994146341463415	0.00448261748035455	0.2	0	"model538"
0.286341463414634	0.00830701773947628	0.988780487804878	0.0083070177394763	0.297560975609756	0	"model539"
0	0	1	0	0	0	"model540"
0	0	1	0	0	0	"model541"
0.491219512195122	0.00798239850968038	0.98390243902439	0.00798239850968038	0.507317073170732	0	"model542"
0	0	1	0	0	0	"model543"
0.0765853658536585	0.00235632142214463	0.998536585365854	0.00235632142214463	0.0780487804878049	0	"model544"
0.800487804878049	0.00843336746659509	0.966341463414634	0.00843336746659509	0.834146341463415	0	"model545"
0	0	1	0	0	0	"model546"
0	0	1	0	0	0	"model547"
0	0	1	0	0	0	"model548"
0	0	1	0	0	0	"model549"
0.0385365853658537	0.00154257446837482	0.999512195121951	0.00154257446837482	0.0390243902439024	0	"model550"
0	0	1	0	0	0	"model551"
0.884390243902439	0.0289092704583633	0.913658536585366	0.0289092704583632	0.970731707317073	0	"model552"
0.00975609756097561	0	1	0	0.00975609756097561	0	"model553"
0.127317073170732	0.00485087280981343	0.995609756097561	0.00485087280981343	0.131707317073171	0	"model554"
0.711219512195122	0.00854239059288697	0.969756097560976	0.00854239059288697	0.741463414634146	0	"model555"
0	0	1	0	0	0	"model556"
0.868780487804878	0.0208802268195018	0.888292682926829	0.0208802268195018	0.980487804878049	0	"model557"
0	0	1	0	0	0	"model558"
0	0	1	0	0	0	"model559"
0	0	1	0	0	0	"model560"
0.0678048780487805	0.00154257446837482	0.999512195121951	0.00154257446837482	0.0682926829268293	0	"model561"
0	0	1	0	0	0	"model562"
0	0	1	0	0	0	"model563"
0	0	1	0	0	0	"model564"
0	0	1	0	0	0	"model565"
0	0	1	0	0	0	"model566"
0	0	1	0	0	0	"model567"
0.734634146341463	0.00769571353899138	0.973658536585366	0.00769571353899138	0.760975609756098	0	"model568"
0	0	1	0	0	0	"model569"
0	0	1	0	0	0	"model570"
0	0	1	0	0	0	"model571"
0	0	1	0	0	0	"model572"
0	0	1	0	0	0	"model573"
0	0	1	0	0	0	"model574"
0	0	1	0	0	0	"model575"
0	0	1	0	0	0	"model576"
0	0	1	0	0	0	"model577"
0	0	1	0	0	0	"model578"
0.880975609756098	0.010834686991192	0.939512195121951	0.010834686991192	0.941463414634146	0	"model579"
0.108780487804878	0.00329243198883197	0.996585365853659	0.00329243198883197	0.11219512195122	0	"model580"
0.885853658536585	0.0152880120631456	0.944390243902439	0.0152880120631455	0.941463414634146	0	"model581"
0	0	1	0	0	0	"model582"
0	0	1	0	0	0	"model583"
0.577073170731707	0.0097696382997072	0.981951219512195	0.0097696382997072	0.595121951219512	0	"model584"
0	0	1	0	0	0	"model585"
0.0721951219512195	0.00205676595783309	0.999024390243902	0.00205676595783309	0.0731707317073171	0	"model586"
0	0	1	0	0	0	"model587"
0	0	1	0	0	0	"model588"
0.0141463414634146	0.00154257446837482	0.999512195121951	0.00154257446837482	0.0146341463414634	0	"model589"
0.0536585365853659	0	1	0	0.0536585365853659	0	"model590"
0	0	1	0	0	0	"model591"
0	0	1	0	0	0	"model592"
0	0	1	0	0	0	"model593"
0	0	1	0	0	0	"model594"
0.875121951219512	0.0132497878292445	0.919024390243902	0.0132497878292445	0.95609756097561	0	"model595"
0	0	1	0	0	0	"model596"
0.873170731707317	0.0206958082298502	0.873170731707317	0.0206958082298502	1	0	"model597"
0	0	1	0	0	0	"model598"
0.0731707317073171	0	1	0	0.0731707317073171	0	"model599"
0	0	1	0	0	0	"model600"
0	0	1	0	0	0	"model601"
0	0	1	0	0	0	"model602"
0	0	1	0	0	0	"model603"
0	0	1	0	0	0	"model604"
0	0	1	0	0	0	"model605"
0.893658536585366	0.021669373982384	0.937560975609756	0.021669373982384	0.95609756097561	0	"model606"
0	0	1	0	0	0	"model607"
0.00975609756097561	0	1	0	0.00975609756097561	0	"model608"
0	0	1	0	0	0	"model609"
0	0	1	0	0	0	"model610"
0	0	1	0	0	0	"model611"
0	0	1	0	0	0	"model612"
0	0	1	0	0	0	"model613"
0	0	1	0	0	0	"model614"
0.886829268292683	0.0123405957469986	0.940487804878049	0.0123405957469985	0.946341463414634	0	"model615"
0	0	1	0	0	0	"model616"
0	0	1	0	0	0	"model617"
0	0	1	0	0	0	"model618"
0	0	1	0	0	0	"model619"
0	0	1	0	0	0	"model620"
0	0	1	0	0	0	"model621"
0	0	1	0	0	0	"model622"
0	0	1	0	0	0	"model623"
0.891707317073171	0.0141379285328678	0.940487804878049	0.0141379285328677	0.951219512195122	0	"model624"
0	0	1	0	0	0	"model625"
0	0	1	0	0	0	"model626"
0.0185365853658537	0.00205676595783309	0.999024390243902	0.00205676595783309	0.0195121951219512	0	"model627"
0.737560975609756	0.00642224964492082	0.966829268292683	0.00642224964492082	0.770731707317073	0	"model628"
0.0478048780487805	0.00205676595783309	0.999024390243902	0.00205676595783309	0.0487804878048781	0	"model629"
0	0	1	0	0	0	"model630"
0	0	1	0	0	0	"model631"
0.557560975609756	0.0143697893302671	0.977073170731707	0.0143697893302671	0.580487804878049	0	"model632"
0	0	1	0	0	0	"model633"
0	0	1	0	0	0	"model634"
0	0	1	0	0	0	"model635"
0	0	1	0	0	0	"model636"
0.634146341463415	0.0094812225932444	0.975609756097561	0.0094812225932444	0.658536585365854	0	"model637"
0	0	1	0	0	0	"model638"
0	0	1	0	0	0	"model639"
0	0	1	0	0	0	"model640"
0	0	1	0	0	0	"model641"
0.889268292682927	0.0121788509340319	0.918536585365854	0.0121788509340319	0.970731707317073	0	"model642"
0	0	1	0	0	0	"model643"
0	0	1	0	0	0	"model644"
0.281463414634146	0.00921249786940831	0.988780487804878	0.00921249786940833	0.292682926829268	0	"model645"
0	0	1	0	0	0	"model646"
0	0	1	0	0	0	"model647"
0.701951219512195	0.0101414413850489	0.975121951219512	0.0101414413850489	0.726829268292683	0	"model648"
0.505853658536585	0.0134183291289612	0.974146341463415	0.0134183291289612	0.531707317073171	0	"model649"
0.820975609756098	0.00652435858463054	0.972195121951219	0.00652435858463054	0.848780487804878	0	"model650"
0	0	1	0	0	0	"model651"
0	0	1	0	0	0	"model652"
0	0	1	0	0	0	"model653"
0	0	1	0	0	0	"model654"
0.0380487804878049	0.00205676595783309	0.999024390243902	0.00205676595783309	0.0390243902439024	0	"model655"
0	0	1	0	0	0	"model656"
0.89219512195122	0.0160061459542435	0.960487804878049	0.0160061459542435	0.931707317073171	0	"model657"
0	0	1	0	0	0	"model658"
0	0	1	0	0	0	"model659"
0	0	1	0	0	0	"model660"
0	0	1	0	0	0	"model661"
0	0	1	0	0	0	"model662"
0	0	1	0	0	0	"model663"
0.0048780487804878	0	1	0	0.0048780487804878	0	"model664"
0	0	1	0	0	0	"model665"
0.75609756097561	0.00975609756097562	0.965853658536585	0.00975609756097562	0.790243902439024	0	"model666"
0	0	1	0	0	0	"model667"
0.826829268292683	0.0140346963427903	0.968292682926829	0.0140346963427903	0.858536585365854	0	"model668"
0.0848780487804878	0.00341076048185415	0.997073170731707	0.00341076048185415	0.0878048780487805	0	"model669"
0	0	1	0	0	0	"model670"
0	0	1	0	0	0	"model671"
0	0	1	0	0	0	"model672"
0	0	1	0	0	0	"model673"
0.0678048780487805	0.00154257446837482	0.999512195121951	0.00154257446837482	0.0682926829268293	0	"model674"
0.0429268292682927	0.00205676595783309	0.999024390243902	0.00205676595783309	0.0439024390243902	0	"model675"
0	0	1	0	0	0	"model676"
0	0	1	0	0	0	"model677"
0	0	1	0	0	0	"model678"
0	0	1	0	0	0	"model679"
0	0	1	0	0	0	"model680"
0	0	1	0	0	0	"model681"
0	0	1	0	0	0	"model682"
0.0682926829268293	0	1	0	0.0682926829268293	0	"model683"
0	0	1	0	0	0	"model684"
0	0	1	0	0	0	"model685"
0	0	1	0	0	0	"model686"
0	0	1	0	0	0	"model687"
0	0	1	0	0	0	"model688"
0.698536585365854	0.00997054290520707	0.971707317073171	0.00997054290520709	0.726829268292683	0	"model689"
0	0	1	0	0	0	"model690"
0	0	1	0	0	0	"model691"
0	0	1	0	0	0	"model692"
0	0	1	0	0	0	"model693"
0.0390243902439024	0	1	0	0.0390243902439024	0	"model694"
0.204878048780488	0.00514191489458272	0.995121951219512	0.00514191489458274	0.209756097560976	0	"model695"
0	0	1	0	0	0	"model696"
0	0	1	0	0	0	"model697"
0.00878048780487805	0.00205676595783309	0.999024390243902	0.00205676595783309	0.00975609756097561	0	"model698"
0	0	1	0	0	0	"model699"
0	0	1	0	0	0	"model700"
0	0	1	0	0	0	"model701"
0.151219512195122	0.00459906849552226	0.990243902439024	0.00459906849552226	0.160975609756098	0	"model702"
0	0	1	0	0	0	"model703"
0	0	1	0	0	0	"model704"
0	0	1	0	0	0	"model705"
0	0	1	0	0	0	"model706"
0	0	1	0	0	0	"model707"
0	0	1	0	0	0	"model708"
0	0	1	0	0	0	"model709"
0	0	1	0	0	0	"model710"
0	0	1	0	0	0	"model711"
0	0	1	0	0	0	"model712"
0	0	1	0	0	0	"model713"
0	0	1	0	0	0	"model714"
0.0048780487804878	0	1	0	0.0048780487804878	0	"model715"
0.653170731707317	0.00706896426643388	0.975121951219512	0.00706896426643388	0.678048780487805	0	"model716"
0	0	1	0	0	0	"model717"
0	0	1	0	0	0	"model718"
0	0	1	0	0	0	"model719"
0	0	1	0	0	0	"model720"
0	0	1	0	0	0	"model721"
0.883414634146341	0.0264646322450391	0.912682926829268	0.026464632245039	0.970731707317073	0	"model722"
0	0	1	0	0	0	"model723"
0	0	1	0	0	0	"model724"
0	0	1	0	0	0	"model725"
0.0048780487804878	0	1	0	0.0048780487804878	0	"model726"
0	0	1	0	0	0	"model727"
0	0	1	0	0	0	"model728"
0.194634146341463	0.00427119529644348	0.994634146341463	0.00427119529644348	0.2	0	"model729"
0.245853658536585	0.00617029787349928	0.99219512195122	0.00617029787349928	0.253658536585366	0	"model730"
0.259512195121951	0.00448261748035455	0.991219512195122	0.00448261748035455	0.268292682926829	0	"model731"
0	0	1	0	0	0	"model732"
0	0	1	0	0	0	"model733"
0	0	1	0	0	0	"model734"
0	0	1	0	0	0	"model735"
0	0	1	0	0	0	"model736"
0	0	1	0	0	0	"model737"
0.840975609756098	0.0145798450546081	0.962926829268293	0.0145798450546081	0.878048780487805	0	"model738"
0	0	1	0	0	0	"model739"
0	0	1	0	0	0	"model740"
0.367317073170732	0.00949515533050826	0.981951219512195	0.00949515533050826	0.385365853658537	0	"model741"
0.22	0.00536831675421762	0.990731707317073	0.00536831675421762	0.229268292682927	0	"model742"
0	0	1	0	0	0	"model743"
0	0	1	0	0	0	"model744"
0.119024390243902	0.00411353191566618	0.997073170731707	0.00411353191566619	0.121951219512195	0	"model745"
0.0048780487804878	0	1	0	0.0048780487804878	0	"model746"
0	0	1	0	0	0	"model747"
0	0	1	0	0	0	"model748"
0	0	1	0	0	0	"model749"
0	0	1	0	0	0	"model750"
0.0048780487804878	0	1	0	0.0048780487804878	0	"model751"
0	0	1	0	0	0	"model752"
0.882926829268293	0.0149026851868483	0.926829268292683	0.0149026851868482	0.95609756097561	0	"model753"
0.226829268292683	0.00414554431999414	0.992682926829268	0.00414554431999414	0.234146341463415	0	"model754"
0	0	1	0	0	0	"model755"
0	0	1	0	0	0	"model756"
0	0	1	0	0	0	"model757"
0.0868292682926829	0.00205676595783309	0.999024390243902	0.00205676595783309	0.0878048780487805	0	"model758"
0	0	1	0	0	0	"model759"
0	0	1	0	0	0	"model760"
0	0	1	0	0	0	"model761"
0	0	1	0	0	0	"model762"
0.00926829268292683	0.00154257446837482	0.999512195121951	0.00154257446837482	0.00975609756097561	0	"model763"
0	0	1	0	0	0	"model764"
0	0	1	0	0	0	"model765"
0	0	1	0	0	0	"model766"
0.531219512195122	0.0118264042575403	0.98	0.0118264042575403	0.551219512195122	0	"model767"
0	0	1	0	0	0	"model768"
0.106341463414634	0.00205676595783309	0.999024390243902	0.00205676595783309	0.107317073170732	0	"model769"
0	0	1	0	0	0	"model770"
0	0	1	0	0	0	"model771"
0	0	1	0	0	0	"model772"
0	0	1	0	0	0	"model773"
0	0	1	0	0	0	"model774"
0	0	1	0	0	0	"model775"
0.300487804878049	0.00471264284428925	0.988292682926829	0.00471264284428925	0.31219512195122	0	"model776"
0	0	1	0	0	0	"model777"
0	0	1	0	0	0	"model778"
0	0	1	0	0	0	"model779"
0	0	1	0	0	0	"model780"
0	0	1	0	0	0	"model781"
0	0	1	0	0	0	"model782"
0	0	1	0	0	0	"model783"
0	0	1	0	0	0	"model784"
0	0	1	0	0	0	"model785"
0	0	1	0	0	0	"model786"
0	0	1	0	0	0	"model787"
0	0	1	0	0	0	"model788"
0.881951219512195	0.0180773230695119	0.911219512195122	0.0180773230695119	0.970731707317073	0	"model789"
0	0	1	0	0	0	"model790"
0	0	1	0	0	0	"model791"
0.0146341463414634	0	1	0	0.0146341463414634	0	"model792"
0	0	1	0	0	0	"model793"
0.0629268292682927	0.00154257446837482	0.999512195121951	0.00154257446837482	0.0634146341463415	0	"model794"
0	0	1	0	0	0	"model795"
0	0	1	0	0	0	"model796"
0	0	1	0	0	0	"model797"
0.0858536585365854	0.00341076048185415	0.998048780487805	0.00341076048185415	0.0878048780487805	0	"model798"
0	0	1	0	0	0	"model799"
0.0048780487804878	0	1	0	0.0048780487804878	0	"model800"
0	0	1	0	0	0	"model801"
0	0	1	0	0	0	"model802"
0	0	1	0	0	0	"model803"
0	0	1	0	0	0	"model804"
0	0	1	0	0	0	"model805"
0.695609756097561	0.011076023652635	0.968780487804878	0.0110760236526351	0.726829268292683	0	"model806"
0	0	1	0	0	0	"model807"
0.0726829268292683	0.00154257446837482	0.999512195121951	0.00154257446837482	0.0731707317073171	0	"model808"
0.531707317073171	0.00762669229239583	0.980487804878049	0.00762669229239583	0.551219512195122	0	"model809"
0	0	1	0	0	0	"model810"
0	0	1	0	0	0	"model811"
0	0	1	0	0	0	"model812"
0	0	1	0	0	0	"model813"
0.0273170731707317	0.00251901355850889	0.998048780487805	0.00251901355850889	0.0292682926829268	0	"model814"
0.880487804878049	0.0103479041149251	0.924390243902439	0.0103479041149251	0.95609756097561	0	"model815"
0	0	1	0	0	0	"model816"
0.0526829268292683	0.00205676595783309	0.999024390243902	0.00205676595783309	0.0536585365853659	0	"model817"
0.211707317073171	0.00524374487694214	0.99219512195122	0.00524374487694215	0.219512195121951	0	"model818"
0	0	1	0	0	0	"model819"
0.183414634146341	0.00471264284428925	0.993170731707317	0.00471264284428925	0.190243902439024	0	"model820"
0	0	1	0	0	0	"model821"
0	0	1	0	0	0	"model822"
0	0	1	0	0	0	"model823"
0	0	1	0	0	0	"model824"
0	0	1	0	0	0	"model825"
0.885365853658537	0.0169371273626014	0.934146341463415	0.0169371273626013	0.951219512195122	0	"model826"
0	0	1	0	0	0	"model827"
0.0478048780487805	0.00205676595783309	0.999024390243902	0.00205676595783309	0.0487804878048781	0	"model828"
0	0	1	0	0	0	"model829"
0	0	1	0	0	0	"model830"
0	0	1	0	0	0	"model831"
0	0	1	0	0	0	"model832"
0	0	1	0	0	0	"model833"
0	0	1	0	0	0	"model834"
0	0	1	0	0	0	"model835"
0	0	1	0	0	0	"model836"
0	0	1	0	0	0	"model837"
0	0	1	0	0	0	"model838"
0	0	1	0	0	0	"model839"
0.0770731707317073	0.00205676595783309	0.999024390243902	0.00205676595783309	0.0780487804878049	0	"model840"
0	0	1	0	0	0	"model841"
0.0287804878048781	0.00154257446837482	0.999512195121951	0.00154257446837482	0.0292682926829268	0	"model842"
0	0	1	0	0	0	"model843"
0	0	1	0	0	0	"model844"
0	0	1	0	0	0	"model845"
0	0	1	0	0	0	"model846"
0	0	1	0	0	0	"model847"
0.887317073170732	0.0120478917416863	0.916585365853659	0.0120478917416863	0.970731707317073	0	"model848"
0	0	1	0	0	0	"model849"
0	0	1	0	0	0	"model850"
0	0	1	0	0	0	"model851"
0	0	1	0	0	0	"model852"
0.882926829268293	0.0250849571065716	0.91219512195122	0.0250849571065716	0.970731707317073	0	"model853"
0	0	1	0	0	0	"model854"
0	0	1	0	0	0	"model855"
0	0	1	0	0	0	"model856"
0	0	1	0	0	0	"model857"
0	0	1	0	0	0	"model858"
0	0	1	0	0	0	"model859"
0	0	1	0	0	0	"model860"
0.0634146341463415	0	1	0	0.0634146341463415	0	"model861"
0	0	1	0	0	0	"model862"
0	0	1	0	0	0	"model863"
0	0	1	0	0	0	"model864"
0.882439024390244	0.0160061459542435	0.926341463414634	0.0160061459542435	0.95609756097561	0	"model865"
0.340487804878049	0.00553801182631751	0.989268292682927	0.00553801182631753	0.351219512195122	0	"model866"
0.653170731707317	0.00536831675421762	0.975121951219512	0.00536831675421762	0.678048780487805	0	"model867"
0	0	1	0	0	0	"model868"
0.320487804878049	0.00921249786940833	0.98390243902439	0.00921249786940833	0.336585365853659	0	"model869"
0	0	1	0	0	0	"model870"
0.873170731707317	0.0206958082298502	0.902439024390244	0.0206958082298502	0.970731707317073	0	"model871"
0.0760975609756098	0.00251901355850889	0.998048780487805	0.00251901355850889	0.0780487804878049	0	"model872"
0.641951219512195	0.011312212768082	0.978536585365854	0.011312212768082	0.663414634146341	0	"model873"
0	0	1	0	0	0	"model874"
0.878048780487805	0.0195121951219512	0.902439024390244	0.0195121951219512	0.975609756097561	0	"model875"
0	0	1	0	0	0	"model876"
0	0	1	0	0	0	"model877"
0	0	1	0	0	0	"model878"
0	0	1	0	0	0	"model879"
0	0	1	0	0	0	"model880"
0	0	1	0	0	0	"model881"
0.754146341463415	0.013835477974753	0.968780487804878	0.013835477974753	0.785365853658537	0	"model882"
0.0048780487804878	0	1	0	0.0048780487804878	0	"model883"
0.0960975609756098	0.00329243198883197	0.998536585365854	0.00329243198883197	0.0975609756097561	0	"model884"
0	0	1	0	0	0	"model885"
0	0	1	0	0	0	"model886"
0	0	1	0	0	0	"model887"
0.325365853658537	0.00610568564407109	0.988780487804878	0.00610568564407109	0.336585365853659	0	"model888"
0	0	1	0	0	0	"model889"
0	0	1	0	0	0	"model890"
0.893170731707317	0.0155026815434836	0.937073170731707	0.0155026815434836	0.95609756097561	0	"model891"
0	0	1	0	0	0	"model892"
0.127317073170732	0.00427119529644348	0.995609756097561	0.00427119529644348	0.131707317073171	0	"model893"
0	0	1	0	0	0	"model894"
0.0629268292682927	0.00154257446837482	0.999512195121951	0.00154257446837482	0.0634146341463415	0	"model895"
0	0	1	0	0	0	"model896"
0	0	1	0	0	0	"model897"
0	0	1	0	0	0	"model898"
0.869756097560976	0.01239404162612	0.913658536585366	0.01239404162612	0.95609756097561	0	"model899"
0	0	1	0	0	0	"model900"
0	0	1	0	0	0	"model901"
0	0	1	0	0	0	"model902"
0	0	1	0	0	0	"model903"
0	0	1	0	0	0	"model904"
0	0	1	0	0	0	"model905"
0	0	1	0	0	0	"model906"
0	0	1	0	0	0	"model907"
0.0141463414634146	0.00154257446837482	0.999512195121951	0.00154257446837482	0.0146341463414634	0	"model908"
0	0	1	0	0	0	"model909"
0	0	1	0	0	0	"model910"
0	0	1	0	0	0	"model911"
0	0	1	0	0	0	"model912"
0	0	1	0	0	0	"model913"
0	0	1	0	0	0	"model914"
0	0	1	0	0	0	"model915"
0	0	1	0	0	0	"model916"
0	0	1	0	0	0	"model917"
0.0526829268292683	0.00205676595783309	0.999024390243902	0.00205676595783309	0.0536585365853659	0	"model918"
0.0746341463414634	0.00462772340512446	0.996585365853659	0.00462772340512446	0.0780487804878049	0	"model919"
0	0	1	0	0	0	"model920"
0.0048780487804878	0	1	0	0.0048780487804878	0	"model921"
0.0048780487804878	0	1	0	0.0048780487804878	0	"model922"
0.504390243902439	0.0098101483765843	0.977560975609756	0.0098101483765843	0.526829268292683	0	"model923"
0	0	1	0	0	0	"model924"
0.880975609756098	0.0154599861125265	0.915121951219512	0.0154599861125264	0.965853658536585	0	"model925"
0	0	1	0	0	0	"model926"
0	0	1	0	0	0	"model927"
0	0	1	0	0	0	"model928"
0	0	1	0	0	0	"model929"
0	0	1	0	0	0	"model930"
0	0	1	0	0	0	"model931"
0.884878048780488	0.021349785446725	0.928780487804878	0.021349785446725	0.95609756097561	0	"model932"
0	0	1	0	0	0	"model933"
0	0	1	0	0	0	"model934"
0	0	1	0	0	0	"model935"
0	0	1	0	0	0	"model936"
0	0	1	0	0	0	"model937"
0	0	1	0	0	0	"model938"
0	0	1	0	0	0	"model939"
0	0	1	0	0	0	"model940"
0	0	1	0	0	0	"model941"
0	0	1	0	0	0	"model942"
0.0048780487804878	0	1	0	0.0048780487804878	0	"model943"
0	0	1	0	0	0	"model944"
0	0	1	0	0	0	"model945"
0	0	1	0	0	0	"model946"
0	0	1	0	0	0	"model947"
0	0	1	0	0	0	"model948"
0	0	1	0	0	0	"model949"
0	0	1	0	0	0	"model950"
0.0482926829268293	0.00154257446837482	0.999512195121951	0.00154257446837482	0.0487804878048781	0	"model951"
0.634634146341463	0.0111355405972448	0.966341463414634	0.0111355405972448	0.668292682926829	0	"model952"
0	0	1	0	0	0	"model953"
0	0	1	0	0	0	"model954"
0	0	1	0	0	0	"model955"
0	0	1	0	0	0	"model956"
0	0	1	0	0	0	"model957"
0	0	1	0	0	0	"model958"
0	0	1	0	0	0	"model959"
0.246341463414634	0.00574883561940283	0.992682926829268	0.00574883561940283	0.253658536585366	0	"model960"
0	0	1	0	0	0	"model961"
0	0	1	0	0	0	"model962"
0.0629268292682927	0.00154257446837482	0.999512195121951	0.00154257446837482	0.0634146341463415	0	"model963"
0	0	1	0	0	0	"model964"
0	0	1	0	0	0	"model965"
0	0	1	0	0	0	"model966"
0.201951219512195	0.00524374487694214	0.99219512195122	0.00524374487694215	0.209756097560976	0	"model967"
0	0	1	0	0	0	"model968"
0	0	1	0	0	0	"model969"
0	0	1	0	0	0	"model970"
0.108780487804878	0.00401596391389544	0.996585365853659	0.00401596391389544	0.11219512195122	0	"model971"
0	0	1	0	0	0	"model972"
0	0	1	0	0	0	"model973"
0.0048780487804878	0	1	0	0.0048780487804878	0	"model974"
0.0917073170731707	0.00205676595783309	0.999024390243902	0.00205676595783309	0.0926829268292683	0	"model975"
0	0	1	0	0	0	"model976"
0	0	1	0	0	0	"model977"
0	0	1	0	0	0	"model978"
0	0	1	0	0	0	"model979"
0	0	1	0	0	0	"model980"
0.354634146341463	0.00652435858463052	0.98390243902439	0.00652435858463054	0.370731707317073	0	"model981"
0.0526829268292683	0.00205676595783309	0.999024390243902	0.00205676595783309	0.0536585365853659	0	"model982"
0.0770731707317073	0.00205676595783309	0.999024390243902	0.00205676595783309	0.0780487804878049	0	"model983"
0	0	1	0	0	0	"model984"
0	0	1	0	0	0	"model985"
0	0	1	0	0	0	"model986"
0	0	1	0	0	0	"model987"
0	0	1	0	0	0	"model988"
0	0	1	0	0	0	"model989"
0	0	1	0	0	0	"model990"
0.886341463414634	0.0128135858893304	0.954634146341463	0.0128135858893304	0.931707317073171	0	"model991"
0	0	1	0	0	0	"model992"
0.888292682926829	0.0212567035380306	0.951707317073171	0.0212567035380306	0.936585365853659	0	"model993"
0	0	1	0	0	0	"model994"
0	0	1	0	0	0	"model995"
0	0	1	0	0	0	"model996"
0.667804878048781	0.0124790789296585	0.975121951219512	0.0124790789296585	0.692682926829268	0	"model997"
0.00975609756097561	0	1	0	0.00975609756097561	0	"model998"
0	0	1	0	0	0	"model999"
0	0	1	0	0	0	"model1000"
