"TSS.MN"	"TSS.sd"	"speci.MN"	"speci.sd"	"sensi.MN"	"sensi.sd"	"model"
0.0463414634146341	0.0077128723418741	0.997560975609756	0.0077128723418741	0.0487804878048781	0	"model1"
0.851219512195122	0.0353448213321694	0.924390243902439	0.0353448213321693	0.926829268292683	0	"model2"
0.748780487804878	0.0575458158347525	0.821951219512195	0.0575458158347525	0.926829268292683	0	"model3"
0.5	0.0491180730633926	0.5	0.0491180730633926	1	0	"model4"
0.875609756097561	0.0242543640490672	0.948780487804878	0.0242543640490671	0.926829268292683	0	"model5"
0.790243902439024	0.05656106384041	0.863414634146341	0.05656106384041	0.926829268292683	0	"model6"
0.760975609756098	0.0427119529644348	0.834146341463415	0.0427119529644348	0.926829268292683	0	"model7"
0	0	1	0	0	0	"model8"
0.758536585365854	0.0493864798324795	0.831707317073171	0.0493864798324795	0.926829268292683	0	"model9"
0.782926829268293	0.0703616147103051	0.85609756097561	0.0703616147103051	0.926829268292683	0	"model10"
0.178048780487805	0.0117816071107231	0.982926829268293	0.0117816071107231	0.195121951219512	0	"model11"
0.773170731707317	0.0552007973878633	0.773170731707317	0.0552007973878633	1	0	"model12"
0.168292682926829	0.0077128723418741	0.997560975609756	0.0077128723418741	0.170731707317073	0	"model13"
0.539024390243902	0.0634458959841518	0.539024390243902	0.0634458959841518	1	0	"model14"
0.307317073170732	0.0701263696027571	0.307317073170732	0.0701263696027571	1	0	"model15"
0.824390243902439	0.0471264284428925	0.897560975609756	0.0471264284428925	0.926829268292683	0	"model16"
0.609756097560976	0.047406112966222	0.682926829268293	0.0474061129662219	0.926829268292683	0	"model17"
0.748780487804878	0.0326217929231527	0.94390243902439	0.0326217929231526	0.804878048780488	0	"model18"
0.646341463414634	0.0504458278292311	0.719512195121951	0.0504458278292311	0.926829268292683	0	"model19"
0.773170731707317	0.0539901063931187	0.846341463414634	0.0539901063931187	0.926829268292683	0	"model20"
0.2	0.0617029787349928	0.2	0.0617029787349928	1	0	"model21"
0.529268292682927	0.0718489466513356	0.529268292682927	0.0718489466513356	1	0	"model22"
0.724390243902439	0.0796996808660323	0.797560975609756	0.0796996808660323	0.926829268292683	0	"model23"
0.778048780487805	0.0353448213321694	0.851219512195122	0.0353448213321694	0.926829268292683	0	"model24"
0	0	1	0	0	0	"model25"
0.146341463414634	0	1	0	0.146341463414634	0	"model26"
0.817073170731707	0.0368105086916155	0.890243902439024	0.0368105086916155	0.926829268292683	0	"model27"
0.45609756097561	0.0829507378255916	0.45609756097561	0.0829507378255916	1	0	"model28"
0.5	0.0128547872364568	0.98780487804878	0.0128547872364568	0.51219512195122	0	"model29"
0.819512195121951	0.05656106384041	0.892682926829268	0.05656106384041	0.926829268292683	0	"model30"
0.817073170731707	0.0309584272596094	0.939024390243902	0.0309584272596094	0.878048780487805	0	"model31"
0.873170731707317	0.0321112482246041	0.946341463414634	0.032111248224604	0.926829268292683	0	"model32"
0	0	1	0	0	0	"model33"
0.84390243902439	0.0286289705067626	0.941463414634146	0.0286289705067626	0.902439024390244	0	"model34"
0.121951219512195	0	1	0	0.121951219512195	0	"model35"
0.746341463414634	0.0599645167954009	0.819512195121951	0.0599645167954009	0.926829268292683	0	"model36"
0.653658536585366	0.0359934042620791	0.946341463414634	0.0359934042620791	0.707317073170732	0	"model37"
0	0	1	0	0	0	"model38"
0.517073170731707	0.0606222825440886	0.517073170731707	0.0606222825440886	1	0	"model39"
0.468292682926829	0.0734412344106421	0.468292682926829	0.0734412344106421	1	0	"model40"
0.521951219512195	0.071062677669633	0.521951219512195	0.071062677669633	1	0	"model41"
0.204878048780488	0.0125950677925444	0.985365853658537	0.0125950677925445	0.219512195121951	0	"model42"
0.236585365853659	0.0552007973878633	0.236585365853659	0.0552007973878633	1	0	"model43"
0.44390243902439	0.103351210289891	0.44390243902439	0.103351210289891	1	0	"model44"
0.831707317073171	0.0334224468147877	0.929268292682927	0.0334224468147877	0.902439024390244	0	"model45"
0.55609756097561	0.0498527145260354	0.55609756097561	0.0498527145260354	1	0	"model46"
0.490243902439024	0.0138450295657938	0.978048780487805	0.0138450295657938	0.51219512195122	0	"model47"
0.38780487804878	0.0664979025908245	0.38780487804878	0.0664979025908245	1	0	"model48"
0.714634146341463	0.0258378025724727	0.958536585365854	0.0258378025724727	0.75609756097561	0	"model49"
0.731707317073171	0.0699376037970945	0.804878048780488	0.0699376037970945	0.926829268292683	0	"model50"
0.775609756097561	0.0678265158198836	0.848780487804878	0.0678265158198836	0.926829268292683	0	"model51"
0.658536585365854	0.0629753389627222	0.682926829268293	0.0629753389627222	0.975609756097561	0	"model52"
0.7	0.0460624893470416	0.773170731707317	0.0460624893470416	0.926829268292683	0	"model53"
0.697560975609756	0.0286289705067626	0.941463414634146	0.0286289705067626	0.75609756097561	0	"model54"
0.409756097560976	0.0572579410135252	0.409756097560976	0.0572579410135252	1	0	"model55"
0.648780487804878	0.058851905921476	0.697560975609756	0.058851905921476	0.951219512195122	0	"model56"
0.55609756097561	0.0276900591315876	0.970731707317073	0.0276900591315877	0.585365853658537	0	"model57"
0.470731707317073	0.0164621599441598	0.982926829268293	0.0164621599441598	0.48780487804878	0	"model58"
0.024390243902439	0	1	0	0.024390243902439	0	"model59"
0.797560975609756	0.0563854988110559	0.870731707317073	0.0563854988110559	0.926829268292683	0	"model60"
0.660975609756098	0.0644792847443849	0.685365853658537	0.0644792847443849	0.975609756097561	0	"model61"
0.397560975609756	0.0680697095575105	0.397560975609756	0.0680697095575105	1	0	"model62"
0.712195121951219	0.0811380484544693	0.785365853658537	0.0811380484544693	0.926829268292683	0	"model63"
0.604878048780488	0.0276900591315876	0.970731707317073	0.0276900591315876	0.634146341463415	0	"model64"
0.407317073170732	0.100924407373546	0.407317073170732	0.100924407373546	1	0	"model65"
0.751219512195122	0.0359934042620791	0.824390243902439	0.0359934042620791	0.926829268292683	0	"model66"
0.724390243902439	0.0821500362866285	0.797560975609756	0.0821500362866285	0.926829268292683	0	"model67"
0.731707317073171	0.0837043100893252	0.804878048780488	0.0837043100893252	0.926829268292683	0	"model68"
0	0	1	0	0	0	"model69"
0.787804878048781	0.0563854988110559	0.860975609756098	0.056385498811056	0.926829268292683	0	"model70"
0.804878048780488	0.0474061129662219	0.878048780487805	0.047406112966222	0.926829268292683	0	"model71"
0.724390243902439	0.0446044446320169	0.797560975609756	0.0446044446320169	0.926829268292683	0	"model72"
0.724390243902439	0.0415350886973815	0.797560975609756	0.0415350886973814	0.926829268292683	0	"model73"
0.84390243902439	0.0433265450226804	0.941463414634146	0.0433265450226804	0.902439024390244	0	"model74"
0.519512195121951	0.0941476051981404	0.519512195121951	0.0941476051981404	1	0	"model75"
0.790243902439024	0.0348741635602069	0.863414634146341	0.0348741635602069	0.926829268292683	0	"model76"
0.824390243902439	0.0511614072278123	0.897560975609756	0.0511614072278123	0.926829268292683	0	"model77"
0.265853658536585	0.0480294487406242	0.265853658536585	0.0480294487406242	1	0	"model78"
0.504878048780488	0.0326217929231527	0.968292682926829	0.0326217929231526	0.536585365853659	0	"model79"
0	0	1	0	0	0	"model80"
0	0	1	0	0	0	"model81"
0.751219512195122	0.0377852033776333	0.824390243902439	0.0377852033776333	0.926829268292683	0	"model82"
0.682926829268293	0.0445302892280623	0.707317073170732	0.0445302892280623	0.975609756097561	0	"model83"
0.687804878048781	0.0794920751972703	0.760975609756098	0.0794920751972703	0.926829268292683	0	"model84"
0.646341463414634	0.0448998415332816	0.719512195121951	0.0448998415332815	0.926829268292683	0	"model85"
0.660975609756098	0.120835000022694	0.660975609756098	0.120835000022694	1	0	"model86"
0.495121951219512	0.0231386170256223	0.982926829268293	0.0231386170256223	0.51219512195122	0	"model87"
0.821951219512195	0.0460624893470416	0.895121951219512	0.0460624893470416	0.926829268292683	0	"model88"
0.853658536585366	0.0304199787542597	0.926829268292683	0.0304199787542597	0.926829268292683	0	"model89"
0.517073170731707	0.0843336746659508	0.517073170731707	0.0843336746659508	1	0	"model90"
0.819512195121951	0.0490507418829215	0.892682926829268	0.0490507418829215	0.926829268292683	0	"model91"
0.797560975609756	0.0527516364146612	0.870731707317073	0.0527516364146613	0.926829268292683	0	"model92"
0.780487804878049	0.0745134259342413	0.853658536585366	0.0745134259342413	0.926829268292683	0	"model93"
0.517073170731707	0.0752197301217585	0.517073170731707	0.0752197301217585	1	0	"model94"
0.465853658536585	0.0591320212877014	0.465853658536585	0.0591320212877014	1	0	"model95"
0.570731707317073	0.0588519059214759	0.595121951219512	0.058851905921476	0.975609756097561	0	"model96"
0.663414634146341	0.0794920751972703	0.663414634146341	0.0794920751972703	1	0	"model97"
0.602439024390244	0.0905692516529016	0.651219512195122	0.0905692516529016	0.951219512195122	0	"model98"
0	0	1	0	0	0	"model99"
0.814634146341463	0.0308514893674964	0.88780487804878	0.0308514893674964	0.926829268292683	0	"model100"
0.668292682926829	0.05656106384041	0.741463414634146	0.05656106384041	0.926829268292683	0	"model101"
0.748780487804878	0.0727630921472014	0.821951219512195	0.0727630921472014	0.926829268292683	0	"model102"
0.104878048780488	0.0563854988110559	0.104878048780488	0.0563854988110559	1	0	"model103"
0.780487804878049	0.0708764055860272	0.829268292682927	0.0708764055860272	0.951219512195122	0	"model104"
0.751219512195122	0.0560916693029605	0.824390243902439	0.0560916693029605	0.926829268292683	0	"model105"
0.482926829268293	0.0224130874017727	0.970731707317073	0.0224130874017727	0.51219512195122	0	"model106"
0.817073170731707	0.0368105086916155	0.890243902439024	0.0368105086916155	0.926829268292683	0	"model107"
0.807317073170732	0.0580034438430471	0.880487804878049	0.0580034438430471	0.926829268292683	0	"model108"
0.773170731707317	0.0539901063931187	0.846341463414634	0.0539901063931187	0.926829268292683	0	"model109"
0.817073170731707	0.0263444743837718	0.890243902439024	0.0263444743837718	0.926829268292683	0	"model110"
0.35609756097561	0.0956451458201804	0.35609756097561	0.0956451458201804	1	0	"model111"
0.865853658536585	0.0418521550446626	0.939024390243902	0.0418521550446626	0.926829268292683	0	"model112"
0.687804878048781	0.0627650701320936	0.736585365853659	0.0627650701320936	0.951219512195122	0	"model113"
0.712195121951219	0.0811380484544693	0.760975609756098	0.0811380484544693	0.951219512195122	0	"model114"
0	0	1	0	0	0	"model115"
0.234146341463415	0.0433265450226804	0.234146341463415	0.0433265450226804	1	0	"model116"
0.702439024390244	0.0903866153475596	0.726829268292683	0.0903866153475597	0.975609756097561	0	"model117"
0.758536585365854	0.0544776116024421	0.831707317073171	0.0544776116024421	0.926829268292683	0	"model118"
0.75609756097561	0.0257095744729137	0.975609756097561	0.0257095744729137	0.780487804878049	0	"model119"
0.863414634146341	0.0286289705067626	0.936585365853659	0.0286289705067626	0.926829268292683	0	"model120"
0.829268292682927	0.0229953424776113	0.951219512195122	0.0229953424776113	0.878048780487805	0	"model121"
0.84390243902439	0.0348741635602069	0.917073170731707	0.0348741635602068	0.926829268292683	0	"model122"
0.734146341463415	0.0654963709304807	0.782926829268293	0.0654963709304808	0.951219512195122	0	"model123"
0.0487804878048781	0	1	0	0.0487804878048781	0	"model124"
0.802439024390244	0.0371679006525608	0.875609756097561	0.0371679006525609	0.926829268292683	0	"model125"
0.804878048780488	0.032520325203252	0.878048780487805	0.0325203252032521	0.926829268292683	0	"model126"
0.726829268292683	0.0617029787349928	0.8	0.0617029787349928	0.926829268292683	0	"model127"
0.626829268292683	0.0258378025724727	0.968292682926829	0.0258378025724727	0.658536585365854	0	"model128"
0.770731707317073	0.073800362392912	0.84390243902439	0.073800362392912	0.926829268292683	0	"model129"
0.775609756097561	0.0457023392603421	0.848780487804878	0.0457023392603421	0.926829268292683	0	"model130"
0	0	1	0	0	0	"model131"
0.729268292682927	0.0644792847443849	0.802439024390244	0.0644792847443849	0.926829268292683	0	"model132"
0.690243902439024	0.110311752150151	0.714634146341463	0.110311752150151	0.975609756097561	0	"model133"
0.797560975609756	0.0460624893470416	0.870731707317073	0.0460624893470416	0.926829268292683	0	"model134"
0.402439024390244	0.0172465068582085	0.98780487804878	0.0172465068582085	0.414634146341463	0	"model135"
0.563414634146341	0.0544776116024421	0.563414634146341	0.0544776116024421	1	0	"model136"
0.824390243902439	0.0411353191566618	0.897560975609756	0.0411353191566618	0.926829268292683	0	"model137"
0.41219512195122	0.0532504809554888	0.41219512195122	0.0532504809554888	1	0	"model138"
0	0	1	0	0	0	"model139"
0.865853658536585	0.0330245463603088	0.939024390243902	0.0330245463603088	0.926829268292683	0	"model140"
0.758536585365854	0.0389056458992046	0.831707317073171	0.0389056458992045	0.926829268292683	0	"model141"
0.780487804878049	0.0281634277653476	0.853658536585366	0.0281634277653476	0.926829268292683	0	"model142"
0.765853658536585	0.0764400603157279	0.839024390243902	0.0764400603157279	0.926829268292683	0	"model143"
0.760975609756098	0.0359934042620791	0.834146341463415	0.0359934042620791	0.926829268292683	0	"model144"
0.826829268292683	0.0556777029862242	0.9	0.0556777029862242	0.926829268292683	0	"model145"
0	0	1	0	0	0	"model146"
0.682926829268293	0.0199145507543348	0.975609756097561	0.0199145507543348	0.707317073170732	0	"model147"
0.626829268292683	0.0326217929231527	0.94390243902439	0.0326217929231526	0.682926829268293	0	"model148"
0.597560975609756	0.0747348630522367	0.621951219512195	0.0747348630522367	0.975609756097561	0	"model149"
0.841463414634146	0.0554397629958775	0.914634146341463	0.0554397629958775	0.926829268292683	0	"model150"
0.497560975609756	0.0170538024092708	0.985365853658537	0.0170538024092708	0.51219512195122	0	"model151"
0.768292682926829	0.0566194645413989	0.841463414634146	0.0566194645413989	0.926829268292683	0	"model152"
0.658536585365854	0.0459906849552226	0.682926829268293	0.0459906849552226	0.975609756097561	0	"model153"
0.839024390243902	0.0286289705067626	0.91219512195122	0.0286289705067626	0.926829268292683	0	"model154"
0.758536585365854	0.0722159934673251	0.807317073170732	0.072215993467325	0.951219512195122	0	"model155"
0.619512195121951	0.0631849080576437	0.692682926829268	0.0631849080576437	0.926829268292683	0	"model156"
0.448780487804878	0.0914046785206842	0.448780487804878	0.0914046785206842	1	0	"model157"
0.870731707317073	0.0345886949368824	0.94390243902439	0.0345886949368823	0.926829268292683	0	"model158"
0.765853658536585	0.0433265450226804	0.839024390243902	0.0433265450226804	0.926829268292683	0	"model159"
0.807317073170732	0.0532504809554888	0.880487804878049	0.0532504809554888	0.926829268292683	0	"model160"
0.8	0.0276900591315876	0.873170731707317	0.0276900591315877	0.926829268292683	0	"model161"
0.719512195121951	0.0589080355536156	0.792682926829268	0.0589080355536156	0.926829268292683	0	"model162"
0.597560975609756	0.0172465068582085	0.963414634146341	0.0172465068582085	0.634146341463415	0	"model163"
0.807317073170732	0.0334224468147877	0.953658536585366	0.0334224468147877	0.853658536585366	0	"model164"
0.504878048780488	0.0619702081306	0.504878048780488	0.0619702081306	1	0	"model165"
0.0439024390243902	0.0102838297891655	0.995121951219512	0.0102838297891655	0.0487804878048781	0	"model166"
0.673170731707317	0.0401596391389544	0.697560975609756	0.0401596391389544	0.975609756097561	0	"model167"
0.617073170731707	0.0597989448729538	0.690243902439024	0.0597989448729538	0.926829268292683	0	"model168"
0.473170731707317	0.0125950677925444	0.985365853658537	0.0125950677925445	0.48780487804878	0	"model169"
0.885365853658537	0.0231386170256223	0.958536585365854	0.0231386170256223	0.926829268292683	0	"model170"
0.495121951219512	0.0164621599441598	0.982926829268293	0.0164621599441598	0.51219512195122	0	"model171"
0.524390243902439	0.0491180730633926	0.524390243902439	0.0491180730633926	1	0	"model172"
0.797560975609756	0.0527516364146613	0.870731707317073	0.0527516364146612	0.926829268292683	0	"model173"
0.695121951219512	0.0434027571220785	0.768292682926829	0.0434027571220785	0.926829268292683	0	"model174"
0.795121951219512	0.0308514893674964	0.868292682926829	0.0308514893674964	0.926829268292683	0	"model175"
0.0487804878048781	0	1	0	0.0487804878048781	0	"model176"
0.651219512195122	0.0382200301578639	0.94390243902439	0.0382200301578639	0.707317073170732	0	"model177"
0.460975609756098	0.0213559764822174	0.973170731707317	0.0213559764822174	0.48780487804878	0	"model178"
0	0	1	0	0	0	"model179"
0.687804878048781	0.0359934042620791	0.95609756097561	0.0359934042620791	0.731707317073171	0	"model180"
0.517073170731707	0.0851138362816416	0.517073170731707	0.0851138362816416	1	0	"model181"
0.51219512195122	0.0199145507543348	0.975609756097561	0.0199145507543348	0.536585365853659	0	"model182"
0.74390243902439	0.0504458278292311	0.817073170731707	0.0504458278292311	0.926829268292683	0	"model183"
0.753658536585366	0.0644792847443849	0.826829268292683	0.0644792847443849	0.926829268292683	0	"model184"
0.024390243902439	0	1	0	0.024390243902439	0	"model185"
0.55609756097561	0.0192392838474784	0.970731707317073	0.0192392838474784	0.585365853658537	0	"model186"
0.882926829268293	0.0427119529644348	0.95609756097561	0.0427119529644348	0.926829268292683	0	"model187"
0.597560975609756	0.0542344067647412	0.597560975609756	0.0542344067647412	1	0	"model188"
0.804878048780488	0.0487804878048781	0.878048780487805	0.0487804878048781	0.926829268292683	0	"model189"
0.7	0.0736658945695889	0.748780487804878	0.0736658945695889	0.951219512195122	0	"model190"
0.263414634146341	0.0102838297891655	0.995121951219512	0.0102838297891655	0.268292682926829	0	"model191"
0.739024390243902	0.0460624893470416	0.81219512195122	0.0460624893470416	0.926829268292683	0	"model192"
0.729268292682927	0.0371679006525608	0.802439024390244	0.0371679006525608	0.926829268292683	0	"model193"
0.665853658536585	0.028280531920205	0.958536585365854	0.028280531920205	0.707317073170732	0	"model194"
0.751219512195122	0.0394957977284264	0.946341463414634	0.0394957977284264	0.804878048780488	0	"model195"
0.821951219512195	0.0399119925484019	0.895121951219512	0.0399119925484019	0.926829268292683	0	"model196"
0.846341463414634	0.0563854988110559	0.919512195121951	0.0563854988110559	0.926829268292683	0	"model197"
0.770731707317073	0.0610568564407109	0.84390243902439	0.0610568564407108	0.926829268292683	0	"model198"
0.536585365853659	0.0514191489458273	0.536585365853659	0.0514191489458273	1	0	"model199"
0.234146341463415	0.0125950677925444	0.990243902439024	0.0125950677925445	0.24390243902439	0	"model200"
0.834146341463415	0.0457023392603421	0.907317073170732	0.0457023392603421	0.926829268292683	0	"model201"
0.802439024390244	0.0664979025908245	0.875609756097561	0.0664979025908245	0.926829268292683	0	"model202"
0.682926829268293	0.0430203465213755	0.707317073170732	0.0430203465213755	0.975609756097561	0	"model203"
0.136585365853659	0.0417731140769598	0.136585365853659	0.0417731140769598	1	0	"model204"
0.81219512195122	0.0514833827609352	0.885365853658537	0.0514833827609352	0.926829268292683	0	"model205"
0.729268292682927	0.051994396602665	0.753658536585366	0.051994396602665	0.975609756097561	0	"model206"
0.653658536585366	0.0819486384933603	0.678048780487805	0.0819486384933603	0.975609756097561	0	"model207"
0.790243902439024	0.0476841570686672	0.863414634146341	0.0476841570686673	0.926829268292683	0	"model208"
0	0	1	0	0	0	"model209"
0.470731707317073	0.0200798195694772	0.982926829268293	0.0200798195694772	0.48780487804878	0	"model210"
0.746341463414634	0.058851905921476	0.819512195121951	0.058851905921476	0.926829268292683	0	"model211"
0.441463414634146	0.0985384635845573	0.441463414634146	0.0985384635845573	1	0	"model212"
0.0146341463414634	0.0125950677925444	0.990243902439024	0.0125950677925445	0.024390243902439	0	"model213"
0.748780487804878	0.0563854988110559	0.821951219512195	0.056385498811056	0.926829268292683	0	"model214"
0.482926829268293	0.0192392838474784	0.970731707317073	0.0192392838474784	0.51219512195122	0	"model215"
0.882926829268293	0.0321112482246041	0.95609756097561	0.032111248224604	0.926829268292683	0	"model216"
0.14390243902439	0.00771287234187409	0.997560975609756	0.0077128723418741	0.146341463414634	0	"model217"
0.829268292682927	0.0363588289024356	0.902439024390244	0.0363588289024356	0.926829268292683	0	"model218"
0	0	1	0	0	0	"model219"
0.839024390243902	0.0262187243847107	0.91219512195122	0.0262187243847107	0.926829268292683	0	"model220"
0.773170731707317	0.048848191498536	0.846341463414634	0.0488481914985359	0.926829268292683	0	"model221"
0.778048780487805	0.0507072069252445	0.851219512195122	0.0507072069252445	0.926829268292683	0	"model222"
0.760975609756098	0.0394957977284264	0.834146341463415	0.0394957977284264	0.926829268292683	0	"model223"
0.468292682926829	0.0192392838474784	0.980487804878049	0.0192392838474784	0.48780487804878	0	"model224"
0.746341463414634	0.058851905921476	0.795121951219512	0.058851905921476	0.951219512195122	0	"model225"
0.841463414634146	0.0263444743837718	0.914634146341463	0.0263444743837718	0.926829268292683	0	"model226"
0.775609756097561	0.0442324244186518	0.848780487804878	0.0442324244186519	0.926829268292683	0	"model227"
0	0	1	0	0	0	"model228"
0.509756097560976	0.0783615008781886	0.534146341463415	0.0783615008781886	0.975609756097561	0	"model229"
0.626829268292683	0.0514833827609352	0.7	0.0514833827609352	0.926829268292683	0	"model230"
0.8	0.0341076048185415	0.921951219512195	0.0341076048185415	0.878048780487805	0	"model231"
0.748780487804878	0.0527516364146613	0.821951219512195	0.0527516364146612	0.926829268292683	0	"model232"
0.495121951219512	0.0660991109729361	0.495121951219512	0.0660991109729361	1	0	"model233"
0.624390243902439	0.0205676595783309	0.965853658536585	0.0205676595783309	0.658536585365854	0	"model234"
0.753658536585366	0.0816658471794971	0.826829268292683	0.0816658471794972	0.926829268292683	0	"model235"
0.85609756097561	0.0421668373329754	0.929268292682927	0.0421668373329754	0.926829268292683	0	"model236"
0.763414634146341	0.0527516364146612	0.836585365853659	0.0527516364146613	0.926829268292683	0	"model237"
0.746341463414634	0.0854239059288695	0.819512195121951	0.0854239059288696	0.926829268292683	0	"model238"
0.380487804878049	0.0125950677925445	0.990243902439024	0.0125950677925445	0.390243902439024	0	"model239"
0.024390243902439	0	1	0	0.024390243902439	0	"model240"
0.682926829268293	0.032520325203252	0.951219512195122	0.032520325203252	0.731707317073171	0	"model241"
0.28780487804878	0.0154257446837482	0.995121951219512	0.0154257446837482	0.292682926829268	0	"model242"
0.536585365853659	0.0955068302802498	0.536585365853659	0.0955068302802498	1	0	"model243"
0.719512195121951	0.0652942211553212	0.792682926829268	0.0652942211553212	0.926829268292683	0	"model244"
0.309756097560976	0.0718489466513356	0.309756097560976	0.0718489466513356	1	0	"model245"
0.797560975609756	0.0514833827609352	0.870731707317073	0.0514833827609352	0.926829268292683	0	"model246"
0.675609756097561	0.0650914435812946	0.7	0.0650914435812946	0.975609756097561	0	"model247"
0.782926829268293	0.0591320212877014	0.85609756097561	0.0591320212877014	0.926829268292683	0	"model248"
0	0	1	0	0	0	"model249"
0.592682926829268	0.0660991109729361	0.641463414634146	0.0660991109729361	0.951219512195122	0	"model250"
0.0463414634146341	0.0077128723418741	0.997560975609756	0.0077128723418741	0.0487804878048781	0	"model251"
0.165853658536585	0.0102838297891655	0.995121951219512	0.0102838297891655	0.170731707317073	0	"model252"
0	0	1	0	0	0	"model253"
0.814634146341463	0.0401596391389544	0.88780487804878	0.0401596391389544	0.926829268292683	0	"model254"
0.84390243902439	0.0308514893674964	0.917073170731707	0.0308514893674964	0.926829268292683	0	"model255"
0.502439024390244	0.052939253971056	0.502439024390244	0.052939253971056	1	0	"model256"
0	0	1	0	0	0	"model257"
0.0487804878048781	0	1	0	0.0487804878048781	0	"model258"
0.604878048780488	0.0725356358477901	0.604878048780488	0.0725356358477901	1	0	"model259"
0.14390243902439	0.00771287234187409	0.997560975609756	0.0077128723418741	0.146341463414634	0	"model260"
0.792682926829268	0.0309584272596094	0.865853658536585	0.0309584272596094	0.926829268292683	0	"model261"
0.192682926829268	0.00771287234187409	0.997560975609756	0.0077128723418741	0.195121951219512	0	"model262"
0.797560975609756	0.0430971000998327	0.870731707317073	0.0430971000998328	0.926829268292683	0	"model263"
0.670731707317073	0.0402418493358198	0.670731707317073	0.0402418493358198	1	0	"model264"
0	0	1	0	0	0	"model265"
0.0707317073170732	0.00771287234187409	0.997560975609756	0.0077128723418741	0.0731707317073171	0	"model266"
0.802439024390244	0.0292004634082406	0.875609756097561	0.0292004634082406	0.926829268292683	0	"model267"
0.524390243902439	0.0172465068582085	0.98780487804878	0.0172465068582085	0.536585365853659	0	"model268"
0.024390243902439	0	1	0	0.024390243902439	0	"model269"
0.358536585365854	0.0117816071107231	0.992682926829268	0.0117816071107231	0.365853658536585	0	"model270"
0.746341463414634	0.0553801182631753	0.819512195121951	0.0553801182631753	0.926829268292683	0	"model271"
0.692682926829268	0.036720617205321	0.960975609756098	0.036720617205321	0.731707317073171	0	"model272"
0.773170731707317	0.0382200301578639	0.846341463414634	0.0382200301578639	0.926829268292683	0	"model273"
0.760975609756098	0.0411353191566619	0.834146341463415	0.0411353191566618	0.926829268292683	0	"model274"
0.626829268292683	0.0680697095575105	0.651219512195122	0.0680697095575105	0.975609756097561	0	"model275"
0.7	0.0460624893470416	0.773170731707317	0.0460624893470416	0.926829268292683	0	"model276"
0.504878048780488	0.0552007973878633	0.504878048780488	0.0552007973878633	1	0	"model277"
0.548780487804878	0.0349688018985472	0.963414634146341	0.0349688018985472	0.585365853658537	0	"model278"
0.504878048780488	0.0771715608135563	0.504878048780488	0.0771715608135563	1	0	"model279"
0.734146341463415	0.0334224468147878	0.807317073170732	0.0334224468147877	0.926829268292683	0	"model280"
0.363414634146341	0.0405690242272346	0.363414634146341	0.0405690242272346	1	0	"model281"
0.492682926829268	0.0192392838474784	0.980487804878049	0.0192392838474784	0.51219512195122	0	"model282"
0.673170731707317	0.0798239850968038	0.697560975609756	0.0798239850968038	0.975609756097561	0	"model283"
0.024390243902439	0	1	0	0.024390243902439	0	"model284"
0.868292682926829	0.0448261748035454	0.941463414634146	0.0448261748035454	0.926829268292683	0	"model285"
0.407317073170732	0.0575458158347525	0.407317073170732	0.0575458158347525	1	0	"model286"
0.782926829268293	0.0591320212877014	0.85609756097561	0.0591320212877014	0.926829268292683	0	"model287"
0.0609756097560976	0.0128547872364568	0.98780487804878	0.0128547872364568	0.0731707317073171	0	"model288"
0	0	1	0	0	0	"model289"
0.192682926829268	0.0654963709304808	0.192682926829268	0.0654963709304808	1	0	"model290"
0.809756097560976	0.0427119529644348	0.882926829268293	0.0427119529644348	0.926829268292683	0	"model291"
0	0	1	0	0	0	"model292"
0	0	1	0	0	0	"model293"
0.75609756097561	0.0563268555306952	0.804878048780488	0.0563268555306952	0.951219512195122	0	"model294"
0	0	1	0	0	0	"model295"
0.726829268292683	0.0394957977284264	0.946341463414634	0.0394957977284264	0.780487804878049	0	"model296"
0.604878048780488	0.0154257446837482	0.970731707317073	0.0154257446837482	0.634146341463415	0	"model297"
0.660975609756098	0.0568524674375515	0.734146341463415	0.0568524674375515	0.926829268292683	0	"model298"
0.670731707317073	0.0611109608876948	0.74390243902439	0.0611109608876947	0.926829268292683	0	"model299"
0.382926829268293	0.0586831949028247	0.382926829268293	0.0586831949028247	1	0	"model300"
0.668292682926829	0.0205676595783309	0.960975609756098	0.0205676595783309	0.707317073170732	0	"model301"
0.875609756097561	0.0242543640490672	0.948780487804878	0.0242543640490671	0.926829268292683	0	"model302"
0.660975609756098	0.0480294487406242	0.709756097560976	0.0480294487406242	0.951219512195122	0	"model303"
0.775609756097561	0.0687941326871746	0.848780487804878	0.0687941326871745	0.926829268292683	0	"model304"
0.809756097560976	0.0224130874017727	0.95609756097561	0.0224130874017727	0.853658536585366	0	"model305"
0.502439024390244	0.0170538024092708	0.990243902439024	0.0170538024092708	0.51219512195122	0	"model306"
0.804878048780488	0.0501171870160079	0.878048780487805	0.0501171870160079	0.926829268292683	0	"model307"
0.829268292682927	0.0619168545192188	0.902439024390244	0.0619168545192188	0.926829268292683	0	"model308"
0.739024390243902	0.0382200301578639	0.81219512195122	0.0382200301578639	0.926829268292683	0	"model309"
0.675609756097561	0.0258378025724727	0.968292682926829	0.0258378025724727	0.707317073170732	0	"model310"
0.670731707317073	0.0385643617093705	0.74390243902439	0.0385643617093705	0.926829268292683	0	"model311"
0	0	1	0	0	0	"model312"
0.751219512195122	0.0769571353899137	0.8	0.0769571353899137	0.951219512195122	0	"model313"
0.748780487804878	0.0399119925484019	0.821951219512195	0.0399119925484019	0.926829268292683	0	"model314"
0.024390243902439	0	1	0	0.024390243902439	0	"model315"
0.721951219512195	0.0588519059214759	0.795121951219512	0.058851905921476	0.926829268292683	0	"model316"
0.785365853658537	0.0617029787349928	0.858536585365854	0.0617029787349928	0.926829268292683	0	"model317"
0.409756097560976	0.0102838297891654	0.995121951219512	0.0102838297891655	0.414634146341463	0	"model318"
0.134146341463415	0.0172465068582085	0.98780487804878	0.0172465068582085	0.146341463414634	0	"model319"
0.402439024390244	0.0823107997207991	0.402439024390244	0.0823107997207991	1	0	"model320"
0.668292682926829	0.0631849080576437	0.668292682926829	0.0631849080576437	1	0	"model321"
0.417073170731707	0.0654963709304808	0.417073170731707	0.0654963709304808	1	0	"model322"
0.760975609756098	0.0734412344106421	0.809756097560976	0.073441234410642	0.951219512195122	0	"model323"
0.573170731707317	0.0385643617093705	0.597560975609756	0.0385643617093705	0.975609756097561	0	"model324"
0.470731707317073	0.0200798195694772	0.982926829268293	0.0200798195694772	0.48780487804878	0	"model325"
0.780487804878049	0.0414554431999413	0.829268292682927	0.0414554431999413	0.951219512195122	0	"model326"
0.680487804878049	0.0613269013516946	0.729268292682927	0.0613269013516947	0.951219512195122	0	"model327"
0.668292682926829	0.0577178515424353	0.668292682926829	0.0577178515424353	1	0	"model328"
0.209756097560976	0.058851905921476	0.209756097560976	0.058851905921476	1	0	"model329"
0.821951219512195	0.0575458158347525	0.895121951219512	0.0575458158347525	0.926829268292683	0	"model330"
0.85609756097561	0.0437062766039532	0.929268292682927	0.0437062766039532	0.926829268292683	0	"model331"
0.160975609756098	0.0125950677925445	0.990243902439024	0.0125950677925445	0.170731707317073	0	"model332"
0.746341463414634	0.0642224964492081	0.795121951219512	0.0642224964492081	0.951219512195122	0	"model333"
0.834146341463415	0.0377852033776333	0.907317073170732	0.0377852033776333	0.926829268292683	0	"model334"
0.590243902439024	0.073441234410642	0.590243902439024	0.073441234410642	1	0	"model335"
0.795121951219512	0.0401596391389544	0.868292682926829	0.0401596391389544	0.926829268292683	0	"model336"
0.851219512195122	0.0268415837710881	0.924390243902439	0.0268415837710881	0.926829268292683	0	"model337"
0.292682926829268	0.105377897535087	0.292682926829268	0.105377897535087	1	0	"model338"
0.797560975609756	0.0514833827609351	0.870731707317073	0.0514833827609352	0.926829268292683	0	"model339"
0.619512195121951	0.0610568564407108	0.619512195121951	0.0610568564407108	1	0	"model340"
0.804878048780488	0.0445302892280623	0.878048780487805	0.0445302892280623	0.926829268292683	0	"model341"
0.390243902439024	0.0718029338725841	0.390243902439024	0.0718029338725841	1	0	"model342"
0.502439024390244	0.0125950677925445	0.990243902439024	0.0125950677925445	0.51219512195122	0	"model343"
0.787804878048781	0.0563854988110559	0.860975609756098	0.0563854988110559	0.926829268292683	0	"model344"
0.568292682926829	0.0927328349437975	0.568292682926829	0.0927328349437975	1	0	"model345"
0.348780487804878	0.0231386170256223	0.982926829268293	0.0231386170256223	0.365853658536585	0	"model346"
0.204878048780488	0.0170538024092708	0.985365853658537	0.0170538024092708	0.219512195121951	0	"model347"
0.195121951219512	0.0629753389627222	0.195121951219512	0.0629753389627222	1	0	"model348"
0.460975609756098	0.0242543640490672	0.973170731707317	0.0242543640490671	0.48780487804878	0	"model349"
0.182926829268293	0.0128547872364568	0.98780487804878	0.0128547872364568	0.195121951219512	0	"model350"
0.731707317073171	0.0487804878048781	0.804878048780488	0.0487804878048781	0.926829268292683	0	"model351"
0	0	1	0	0	0	"model352"
0.787804878048781	0.0586831949028247	0.860975609756098	0.0586831949028247	0.926829268292683	0	"model353"
0.0487804878048781	0	1	0	0.0487804878048781	0	"model354"
0.748780487804878	0.0460624893470416	0.821951219512195	0.0460624893470416	0.926829268292683	0	"model355"
0.707317073170732	0.068021140368624	0.780487804878049	0.068021140368624	0.926829268292683	0	"model356"
0.419512195121951	0.0911149640723376	0.419512195121951	0.0911149640723376	1	0	"model357"
0	0	1	0	0	0	"model358"
0.704878048780488	0.0556777029862242	0.778048780487805	0.0556777029862242	0.926829268292683	0	"model359"
0.21219512195122	0.0164621599441598	0.992682926829268	0.0164621599441598	0.219512195121951	0	"model360"
0.782926829268293	0.051994396602665	0.85609756097561	0.051994396602665	0.926829268292683	0	"model361"
0.826829268292683	0.0451933076737798	0.9	0.0451933076737798	0.926829268292683	0	"model362"
0.0439024390243902	0.0102838297891655	0.995121951219512	0.0102838297891655	0.0487804878048781	0	"model363"
0.797560975609756	0.0446044446320169	0.870731707317073	0.0446044446320169	0.926829268292683	0	"model364"
0.470731707317073	0.0231386170256223	0.982926829268293	0.0231386170256223	0.48780487804878	0	"model365"
0.570731707317073	0.0553801182631753	0.570731707317073	0.0553801182631753	1	0	"model366"
0.804878048780488	0.0660490927206176	0.878048780487805	0.0660490927206176	0.926829268292683	0	"model367"
0.675609756097561	0.0650914435812946	0.7	0.0650914435812946	0.975609756097561	0	"model368"
0.860975609756098	0.0446044446320169	0.934146341463415	0.0446044446320169	0.926829268292683	0	"model369"
0.760975609756098	0.0595219681877175	0.834146341463415	0.0595219681877175	0.926829268292683	0	"model370"
0.758536585365854	0.0712948333931504	0.831707317073171	0.0712948333931504	0.926829268292683	0	"model371"
0.665853658536585	0.0200798195694772	0.958536585365854	0.0200798195694772	0.707317073170732	0	"model372"
0.75609756097561	0.0487804878048781	0.829268292682927	0.048780487804878	0.926829268292683	0	"model373"
0.429268292682927	0.11099868725773	0.429268292682927	0.11099868725773	1	0	"model374"
0.365853658536585	0.0304199787542597	0.975609756097561	0.0304199787542597	0.390243902439024	0	"model375"
0.139024390243902	0.0117816071107231	0.992682926829268	0.0117816071107231	0.146341463414634	0	"model376"
0.814634146341463	0.0433265450226804	0.88780487804878	0.0433265450226804	0.926829268292683	0	"model377"
0.65609756097561	0.0634458959841518	0.704878048780488	0.0634458959841518	0.951219512195122	0	"model378"
0.575609756097561	0.068215209637083	0.6	0.068215209637083	0.975609756097561	0	"model379"
0.790243902439024	0.093548942202553	0.863414634146341	0.093548942202553	0.926829268292683	0	"model380"
0.646341463414634	0.0869956689391573	0.719512195121951	0.0869956689391573	0.926829268292683	0	"model381"
0.717073170731707	0.0262187243847107	0.960975609756098	0.0262187243847107	0.75609756097561	0	"model382"
0.865853658536585	0.0330245463603088	0.939024390243902	0.0330245463603088	0.926829268292683	0	"model383"
0	0	1	0	0	0	"model384"
0.253658536585366	0.0621299940635538	0.253658536585366	0.0621299940635538	1	0	"model385"
0.0975609756097561	0	1	0	0.0975609756097561	0	"model386"
0.54390243902439	0.0934428976467942	0.592682926829268	0.0934428976467942	0.951219512195122	0	"model387"
0.807317073170732	0.051994396602665	0.880487804878049	0.051994396602665	0.926829268292683	0	"model388"
0	0	1	0	0	0	"model389"
0.81219512195122	0.0474757766525412	0.885365853658537	0.0474757766525412	0.926829268292683	0	"model390"
0	0	1	0	0	0	"model391"
0.846341463414634	0.0446044446320169	0.919512195121951	0.0446044446320169	0.926829268292683	0	"model392"
0	0	1	0	0	0	"model393"
0.0487804878048781	0	1	0	0.0487804878048781	0	"model394"
0.84390243902439	0.0348741635602068	0.917073170731707	0.0348741635602068	0.926829268292683	0	"model395"
0.526829268292683	0.0262187243847108	0.965853658536585	0.0262187243847107	0.560975609756098	0	"model396"
0.395121951219512	0.0946726935155098	0.395121951219512	0.0946726935155098	1	0	"model397"
0.839024390243902	0.0384785676949568	0.91219512195122	0.0384785676949568	0.926829268292683	0	"model398"
0.753658536585366	0.0480294487406241	0.826829268292683	0.0480294487406242	0.926829268292683	0	"model399"
0.44390243902439	0.0617029787349928	0.44390243902439	0.0617029787349928	1	0	"model400"
0.65609756097561	0.0722159934673251	0.65609756097561	0.0722159934673251	1	0	"model401"
0.490243902439024	0.0268415837710881	0.978048780487805	0.0268415837710881	0.51219512195122	0	"model402"
0.817073170731707	0.0463485945162251	0.890243902439024	0.0463485945162251	0.926829268292683	0	"model403"
0.7	0.0630277965636237	0.773170731707317	0.0630277965636238	0.926829268292683	0	"model404"
0.470731707317073	0.0164621599441598	0.982926829268293	0.0164621599441598	0.48780487804878	0	"model405"
0.380487804878049	0.074690628148656	0.380487804878049	0.074690628148656	1	0	"model406"
0.573170731707317	0.0632371918134311	0.646341463414634	0.0632371918134311	0.926829268292683	0	"model407"
0	0	1	0	0	0	"model408"
0.231707317073171	0.0477534151401249	0.231707317073171	0.0477534151401249	1	0	"model409"
0.14390243902439	0.0556777029862242	0.14390243902439	0.0556777029862242	1	0	"model410"
0.824390243902439	0.0411353191566618	0.897560975609756	0.0411353191566619	0.926829268292683	0	"model411"
0.0487804878048781	0	1	0	0.0487804878048781	0	"model412"
0.81219512195122	0.0514833827609352	0.885365853658537	0.0514833827609352	0.926829268292683	0	"model413"
0.370731707317073	0.0154257446837482	0.980487804878049	0.0154257446837482	0.390243902439024	0	"model414"
0.663414634146341	0.0498527145260354	0.687804878048781	0.0498527145260354	0.975609756097561	0	"model415"
0.31219512195122	0.0743358013051217	0.31219512195122	0.0743358013051217	1	0	"model416"
0	0	1	0	0	0	"model417"
0.85609756097561	0.0532504809554889	0.929268292682927	0.0532504809554888	0.926829268292683	0	"model418"
0.821951219512195	0.0399119925484019	0.895121951219512	0.0399119925484019	0.926829268292683	0	"model419"
0.717073170731707	0.073800362392912	0.717073170731707	0.073800362392912	1	0	"model420"
0.597560975609756	0.0172465068582085	0.963414634146341	0.0172465068582085	0.634146341463415	0	"model421"
0.580487804878049	0.0299822583977004	0.970731707317073	0.0299822583977004	0.609756097560976	0	"model422"
0.84390243902439	0.0490507418829215	0.917073170731707	0.0490507418829215	0.926829268292683	0	"model423"
0.592682926829268	0.0364496126365201	0.592682926829268	0.0364496126365201	1	0	"model424"
0.326829268292683	0.0884648488373037	0.326829268292683	0.0884648488373037	1	0	"model425"
0.424390243902439	0.058851905921476	0.424390243902439	0.058851905921476	1	0	"model426"
0.682926829268293	0.016260162601626	0.975609756097561	0.016260162601626	0.707317073170732	0	"model427"
0.834146341463415	0.0359934042620791	0.907317073170732	0.0359934042620791	0.926829268292683	0	"model428"
0.419512195121951	0.0658486397766393	0.419512195121951	0.0658486397766393	1	0	"model429"
0.378048780487805	0.0172465068582085	0.98780487804878	0.0172465068582085	0.390243902439024	0	"model430"
0.878048780487805	0.0281634277653476	0.951219512195122	0.0281634277653476	0.926829268292683	0	"model431"
0.639024390243902	0.0752197301217585	0.639024390243902	0.0752197301217585	1	0	"model432"
0.836585365853659	0.0399119925484019	0.909756097560976	0.0399119925484019	0.926829268292683	0	"model433"
0.482926829268293	0.0427119529644348	0.482926829268293	0.0427119529644348	1	0	"model434"
0.502439024390244	0.0719868085241582	0.502439024390244	0.0719868085241582	1	0	"model435"
0.204878048780488	0.0170538024092708	0.985365853658537	0.0170538024092708	0.219512195121951	0	"model436"
0.0439024390243902	0.0102838297891655	0.995121951219512	0.0102838297891655	0.0487804878048781	0	"model437"
0.785365853658537	0.0524374487694214	0.858536585365854	0.0524374487694215	0.926829268292683	0	"model438"
0.729268292682927	0.0694158510768669	0.802439024390244	0.0694158510768668	0.926829268292683	0	"model439"
0.782926829268293	0.0466329443892682	0.85609756097561	0.0466329443892683	0.926829268292683	0	"model440"
0.819512195121951	0.0384785676949568	0.892682926829268	0.0384785676949569	0.926829268292683	0	"model441"
0.734146341463415	0.0613269013516946	0.758536585365854	0.0613269013516947	0.975609756097561	0	"model442"
0.65609756097561	0.0944280156633145	0.680487804878049	0.0944280156633145	0.975609756097561	0	"model443"
0.509756097560976	0.0832688626280935	0.509756097560976	0.0832688626280935	1	0	"model444"
0.678048780487805	0.0560916693029605	0.726829268292683	0.0560916693029605	0.951219512195122	0	"model445"
0.721951219512195	0.073800362392912	0.795121951219512	0.073800362392912	0.926829268292683	0	"model446"
0.639024390243902	0.0648370797963476	0.639024390243902	0.0648370797963476	1	0	"model447"
0	0	1	0	0	0	"model448"
0.185365853658537	0.0577178515424353	0.185365853658537	0.0577178515424353	1	0	"model449"
0	0	1	0	0	0	"model450"
0.182926829268293	0.0477534151401249	0.182926829268293	0.0477534151401249	1	0	"model451"
0.790243902439024	0.0417731140769598	0.863414634146341	0.0417731140769598	0.926829268292683	0	"model452"
0	0	1	0	0	0	"model453"
0.785365853658537	0.0560916693029604	0.858536585365854	0.0560916693029605	0.926829268292683	0	"model454"
0.292682926829268	0.0597436522630043	0.292682926829268	0.0597436522630043	1	0	"model455"
0.770731707317073	0.0772999305626323	0.84390243902439	0.0772999305626323	0.926829268292683	0	"model456"
0.231707317073171	0.0566194645413989	0.231707317073171	0.0566194645413989	1	0	"model457"
0.765853658536585	0.0728992252730403	0.839024390243902	0.0728992252730403	0.926829268292683	0	"model458"
0.8	0.0511614072278123	0.873170731707317	0.0511614072278123	0.926829268292683	0	"model459"
0.553658536585366	0.028280531920205	0.968292682926829	0.028280531920205	0.585365853658537	0	"model460"
0.634146341463415	0.0281634277653476	0.951219512195122	0.0281634277653476	0.682926829268293	0	"model461"
0.74390243902439	0.0463485945162251	0.792682926829268	0.0463485945162251	0.951219512195122	0	"model462"
0.785365853658537	0.0549006276947451	0.858536585365854	0.0549006276947451	0.926829268292683	0	"model463"
0	0	1	0	0	0	"model464"
0.651219512195122	0.0763102440992346	0.675609756097561	0.0763102440992346	0.975609756097561	0	"model465"
0.721951219512195	0.0781503404273035	0.795121951219512	0.0781503404273035	0.926829268292683	0	"model466"
0.653658536585366	0.0803192782779087	0.678048780487805	0.0803192782779087	0.975609756097561	0	"model467"
0.81219512195122	0.0460624893470416	0.885365853658537	0.0460624893470416	0.926829268292683	0	"model468"
0.480487804878049	0.0117816071107231	0.992682926829268	0.0117816071107231	0.48780487804878	0	"model469"
0.660975609756098	0.0292004634082406	0.953658536585366	0.0292004634082406	0.707317073170732	0	"model470"
0.782926829268293	0.0421668373329754	0.85609756097561	0.0421668373329754	0.926829268292683	0	"model471"
0.195121951219512	0.0551408941717502	0.195121951219512	0.0551408941717502	1	0	"model472"
0.807317073170732	0.0532504809554888	0.880487804878049	0.0532504809554888	0.926829268292683	0	"model473"
0.780487804878049	0.0398291015086696	0.853658536585366	0.0398291015086696	0.926829268292683	0	"model474"
0.721951219512195	0.0348741635602069	0.941463414634146	0.0348741635602068	0.780487804878049	0	"model475"
0.670731707317073	0.0263444743837718	0.963414634146341	0.0263444743837718	0.707317073170732	0	"model476"
0.778048780487805	0.0532504809554888	0.851219512195122	0.0532504809554888	0.926829268292683	0	"model477"
0.780487804878049	0.0381334614619791	0.951219512195122	0.0381334614619791	0.829268292682927	0	"model478"
0.697560975609756	0.0652435858463053	0.770731707317073	0.0652435858463053	0.926829268292683	0	"model479"
0.64390243902439	0.0781503404273035	0.668292682926829	0.0781503404273035	0.975609756097561	0	"model480"
0.490243902439024	0.0664979025908245	0.490243902439024	0.0664979025908245	1	0	"model481"
0.426829268292683	0.0577750829412679	0.426829268292683	0.0577750829412679	1	0	"model482"
0.673170731707317	0.0286289705067626	0.965853658536585	0.0286289705067626	0.707317073170732	0	"model483"
0.648780487804878	0.0205676595783309	0.965853658536585	0.0205676595783309	0.682926829268293	0	"model484"
0.785365853658537	0.0442324244186518	0.858536585365854	0.0442324244186519	0.926829268292683	0	"model485"
0.834146341463415	0.0457023392603421	0.907317073170732	0.0457023392603421	0.926829268292683	0	"model486"
0.778048780487805	0.0703616147103051	0.851219512195122	0.0703616147103051	0.926829268292683	0	"model487"
0.846341463414634	0.0488481914985359	0.919512195121951	0.0488481914985359	0.926829268292683	0	"model488"
0.480487804878049	0.0650914435812946	0.480487804878049	0.0650914435812946	1	0	"model489"
0.697560975609756	0.0308514893674964	0.770731707317073	0.0308514893674964	0.926829268292683	0	"model490"
0.141463414634146	0.0102838297891655	0.995121951219512	0.0102838297891655	0.146341463414634	0	"model491"
0	0	1	0	0	0	"model492"
0	0	1	0	0	0	"model493"
0.795121951219512	0.0631849080576437	0.868292682926829	0.0631849080576437	0.926829268292683	0	"model494"
0.641463414634146	0.0575458158347525	0.690243902439024	0.0575458158347525	0.951219512195122	0	"model495"
0.641463414634146	0.0796996808660323	0.641463414634146	0.0796996808660323	1	0	"model496"
0.0707317073170732	0.00771287234187409	0.997560975609756	0.0077128723418741	0.0731707317073171	0	"model497"
0.739024390243902	0.0305284282203554	0.787804878048781	0.0305284282203554	0.951219512195122	0	"model498"
0.697560975609756	0.0631849080576437	0.746341463414634	0.0631849080576437	0.951219512195122	0	"model499"
0.695121951219512	0.0172465068582084	0.963414634146341	0.0172465068582085	0.731707317073171	0	"model500"
0.802439024390244	0.0313825350660468	0.875609756097561	0.0313825350660468	0.926829268292683	0	"model501"
0.819512195121951	0.0462772340512446	0.892682926829268	0.0462772340512446	0.926829268292683	0	"model502"
0.024390243902439	0	1	0	0.024390243902439	0	"model503"
0.873170731707317	0.0377852033776334	0.946341463414634	0.0377852033776333	0.926829268292683	0	"model504"
0.782926829268293	0.0602394587084316	0.85609756097561	0.0602394587084316	0.926829268292683	0	"model505"
0.407317073170732	0.0630277965636238	0.407317073170732	0.0630277965636238	1	0	"model506"
0.687804878048781	0.0760933915889274	0.760975609756098	0.0760933915889274	0.926829268292683	0	"model507"
0.765853658536585	0.0691773898737647	0.839024390243902	0.0691773898737647	0.926829268292683	0	"model508"
0.6	0.0701263696027571	0.6	0.0701263696027571	1	0	"model509"
0.812195121951219	0.0514833827609352	0.885365853658537	0.0514833827609352	0.926829268292683	0	"model510"
0.775609756097561	0.0687941326871746	0.848780487804878	0.0687941326871745	0.926829268292683	0	"model511"
0.397560975609756	0.0539901063931187	0.397560975609756	0.0539901063931187	1	0	"model512"
0.480487804878049	0.0164621599441598	0.968292682926829	0.0164621599441598	0.51219512195122	0	"model513"
0.770731707317073	0.05656106384041	0.84390243902439	0.05656106384041	0.926829268292683	0	"model514"
0.817073170731707	0.0330245463603088	0.890243902439024	0.0330245463603088	0.926829268292683	0	"model515"
0.539024390243902	0.0179967021310396	0.953658536585366	0.0179967021310395	0.585365853658537	0	"model516"
0.824390243902439	0.032111248224604	0.946341463414634	0.032111248224604	0.878048780487805	0	"model517"
0.714634146341463	0.0586831949028247	0.787804878048781	0.0586831949028247	0.926829268292683	0	"model518"
0.870731707317073	0.0474757766525413	0.94390243902439	0.0474757766525412	0.926829268292683	0	"model519"
0.780487804878049	0.0445302892280623	0.853658536585366	0.0445302892280623	0.926829268292683	0	"model520"
0.0463414634146341	0.0077128723418741	0.997560975609756	0.0077128723418741	0.0487804878048781	0	"model521"
0.753658536585366	0.0591320212877014	0.826829268292683	0.0591320212877014	0.926829268292683	0	"model522"
0.817073170731707	0.0368105086916155	0.890243902439024	0.0368105086916155	0.926829268292683	0	"model523"
0	0	1	0	0	0	"model524"
0.163414634146341	0.0501830873561332	0.163414634146341	0.0501830873561332	1	0	"model525"
0.517073170731707	0.0276900591315877	0.517073170731707	0.0276900591315877	1	0	"model526"
0.529268292682927	0.0563854988110559	0.529268292682927	0.0563854988110559	1	0	"model527"
0.309756097560976	0.0164621599441598	0.992682926829268	0.0164621599441598	0.317073170731707	0	"model528"
0.817073170731707	0.0530016455707532	0.890243902439024	0.0530016455707533	0.926829268292683	0	"model529"
0.558536585365854	0.0179967021310395	0.973170731707317	0.0179967021310396	0.585365853658537	0	"model530"
0.85609756097561	0.0353448213321694	0.929268292682927	0.0353448213321693	0.926829268292683	0	"model531"
0.875609756097561	0.0371679006525609	0.948780487804878	0.0371679006525608	0.926829268292683	0	"model532"
0.753658536585366	0.0568524674375515	0.826829268292683	0.0568524674375515	0.926829268292683	0	"model533"
0.804878048780488	0.0640163241789578	0.878048780487805	0.0640163241789578	0.926829268292683	0	"model534"
0.826829268292683	0.0334224468147877	0.9	0.0334224468147878	0.926829268292683	0	"model535"
0.8	0.0638094857572312	0.873170731707317	0.0638094857572312	0.926829268292683	0	"model536"
0.860975609756098	0.0345886949368824	0.934146341463415	0.0345886949368823	0.926829268292683	0	"model537"
0.790243902439024	0.0490507418829215	0.863414634146341	0.0490507418829215	0.926829268292683	0	"model538"
0.024390243902439	0	1	0	0.024390243902439	0	"model539"
0.229268292682927	0.0806477838545512	0.229268292682927	0.0806477838545512	1	0	"model540"
0	0	1	0	0	0	"model541"
0.451219512195122	0.0172465068582085	0.98780487804878	0.0172465068582085	0.463414634146341	0	"model542"
0.836585365853659	0.0399119925484019	0.909756097560976	0.0399119925484019	0.926829268292683	0	"model543"
0.409756097560976	0.0627650701320936	0.409756097560976	0.0627650701320936	1	0	"model544"
0.653658536585366	0.0276900591315877	0.946341463414634	0.0276900591315876	0.707317073170732	0	"model545"
0.64390243902439	0.05656106384041	0.668292682926829	0.05656106384041	0.975609756097561	0	"model546"
0.809756097560976	0.0457023392603421	0.882926829268293	0.0457023392603421	0.926829268292683	0	"model547"
0.485365853658537	0.0179967021310396	0.973170731707317	0.0179967021310396	0.51219512195122	0	"model548"
0	0	1	0	0	0	"model549"
0.814634146341463	0.0642224964492081	0.88780487804878	0.0642224964492081	0.926829268292683	0	"model550"
0.780487804878049	0.0563268555306952	0.829268292682927	0.0563268555306952	0.951219512195122	0	"model551"
0.831707317073171	0.0353448213321693	0.953658536585366	0.0353448213321693	0.878048780487805	0	"model552"
0.431707317073171	0.0699848429809995	0.431707317073171	0.0699848429809995	1	0	"model553"
0.865853658536585	0.0368105086916155	0.939024390243902	0.0368105086916155	0.926829268292683	0	"model554"
0.839024390243902	0.0433265450226804	0.91219512195122	0.0433265450226804	0.926829268292683	0	"model555"
0.0463414634146341	0.0077128723418741	0.997560975609756	0.0077128723418741	0.0487804878048781	0	"model556"
0.787804878048781	0.0563854988110559	0.860975609756098	0.0563854988110559	0.926829268292683	0	"model557"
0.863414634146341	0.0286289705067626	0.936585365853658	0.0286289705067626	0.926829268292683	0	"model558"
0.75609756097561	0.0430203465213755	0.829268292682927	0.0430203465213754	0.926829268292683	0	"model559"
0.824390243902439	0.0549006276947452	0.897560975609756	0.0549006276947451	0.926829268292683	0	"model560"
0.763414634146341	0.0430971000998328	0.836585365853659	0.0430971000998327	0.926829268292683	0	"model561"
0.275609756097561	0.0231386170256223	0.982926829268293	0.0231386170256223	0.292682926829268	0	"model562"
0.785365853658537	0.0411353191566618	0.858536585365854	0.0411353191566618	0.926829268292683	0	"model563"
0.882926829268293	0.0299822583977005	0.95609756097561	0.0299822583977004	0.926829268292683	0	"model564"
0.763414634146341	0.0680697095575105	0.81219512195122	0.0680697095575105	0.951219512195122	0	"model565"
0.863414634146341	0.0286289705067626	0.936585365853658	0.0286289705067626	0.926829268292683	0	"model566"
0.814634146341463	0.0577178515424353	0.88780487804878	0.0577178515424353	0.926829268292683	0	"model567"
0.536585365853659	0.0912599362627791	0.536585365853659	0.0912599362627791	1	0	"model568"
0.790243902439024	0.0553801182631753	0.863414634146341	0.0553801182631753	0.926829268292683	0	"model569"
0.797560975609756	0.0670916456448057	0.870731707317073	0.0670916456448057	0.926829268292683	0	"model570"
0.84390243902439	0.0308514893674964	0.917073170731707	0.0308514893674964	0.926829268292683	0	"model571"
0.392682926829268	0.0824712497750618	0.392682926829268	0.0824712497750618	1	0	"model572"
0.819512195121951	0.0448261748035454	0.892682926829268	0.0448261748035454	0.926829268292683	0	"model573"
0.424390243902439	0.0846466021776935	0.424390243902439	0.0846466021776935	1	0	"model574"
0.746341463414634	0.0503802711701778	0.819512195121951	0.0503802711701778	0.926829268292683	0	"model575"
0.758536585365854	0.0451933076737798	0.831707317073171	0.0451933076737798	0.926829268292683	0	"model576"
0.717073170731707	0.0516756051449454	0.790243902439024	0.0516756051449454	0.926829268292683	0	"model577"
0.65609756097561	0.0712948333931504	0.65609756097561	0.0712948333931504	1	0	"model578"
0.534146341463415	0.0824712497750619	0.534146341463415	0.0824712497750619	1	0	"model579"
0.380487804878049	0.0652435858463053	0.380487804878049	0.0652435858463053	1	0	"model580"
0.473170731707317	0.0170538024092707	0.985365853658537	0.0170538024092708	0.48780487804878	0	"model581"
0.751219512195122	0.0584009268164812	0.824390243902439	0.0584009268164812	0.926829268292683	0	"model582"
0.509756097560976	0.0856171292156148	0.509756097560976	0.0856171292156148	1	0	"model583"
0.382926829268293	0.0164621599441598	0.992682926829268	0.0164621599441598	0.390243902439024	0	"model584"
0.0487804878048781	0	1	0	0.0487804878048781	0	"model585"
0.765853658536585	0.0529392539710559	0.814634146341463	0.0529392539710559	0.951219512195122	0	"model586"
0.7	0.0552007973878633	0.724390243902439	0.0552007973878633	0.975609756097561	0	"model587"
0.780487804878049	0.0414554431999413	0.853658536585366	0.0414554431999414	0.926829268292683	0	"model588"
0.678048780487805	0.0627650701320936	0.751219512195122	0.0627650701320936	0.926829268292683	0	"model589"
0.629268292682927	0.0154257446837482	0.970731707317073	0.0154257446837482	0.658536585365854	0	"model590"
0	0	1	0	0	0	"model591"
0.863414634146341	0.0348741635602069	0.936585365853658	0.0348741635602068	0.926829268292683	0	"model592"
0.829268292682927	0.0344930137164169	0.902439024390244	0.034493013716417	0.926829268292683	0	"model593"
0.597560975609756	0.023703056483111	0.98780487804878	0.023703056483111	0.609756097560976	0	"model594"
0.334146341463415	0.0527516364146613	0.334146341463415	0.0527516364146613	1	0	"model595"
0	0	1	0	0	0	"model596"
0.529268292682927	0.028280531920205	0.529268292682927	0.028280531920205	1	0	"model597"
0.575609756097561	0.0764400603157279	0.624390243902439	0.0764400603157279	0.951219512195122	0	"model598"
0.682926829268293	0.0670423678962221	0.731707317073171	0.0670423678962221	0.951219512195122	0	"model599"
0.170731707317073	0.0640163241789578	0.170731707317073	0.0640163241789578	1	0	"model600"
0.421951219512195	0.0117816071107231	0.982926829268293	0.0117816071107231	0.439024390243902	0	"model601"
0.768292682926829	0.0504458278292311	0.841463414634146	0.0504458278292311	0.926829268292683	0	"model602"
0.795121951219512	0.0719868085241582	0.84390243902439	0.0719868085241582	0.951219512195122	0	"model603"
0.846341463414634	0.0501830873561332	0.919512195121951	0.0501830873561332	0.926829268292683	0	"model604"
0.64390243902439	0.036720617205321	0.936585365853658	0.036720617205321	0.707317073170732	0	"model605"
0.719512195121951	0.0831099524400849	0.719512195121951	0.0831099524400849	1	0	"model606"
0.485365853658537	0.0951254255497805	0.485365853658537	0.0951254255497805	1	0	"model607"
0.3	0.0575458158347525	0.3	0.0575458158347525	1	0	"model608"
0.61219512195122	0.0644792847443849	0.61219512195122	0.0644792847443849	1	0	"model609"
0.551219512195122	0.0672392622053182	0.551219512195122	0.0672392622053182	1	0	"model610"
0.807317073170732	0.0568524674375515	0.880487804878049	0.0568524674375515	0.926829268292683	0	"model611"
0.678048780487805	0.0299822583977004	0.970731707317073	0.0299822583977004	0.707317073170732	0	"model612"
0.570731707317073	0.036720617205321	0.960975609756098	0.036720617205321	0.609756097560976	0	"model613"
0.224390243902439	0.0617029787349928	0.224390243902439	0.0617029787349928	1	0	"model614"
0.607317073170732	0.0242543640490671	0.973170731707317	0.0242543640490671	0.634146341463415	0	"model615"
0.558536585365854	0.0268415837710881	0.973170731707317	0.0268415837710881	0.585365853658537	0	"model616"
0.560975609756098	0.0281634277653476	0.975609756097561	0.0281634277653476	0.585365853658537	0	"model617"
0.35609756097561	0.0577178515424353	0.35609756097561	0.0577178515424353	1	0	"model618"
0.339024390243902	0.0389056458992046	0.339024390243902	0.0389056458992046	1	0	"model619"
0.024390243902439	0	1	0	0.024390243902439	0	"model620"
0.758536585365854	0.0437062766039532	0.831707317073171	0.0437062766039532	0.926829268292683	0	"model621"
0.585365853658537	0.0837043100893252	0.585365853658537	0.0837043100893252	1	0	"model622"
0.863414634146341	0.0286289705067626	0.936585365853659	0.0286289705067626	0.926829268292683	0	"model623"
0	0	1	0	0	0	"model624"
0.631707317073171	0.0213559764822174	0.948780487804878	0.0213559764822174	0.682926829268293	0	"model625"
0.54390243902439	0.0680697095575105	0.54390243902439	0.0680697095575105	1	0	"model626"
0.717073170731707	0.073800362392912	0.765853658536585	0.073800362392912	0.951219512195122	0	"model627"
0.863414634146341	0.0262187243847107	0.960975609756098	0.0262187243847107	0.902439024390244	0	"model628"
0.217073170731707	0.00771287234187409	0.997560975609756	0.0077128723418741	0.219512195121951	0	"model629"
0.763414634146341	0.0501830873561332	0.81219512195122	0.0501830873561332	0.951219512195122	0	"model630"
0	0	1	0	0	0	"model631"
0.782926829268293	0.0292004634082406	0.85609756097561	0.0292004634082406	0.926829268292683	0	"model632"
0.81219512195122	0.0650914435812946	0.885365853658537	0.0650914435812946	0.926829268292683	0	"model633"
0.636585365853659	0.0800307297712176	0.709756097560976	0.0800307297712177	0.926829268292683	0	"model634"
0.763414634146341	0.0608942546701594	0.836585365853659	0.0608942546701594	0.926829268292683	0	"model635"
0.746341463414634	0.0599645167954009	0.819512195121951	0.0599645167954009	0.926829268292683	0	"model636"
0.790243902439024	0.068215209637083	0.863414634146341	0.068215209637083	0.926829268292683	0	"model637"
0.651219512195122	0.0231386170256223	0.94390243902439	0.0231386170256223	0.707317073170732	0	"model638"
0.492682926829268	0.0154257446837482	0.980487804878049	0.0154257446837482	0.51219512195122	0	"model639"
0.141463414634146	0.0595219681877175	0.141463414634146	0.0595219681877175	1	0	"model640"
0.648780487804878	0.036720617205321	0.965853658536585	0.036720617205321	0.682926829268293	0	"model641"
0.297560975609756	0.0769571353899137	0.297560975609756	0.0769571353899137	1	0	"model642"
0.55609756097561	0.0251901355850889	0.970731707317073	0.0251901355850889	0.585365853658537	0	"model643"
0.397560975609756	0.0164621599441598	0.982926829268293	0.0164621599441598	0.414634146341463	0	"model644"
0.851219512195122	0.0437062766039532	0.924390243902439	0.0437062766039532	0.926829268292683	0	"model645"
0.524390243902439	0.0729445465240909	0.548780487804878	0.0729445465240909	0.975609756097561	0	"model646"
0.714634146341463	0.0650914435812946	0.787804878048781	0.0650914435812946	0.926829268292683	0	"model647"
0.858536585365854	0.0192392838474784	0.95609756097561	0.0192392838474784	0.902439024390244	0	"model648"
0.880487804878049	0.0334224468147878	0.953658536585366	0.0334224468147877	0.926829268292683	0	"model649"
0.551219512195122	0.0899467751931013	0.551219512195122	0.0899467751931013	1	0	"model650"
0.221951219512195	0.0556777029862242	0.221951219512195	0.0556777029862242	1	0	"model651"
0.675609756097561	0.0640679294466522	0.7	0.0640679294466522	0.975609756097561	0	"model652"
0.765853658536585	0.0462772340512446	0.839024390243902	0.0462772340512446	0.926829268292683	0	"model653"
0.829268292682927	0.0551408941717502	0.902439024390244	0.0551408941717501	0.926829268292683	0	"model654"
0.746341463414634	0.0806477838545512	0.819512195121951	0.0806477838545512	0.926829268292683	0	"model655"
0.546341463414634	0.0701263696027571	0.546341463414634	0.0701263696027571	1	0	"model656"
0.55609756097561	0.0889120202568606	0.55609756097561	0.0889120202568606	1	0	"model657"
0.465853658536585	0.051994396602665	0.465853658536585	0.051994396602665	1	0	"model658"
0.690243902439024	0.0745577659714496	0.763414634146341	0.0745577659714496	0.926829268292683	0	"model659"
0.0951219512195122	0.0077128723418741	0.997560975609756	0.0077128723418741	0.0975609756097561	0	"model660"
0.75609756097561	0.0608399575085194	0.829268292682927	0.0608399575085194	0.926829268292683	0	"model661"
0.368292682926829	0.0179967021310396	0.978048780487805	0.0179967021310396	0.390243902439024	0	"model662"
0	0	1	0	0	0	"model663"
0	0	1	0	0	0	"model664"
0.478048780487805	0.0577178515424353	0.478048780487805	0.0577178515424353	1	0	"model665"
0.665853658536585	0.0718489466513356	0.739024390243902	0.0718489466513356	0.926829268292683	0	"model666"
0.765853658536585	0.0553801182631753	0.839024390243902	0.0553801182631753	0.926829268292683	0	"model667"
0.504878048780488	0.0164621599441598	0.992682926829268	0.0164621599441598	0.51219512195122	0	"model668"
0.368292682926829	0.0664979025908245	0.368292682926829	0.0664979025908245	1	0	"model669"
0.868292682926829	0.0235632142214463	0.941463414634146	0.0235632142214462	0.926829268292683	0	"model670"
0.860975609756098	0.0415350886973815	0.934146341463415	0.0415350886973815	0.926829268292683	0	"model671"
0.797560975609756	0.0563854988110559	0.870731707317073	0.0563854988110559	0.926829268292683	0	"model672"
0.678048780487805	0.0760933915889274	0.726829268292683	0.0760933915889274	0.951219512195122	0	"model673"
0	0	1	0	0	0	"model674"
0.268292682926829	0.109076486707307	0.268292682926829	0.109076486707307	1	0	"model675"
0.763414634146341	0.0690339177735082	0.836585365853659	0.0690339177735082	0.926829268292683	0	"model676"
0	0	1	0	0	0	"model677"
0.829268292682927	0.0526889487675436	0.902439024390244	0.0526889487675436	0.926829268292683	0	"model678"
0.636585365853659	0.0334224468147878	0.953658536585366	0.0334224468147877	0.682926829268293	0	"model679"
0.753658536585366	0.0532504809554888	0.826829268292683	0.0532504809554888	0.926829268292683	0	"model680"
0.0439024390243902	0.0102838297891655	0.995121951219512	0.0102838297891655	0.0487804878048781	0	"model681"
0.773170731707317	0.0326217929231527	0.846341463414634	0.0326217929231526	0.926829268292683	0	"model682"
0.529268292682927	0.0200798195694772	0.968292682926829	0.0200798195694772	0.560975609756098	0	"model683"
0.826829268292683	0.0507072069252445	0.9	0.0507072069252445	0.926829268292683	0	"model684"
0	0	1	0	0	0	"model685"
0.719512195121951	0.0504458278292311	0.792682926829268	0.0504458278292311	0.926829268292683	0	"model686"
0.84390243902439	0.0516756051449454	0.917073170731707	0.0516756051449454	0.926829268292683	0	"model687"
0	0	1	0	0	0	"model688"
0.770731707317073	0.0433265450226804	0.84390243902439	0.0433265450226804	0.926829268292683	0	"model689"
0.748780487804878	0.0670916456448057	0.821951219512195	0.0670916456448057	0.926829268292683	0	"model690"
0.885365853658537	0.0364496126365202	0.958536585365854	0.0364496126365201	0.926829268292683	0	"model691"
0.834146341463415	0.0394957977284264	0.907317073170732	0.0394957977284264	0.926829268292683	0	"model692"
0.475609756097561	0.0781926181368754	0.475609756097561	0.0781926181368754	1	0	"model693"
0.726829268292683	0.0299822583977004	0.946341463414634	0.0299822583977004	0.780487804878049	0	"model694"
0.675609756097561	0.0630277965636238	0.748780487804878	0.0630277965636238	0.926829268292683	0	"model695"
0.753658536585366	0.0602394587084316	0.826829268292683	0.0602394587084315	0.926829268292683	0	"model696"
0.551219512195122	0.0462772340512446	0.551219512195122	0.0462772340512446	1	0	"model697"
0.573170731707317	0.0756141269826759	0.621951219512195	0.0756141269826759	0.951219512195122	0	"model698"
0.675609756097561	0.0399119925484019	0.968292682926829	0.0399119925484019	0.707317073170732	0	"model699"
0.339024390243902	0.0816658471794971	0.339024390243902	0.0816658471794971	1	0	"model700"
0.714634146341463	0.106656007795822	0.787804878048781	0.106656007795822	0.926829268292683	0	"model701"
0.768292682926829	0.067288395761166	0.841463414634146	0.067288395761166	0.926829268292683	0	"model702"
0.778048780487805	0.0613269013516947	0.851219512195122	0.0613269013516946	0.926829268292683	0	"model703"
0.853658536585366	0.0363588289024356	0.926829268292683	0.0363588289024356	0.926829268292683	0	"model704"
0	0	1	0	0	0	"model705"
0.14390243902439	0.00771287234187409	0.997560975609756	0.0077128723418741	0.146341463414634	0	"model706"
0.792682926829268	0.0287441780970141	0.865853658536585	0.0287441780970141	0.926829268292683	0	"model707"
0.631707317073171	0.0749115414620452	0.704878048780488	0.0749115414620452	0.926829268292683	0	"model708"
0.760975609756098	0.0457023392603421	0.834146341463415	0.0457023392603421	0.926829268292683	0	"model709"
0.834146341463415	0.0457023392603421	0.907317073170732	0.0457023392603421	0.926829268292683	0	"model710"
0.651219512195122	0.0829507378255916	0.7	0.0829507378255916	0.951219512195122	0	"model711"
0.14390243902439	0.0313825350660468	0.14390243902439	0.0313825350660468	1	0	"model712"
0.858536585365854	0.0427119529644348	0.931707317073171	0.0427119529644348	0.926829268292683	0	"model713"
0.846341463414634	0.0305284282203554	0.94390243902439	0.0305284282203554	0.902439024390244	0	"model714"
0.624390243902439	0.0262187243847108	0.965853658536585	0.0262187243847107	0.658536585365854	0	"model715"
0.339024390243902	0.0644792847443849	0.339024390243902	0.0644792847443849	1	0	"model716"
0.024390243902439	0	1	0	0.024390243902439	0	"model717"
0	0	1	0	0	0	"model718"
0.8	0.0377852033776333	0.873170731707317	0.0377852033776333	0.926829268292683	0	"model719"
0.636585365853659	0.0480294487406242	0.709756097560976	0.0480294487406242	0.926829268292683	0	"model720"
0.826829268292683	0.0437062766039532	0.9	0.0437062766039532	0.926829268292683	0	"model721"
0.824390243902439	0.0427119529644348	0.897560975609756	0.0427119529644348	0.926829268292683	0	"model722"
0.775609756097561	0.0457023392603421	0.848780487804878	0.0457023392603421	0.926829268292683	0	"model723"
0.753658536585366	0.0405690242272346	0.826829268292683	0.0405690242272346	0.926829268292683	0	"model724"
0	0	1	0	0	0	"model725"
0.819512195121951	0.0384785676949568	0.892682926829268	0.0384785676949569	0.926829268292683	0	"model726"
0	0	1	0	0	0	"model727"
0.692682926829268	0.0401596391389544	0.960975609756098	0.0401596391389544	0.731707317073171	0	"model728"
0.604878048780488	0.0276900591315876	0.970731707317073	0.0276900591315876	0.634146341463415	0	"model729"
0.787804878048781	0.0575458158347525	0.860975609756098	0.0575458158347525	0.926829268292683	0	"model730"
0.758536585365854	0.0292004634082406	0.953658536585366	0.0292004634082406	0.804878048780488	0	"model731"
0.870731707317073	0.0326217929231527	0.94390243902439	0.0326217929231526	0.926829268292683	0	"model732"
0	0	1	0	0	0	"model733"
0.402439024390244	0.0577750829412679	0.402439024390244	0.0577750829412679	1	0	"model734"
0.792682926829268	0.0611109608876947	0.865853658536585	0.0611109608876948	0.926829268292683	0	"model735"
0.785365853658537	0.0536831675421762	0.858536585365854	0.0536831675421762	0.926829268292683	0	"model736"
0.768292682926829	0.0402418493358198	0.841463414634146	0.0402418493358198	0.926829268292683	0	"model737"
0.863414634146341	0.0235632142214463	0.936585365853658	0.0235632142214462	0.926829268292683	0	"model738"
0.260975609756098	0.0117816071107231	0.992682926829268	0.0117816071107231	0.268292682926829	0	"model739"
0.768292682926829	0.0517395205746254	0.792682926829268	0.0517395205746254	0.975609756097561	0	"model740"
0.146341463414634	0	1	0	0.146341463414634	0	"model741"
0.792682926829268	0.0477534151401249	0.865853658536585	0.0477534151401249	0.926829268292683	0	"model742"
0.380487804878049	0.0235632142214462	0.990243902439024	0.0235632142214462	0.390243902439024	0	"model743"
0.81219512195122	0.0326217929231526	0.885365853658537	0.0326217929231527	0.926829268292683	0	"model744"
0.770731707317073	0.052939253971056	0.795121951219512	0.052939253971056	0.975609756097561	0	"model745"
0.868292682926829	0.0553801182631753	0.941463414634146	0.0553801182631753	0.926829268292683	0	"model746"
0.734146341463415	0.0466329443892683	0.782926829268293	0.0466329443892683	0.951219512195122	0	"model747"
0.785365853658537	0.0457023392603421	0.858536585365854	0.0457023392603421	0.926829268292683	0	"model748"
0.604878048780488	0.0511614072278123	0.604878048780488	0.0511614072278123	1	0	"model749"
0	0	1	0	0	0	"model750"
0.290243902439024	0.0613269013516947	0.290243902439024	0.0613269013516947	1	0	"model751"
0.792682926829268	0.0517395205746254	0.865853658536585	0.0517395205746254	0.926829268292683	0	"model752"
0.858536585365854	0.0394957977284264	0.931707317073171	0.0394957977284264	0.926829268292683	0	"model753"
0.265853658536585	0.0740239326184718	0.265853658536585	0.0740239326184718	1	0	"model754"
0.763414634146341	0.0399119925484019	0.934146341463415	0.0399119925484019	0.829268292682927	0	"model755"
0.270731707317073	0.0712948333931504	0.270731707317073	0.0712948333931504	1	0	"model756"
0.763414634146341	0.0586831949028247	0.836585365853659	0.0586831949028247	0.926829268292683	0	"model757"
0.695121951219512	0.0773426731318717	0.719512195121951	0.0773426731318717	0.975609756097561	0	"model758"
0.024390243902439	0	1	0	0.024390243902439	0	"model759"
0.468292682926829	0.0224130874017727	0.980487804878049	0.0224130874017727	0.48780487804878	0	"model760"
0.558536585365854	0.0179967021310395	0.973170731707317	0.0179967021310396	0.585365853658537	0	"model761"
0	0	1	0	0	0	"model762"
0.573170731707317	0.0491180730633926	0.573170731707317	0.0491180730633926	1	0	"model763"
0.702439024390244	0.0498527145260354	0.775609756097561	0.0498527145260354	0.926829268292683	0	"model764"
0.7	0.0527516364146613	0.748780487804878	0.0527516364146613	0.951219512195122	0	"model765"
0.817073170731707	0.0368105086916155	0.890243902439024	0.0368105086916155	0.926829268292683	0	"model766"
0.763414634146341	0.0563854988110559	0.836585365853659	0.056385498811056	0.926829268292683	0	"model767"
0.736585365853659	0.0606222825440886	0.785365853658537	0.0606222825440886	0.951219512195122	0	"model768"
0.848780487804878	0.0457023392603421	0.921951219512195	0.0457023392603421	0.926829268292683	0	"model769"
0.658536585365854	0.0398291015086696	0.951219512195122	0.0398291015086695	0.707317073170732	0	"model770"
0.514634146341463	0.0268415837710881	0.978048780487805	0.0268415837710881	0.536585365853659	0	"model771"
0.534146341463415	0.0712948333931504	0.534146341463415	0.0712948333931504	1	0	"model772"
0.448780487804878	0.0719868085241582	0.448780487804878	0.0719868085241582	1	0	"model773"
0.768292682926829	0.0672883957611661	0.841463414634146	0.067288395761166	0.926829268292683	0	"model774"
0.373170731707317	0.0231386170256223	0.982926829268293	0.0231386170256223	0.390243902439024	0	"model775"
0.282926829268293	0.0170538024092707	0.990243902439024	0.0170538024092708	0.292682926829268	0	"model776"
0.753658536585366	0.0421668373329754	0.826829268292683	0.0421668373329754	0.926829268292683	0	"model777"
0.234146341463415	0.0599645167954009	0.234146341463415	0.0599645167954009	1	0	"model778"
0.678048780487805	0.0648370797963476	0.702439024390244	0.0648370797963476	0.975609756097561	0	"model779"
0.880487804878049	0.0179967021310396	0.953658536585366	0.0179967021310395	0.926829268292683	0	"model780"
0.746341463414634	0.052939253971056	0.819512195121951	0.052939253971056	0.926829268292683	0	"model781"
0.548780487804878	0.0773426731318718	0.548780487804878	0.0773426731318718	1	0	"model782"
0.795121951219512	0.0448261748035454	0.868292682926829	0.0448261748035454	0.926829268292683	0	"model783"
0.785365853658537	0.0678265158198836	0.858536585365854	0.0678265158198836	0.926829268292683	0	"model784"
0.341463414634146	0.0526889487675436	0.341463414634146	0.0526889487675436	1	0	"model785"
0.824390243902439	0.0359934042620791	0.897560975609756	0.0359934042620791	0.926829268292683	0	"model786"
0.836585365853659	0.0364496126365201	0.909756097560976	0.0364496126365201	0.926829268292683	0	"model787"
0.531707317073171	0.0743358013051217	0.531707317073171	0.0743358013051217	1	0	"model788"
0.685365853658537	0.0213559764822174	0.953658536585366	0.0213559764822174	0.731707317073171	0	"model789"
0.785365853658537	0.0471264284428925	0.858536585365854	0.0471264284428925	0.926829268292683	0	"model790"
0.439024390243902	0.0753952723211033	0.439024390243902	0.0753952723211033	1	0	"model791"
0	0	1	0	0	0	"model792"
0	0	1	0	0	0	"model793"
0.765853658536585	0.0621299940635538	0.839024390243902	0.0621299940635538	0.926829268292683	0	"model794"
0.441463414634146	0.0863857005472487	0.441463414634146	0.0863857005472487	1	0	"model795"
0.780487804878049	0.032520325203252	0.829268292682927	0.032520325203252	0.951219512195122	0	"model796"
0.370731707317073	0.0154257446837482	0.980487804878049	0.0154257446837482	0.390243902439024	0	"model797"
0.0634146341463415	0.0170538024092708	0.990243902439024	0.0170538024092708	0.0731707317073171	0	"model798"
0.504878048780488	0.0690339177735082	0.504878048780488	0.0690339177735082	1	0	"model799"
0.75609756097561	0.0414554431999413	0.829268292682927	0.0414554431999413	0.926829268292683	0	"model800"
0.21219512195122	0.0660991109729361	0.21219512195122	0.0660991109729361	1	0	"model801"
0.734146341463415	0.0712948333931504	0.807317073170732	0.0712948333931504	0.926829268292683	0	"model802"
0.568292682926829	0.028280531920205	0.958536585365854	0.028280531920205	0.609756097560976	0	"model803"
0.724390243902439	0.0575458158347525	0.797560975609756	0.0575458158347525	0.926829268292683	0	"model804"
0.45609756097561	0.07802336984722	0.45609756097561	0.07802336984722	1	0	"model805"
0.780487804878049	0.0398291015086696	0.951219512195122	0.0398291015086695	0.829268292682927	0	"model806"
0.717073170731707	0.0798239850968038	0.765853658536585	0.0798239850968038	0.951219512195122	0	"model807"
0.0463414634146341	0.0077128723418741	0.997560975609756	0.0077128723418741	0.0487804878048781	0	"model808"
0.660975609756098	0.0437062766039532	0.953658536585366	0.0437062766039532	0.707317073170732	0	"model809"
0.619512195121951	0.0861942001996655	0.692682926829268	0.0861942001996655	0.926829268292683	0	"model810"
0.497560975609756	0.0170538024092708	0.985365853658537	0.0170538024092708	0.51219512195122	0	"model811"
0.780487804878049	0.0608399575085194	0.829268292682927	0.0608399575085194	0.951219512195122	0	"model812"
0.541463414634146	0.0321112482246041	0.980487804878049	0.0321112482246041	0.560975609756098	0	"model813"
0	0	1	0	0	0	"model814"
0.753658536585366	0.0480294487406242	0.802439024390244	0.0480294487406242	0.951219512195122	0	"model815"
0.473170731707317	0.0170538024092707	0.985365853658537	0.0170538024092708	0.48780487804878	0	"model816"
0.753658536585366	0.0493864798324795	0.826829268292683	0.0493864798324795	0.926829268292683	0	"model817"
0.851219512195122	0.0437062766039532	0.924390243902439	0.0437062766039532	0.926829268292683	0	"model818"
0.753658536585366	0.0591320212877014	0.826829268292683	0.0591320212877014	0.926829268292683	0	"model819"
0.648780487804878	0.0854239059288696	0.721951219512195	0.0854239059288696	0.926829268292683	0	"model820"
0.717073170731707	0.0308514893674964	0.790243902439024	0.0308514893674964	0.926829268292683	0	"model821"
0.773170731707317	0.102225871928455	0.773170731707317	0.102225871928455	1	0	"model822"
0.770731707317073	0.036720617205321	0.84390243902439	0.036720617205321	0.926829268292683	0	"model823"
0.48780487804878	0.0304199787542597	0.975609756097561	0.0304199787542597	0.51219512195122	0	"model824"
0.726829268292683	0.0457023392603421	0.8	0.0457023392603421	0.926829268292683	0	"model825"
0.0439024390243902	0.0102838297891655	0.995121951219512	0.0102838297891655	0.0487804878048781	0	"model826"
0.636585365853659	0.0623953946482923	0.636585365853659	0.0623953946482923	1	0	"model827"
0.787804878048781	0.0305284282203554	0.860975609756098	0.0305284282203555	0.926829268292683	0	"model828"
0.8	0.0595219681877175	0.873170731707317	0.0595219681877175	0.926829268292683	0	"model829"
0.514634146341463	0.0242543640490672	0.978048780487805	0.0242543640490671	0.536585365853659	0	"model830"
0.219512195121951	0	1	0	0.219512195121951	0	"model831"
0.531707317073171	0.0858869115202879	0.531707317073171	0.0858869115202879	1	0	"model832"
0.024390243902439	0	1	0	0.024390243902439	0	"model833"
0.670731707317073	0.0463485945162251	0.670731707317073	0.0463485945162251	1	0	"model834"
0.746341463414634	0.0417731140769598	0.941463414634146	0.0417731140769598	0.804878048780488	0	"model835"
0.214634146341463	0.0102838297891655	0.995121951219512	0.0102838297891655	0.219512195121951	0	"model836"
0.726829268292683	0.0716185871399845	0.8	0.0716185871399845	0.926829268292683	0	"model837"
0.6	0.0652435858463053	0.648780487804878	0.0652435858463053	0.951219512195122	0	"model838"
0.831707317073171	0.0334224468147877	0.904878048780488	0.0334224468147877	0.926829268292683	0	"model839"
0.529268292682927	0.0460624893470416	0.529268292682927	0.0460624893470416	1	0	"model840"
0.773170731707317	0.0586831949028247	0.846341463414634	0.0586831949028247	0.926829268292683	0	"model841"
0.421951219512195	0.0805247513132643	0.421951219512195	0.0805247513132643	1	0	"model842"
0.802439024390244	0.0664979025908245	0.875609756097561	0.0664979025908245	0.926829268292683	0	"model843"
0.74390243902439	0.0385643617093705	0.817073170731707	0.0385643617093705	0.926829268292683	0	"model844"
0.807317073170732	0.0334224468147877	0.880487804878049	0.0334224468147878	0.926829268292683	0	"model845"
0.868292682926829	0.0348741635602069	0.941463414634146	0.0348741635602068	0.926829268292683	0	"model846"
0.853658536585366	0.0199145507543348	0.926829268292683	0.0199145507543348	0.926829268292683	0	"model847"
0.882926829268293	0.0251901355850889	0.95609756097561	0.0251901355850889	0.926829268292683	0	"model848"
0.692682926829268	0.0822706383133237	0.741463414634146	0.0822706383133237	0.951219512195122	0	"model849"
0.565853658536585	0.0678265158198836	0.639024390243902	0.0678265158198836	0.926829268292683	0	"model850"
0.475609756097561	0.0172465068582085	0.98780487804878	0.0172465068582085	0.48780487804878	0	"model851"
0.836585365853659	0.0305284282203554	0.909756097560976	0.0305284282203554	0.926829268292683	0	"model852"
0	0	1	0	0	0	"model853"
0	0	1	0	0	0	"model854"
0.0463414634146341	0.0077128723418741	0.997560975609756	0.0077128723418741	0.0487804878048781	0	"model855"
0.436585365853659	0.0792005130273662	0.436585365853659	0.0792005130273662	1	0	"model856"
0.697560975609756	0.0553801182631753	0.770731707317073	0.0553801182631753	0.926829268292683	0	"model857"
0.809756097560976	0.0457023392603421	0.882926829268293	0.0457023392603421	0.926829268292683	0	"model858"
0.368292682926829	0.0179967021310396	0.978048780487805	0.0179967021310396	0.390243902439024	0	"model859"
0.746341463414634	0.0401596391389544	0.819512195121951	0.0401596391389544	0.926829268292683	0	"model860"
0.565853658536585	0.0192392838474784	0.980487804878049	0.0192392838474784	0.585365853658537	0	"model861"
0.826829268292683	0.0405690242272346	0.9	0.0405690242272346	0.926829268292683	0	"model862"
0.75609756097561	0.0762669229239582	0.829268292682927	0.0762669229239582	0.926829268292683	0	"model863"
0.446341463414634	0.0117816071107231	0.982926829268293	0.0117816071107231	0.463414634146341	0	"model864"
0.641463414634146	0.0586831949028247	0.665853658536585	0.0586831949028247	0.975609756097561	0	"model865"
0.363414634146341	0.0242543640490672	0.973170731707317	0.0242543640490671	0.390243902439024	0	"model866"
0.468292682926829	0.0536831675421762	0.468292682926829	0.0536831675421762	1	0	"model867"
0.629268292682927	0.0606222825440886	0.629268292682927	0.0606222825440886	1	0	"model868"
0.2	0.0341076048185415	0.2	0.0341076048185415	1	0	"model869"
0.597560975609756	0.0892459284556917	0.597560975609756	0.0892459284556917	1	0	"model870"
0.670731707317073	0.0491180730633926	0.74390243902439	0.0491180730633926	0.926829268292683	0	"model871"
0.768292682926829	0.0652942211553212	0.841463414634146	0.0652942211553212	0.926829268292683	0	"model872"
0.726829268292683	0.0595219681877175	0.8	0.0595219681877175	0.926829268292683	0	"model873"
0.826829268292683	0.0507072069252445	0.9	0.0507072069252445	0.926829268292683	0	"model874"
0.54390243902439	0.119514960423735	0.568292682926829	0.119514960423735	0.975609756097561	0	"model875"
0	0	1	0	0	0	"model876"
0.282926829268293	0.0621299940635538	0.282926829268293	0.0621299940635538	1	0	"model877"
0.824390243902439	0.0485087280981343	0.897560975609756	0.0485087280981343	0.926829268292683	0	"model878"
0.863414634146341	0.0462772340512446	0.936585365853658	0.0462772340512446	0.926829268292683	0	"model879"
0.765853658536585	0.0814632523569128	0.814634146341463	0.0814632523569128	0.951219512195122	0	"model880"
0.787804878048781	0.0539901063931187	0.860975609756098	0.0539901063931187	0.926829268292683	0	"model881"
0.553658536585366	0.0488481914985359	0.553658536585366	0.0488481914985359	1	0	"model882"
0.517073170731707	0.0760933915889274	0.565853658536585	0.0760933915889274	0.951219512195122	0	"model883"
0.685365853658537	0.0493864798324795	0.758536585365854	0.0493864798324795	0.926829268292683	0	"model884"
0.273170731707317	0.0778112917984091	0.273170731707317	0.0778112917984091	1	0	"model885"
0.714634146341463	0.0690339177735082	0.787804878048781	0.0690339177735082	0.926829268292683	0	"model886"
0.646341463414634	0.0554397629958775	0.695121951219512	0.0554397629958775	0.951219512195122	0	"model887"
0.782926829268293	0.0405690242272346	0.85609756097561	0.0405690242272346	0.926829268292683	0	"model888"
0.873170731707317	0.0427119529644348	0.946341463414634	0.0427119529644348	0.926829268292683	0	"model889"
0.760975609756098	0.0743358013051217	0.834146341463415	0.0743358013051217	0.926829268292683	0	"model890"
0.760975609756098	0.0638094857572312	0.760975609756098	0.0638094857572312	1	0	"model891"
0.792682926829268	0.062183164799912	0.865853658536585	0.062183164799912	0.926829268292683	0	"model892"
0.760975609756098	0.0321112482246041	0.834146341463415	0.032111248224604	0.926829268292683	0	"model893"
0	0	1	0	0	0	"model894"
0.392682926829268	0.0808524220517191	0.392682926829268	0.0808524220517191	1	0	"model895"
0.824390243902439	0.0341076048185415	0.897560975609756	0.0341076048185415	0.926829268292683	0	"model896"
0.709756097560976	0.0937254165005177	0.782926829268293	0.0937254165005177	0.926829268292683	0	"model897"
0.75609756097561	0.0363588289024356	0.829268292682927	0.0363588289024356	0.926829268292683	0	"model898"
0	0	1	0	0	0	"model899"
0.595121951219512	0.0401596391389544	0.960975609756098	0.0401596391389544	0.634146341463415	0	"model900"
0.573170731707317	0.0589080355536156	0.573170731707317	0.0589080355536156	1	0	"model901"
0	0	1	0	0	0	"model902"
0.024390243902439	0	1	0	0.024390243902439	0	"model903"
0.65609756097561	0.0644792847443849	0.704878048780488	0.0644792847443849	0.951219512195122	0	"model904"
0.214634146341463	0.0102838297891655	0.995121951219512	0.0102838297891655	0.219512195121951	0	"model905"
0.290243902439024	0.0544776116024421	0.290243902439024	0.0544776116024421	1	0	"model906"
0.797560975609756	0.0563854988110559	0.870731707317073	0.0563854988110559	0.926829268292683	0	"model907"
0.024390243902439	0	1	0	0.024390243902439	0	"model908"
0.692682926829268	0.0577178515424353	0.692682926829268	0.0577178515424353	1	0	"model909"
0.536585365853659	0.0414554431999413	0.536585365853659	0.0414554431999413	1	0	"model910"
0.84390243902439	0.0462772340512446	0.917073170731707	0.0462772340512446	0.926829268292683	0	"model911"
0	0	1	0	0	0	"model912"
0.3	0.0586831949028247	0.3	0.0586831949028247	1	0	"model913"
0	0	1	0	0	0	"model914"
0.55609756097561	0.0457023392603421	0.970731707317073	0.0457023392603421	0.585365853658537	0	"model915"
0.541463414634146	0.0192392838474784	0.95609756097561	0.0192392838474784	0.585365853658537	0	"model916"
0.790243902439024	0.0384785676949568	0.863414634146341	0.0384785676949569	0.926829268292683	0	"model917"
0	0	1	0	0	0	"model918"
0.763414634146341	0.0597989448729538	0.787804878048781	0.0597989448729538	0.975609756097561	0	"model919"
0.470731707317073	0.0164621599441598	0.982926829268293	0.0164621599441598	0.48780487804878	0	"model920"
0	0	1	0	0	0	"model921"
0.797560975609756	0.0608942546701593	0.870731707317073	0.0608942546701594	0.926829268292683	0	"model922"
0.839024390243902	0.0262187243847107	0.91219512195122	0.0262187243847107	0.926829268292683	0	"model923"
0.760975609756098	0.0549006276947451	0.834146341463415	0.0549006276947451	0.926829268292683	0	"model924"
0.819512195121951	0.0490507418829215	0.892682926829268	0.0490507418829215	0.926829268292683	0	"model925"
0.739024390243902	0.0680697095575105	0.81219512195122	0.0680697095575105	0.926829268292683	0	"model926"
0.81219512195122	0.0326217929231526	0.885365853658537	0.0326217929231527	0.926829268292683	0	"model927"
0.570731707317073	0.0433265450226804	0.570731707317073	0.0433265450226804	1	0	"model928"
0.55609756097561	0.0341076048185415	0.970731707317073	0.0341076048185415	0.585365853658537	0	"model929"
0.802439024390244	0.0313825350660468	0.948780487804878	0.0313825350660468	0.853658536585366	0	"model930"
0.860975609756098	0.0305284282203554	0.934146341463415	0.0305284282203554	0.926829268292683	0	"model931"
0.863414634146341	0.0367206172053211	0.936585365853659	0.036720617205321	0.926829268292683	0	"model932"
0.763414634146341	0.0539901063931187	0.81219512195122	0.0539901063931187	0.951219512195122	0	"model933"
0.368292682926829	0.0292004634082406	0.978048780487805	0.0292004634082406	0.390243902439024	0	"model934"
0.819512195121951	0.0308514893674964	0.941463414634146	0.0308514893674964	0.878048780487805	0	"model935"
0.568292682926829	0.0727630921472014	0.592682926829268	0.0727630921472014	0.975609756097561	0	"model936"
0	0	1	0	0	0	"model937"
0.702439024390244	0.0485087280981343	0.775609756097561	0.0485087280981343	0.926829268292683	0	"model938"
0.414634146341463	0.113821138211382	0.414634146341463	0.113821138211382	1	0	"model939"
0.770731707317073	0.0476841570686673	0.84390243902439	0.0476841570686672	0.926829268292683	0	"model940"
0.885365853658537	0.0231386170256223	0.958536585365854	0.0231386170256223	0.926829268292683	0	"model941"
0.817073170731707	0.0463485945162251	0.890243902439024	0.0463485945162251	0.926829268292683	0	"model942"
0.697560975609756	0.0308514893674964	0.941463414634146	0.0308514893674964	0.75609756097561	0	"model943"
0.678048780487805	0.0811380484544693	0.678048780487805	0.0811380484544693	1	0	"model944"
0.868292682926829	0.0308514893674964	0.941463414634146	0.0308514893674964	0.926829268292683	0	"model945"
0.546341463414634	0.0170538024092708	0.985365853658537	0.0170538024092708	0.560975609756098	0	"model946"
0.734146341463415	0.0532504809554888	0.807317073170732	0.0532504809554888	0.926829268292683	0	"model947"
0.578048780487805	0.0474757766525412	0.578048780487805	0.0474757766525412	1	0	"model948"
0.417073170731707	0.0602394587084316	0.417073170731707	0.0602394587084316	1	0	"model949"
0.648780487804878	0.0205676595783309	0.965853658536585	0.0205676595783309	0.682926829268293	0	"model950"
0.792682926829268	0.0517395205746254	0.865853658536585	0.0517395205746254	0.926829268292683	0	"model951"
0.55609756097561	0.0224130874017727	0.970731707317073	0.0224130874017727	0.585365853658537	0	"model952"
0.563414634146342	0.0242543640490671	0.978048780487805	0.0242543640490671	0.585365853658537	0	"model953"
0.14390243902439	0.00771287234187409	0.997560975609756	0.0077128723418741	0.146341463414634	0	"model954"
0.787804878048781	0.0563854988110559	0.860975609756098	0.0563854988110559	0.926829268292683	0	"model955"
0.858536585365854	0.0359934042620791	0.931707317073171	0.0359934042620791	0.926829268292683	0	"model956"
0.434146341463415	0.0102838297891655	0.995121951219512	0.0102838297891655	0.439024390243902	0	"model957"
0.778048780487805	0.0466329443892683	0.826829268292683	0.0466329443892682	0.951219512195122	0	"model958"
0.85609756097561	0.0334224468147878	0.929268292682927	0.0334224468147877	0.926829268292683	0	"model959"
0.780487804878049	0.048780487804878	0.853658536585366	0.0487804878048781	0.926829268292683	0	"model960"
0.736585365853659	0.0572579410135252	0.785365853658537	0.0572579410135252	0.951219512195122	0	"model961"
0.680487804878049	0.058003443843047	0.729268292682927	0.0580034438430471	0.951219512195122	0	"model962"
0.84390243902439	0.0286289705067626	0.917073170731707	0.0286289705067626	0.926829268292683	0	"model963"
0.14390243902439	0.00771287234187409	0.997560975609756	0.0077128723418741	0.146341463414634	0	"model964"
0.548780487804878	0.0542344067647412	0.548780487804878	0.0542344067647412	1	0	"model965"
0.685365853658537	0.100530682566827	0.758536585365854	0.100530682566827	0.926829268292683	0	"model966"
0.814634146341463	0.0448261748035454	0.88780487804878	0.0448261748035454	0.926829268292683	0	"model967"
0.765853658536585	0.0516756051449454	0.839024390243902	0.0516756051449454	0.926829268292683	0	"model968"
0.697560975609756	0.0798239850968038	0.770731707317073	0.0798239850968037	0.926829268292683	0	"model969"
0.882926829268293	0.0251901355850889	0.95609756097561	0.0251901355850889	0.926829268292683	0	"model970"
0.807317073170732	0.0371679006525608	0.880487804878049	0.0371679006525609	0.926829268292683	0	"model971"
0.773170731707317	0.0446044446320169	0.846341463414634	0.0446044446320169	0.926829268292683	0	"model972"
0.775609756097561	0.0359934042620791	0.848780487804878	0.0359934042620791	0.926829268292683	0	"model973"
0.0487804878048781	0	1	0	0.0487804878048781	0	"model974"
0.51219512195122	0.0982361461267851	0.51219512195122	0.0982361461267851	1	0	"model975"
0.378048780487805	0.0172465068582085	0.98780487804878	0.0172465068582085	0.390243902439024	0	"model976"
0.787804878048781	0.0680697095575105	0.860975609756098	0.0680697095575105	0.926829268292683	0	"model977"
0.765853658536585	0.0516756051449454	0.839024390243902	0.0516756051449454	0.926829268292683	0	"model978"
0.736585365853659	0.0725356358477901	0.809756097560976	0.0725356358477901	0.926829268292683	0	"model979"
0	0	1	0	0	0	"model980"
0.492682926829268	0.0192392838474784	0.980487804878049	0.0192392838474784	0.51219512195122	0	"model981"
0.368292682926829	0.0958177594704786	0.368292682926829	0.0958177594704786	1	0	"model982"
0.848780487804878	0.0394957977284264	0.921951219512195	0.0394957977284264	0.926829268292683	0	"model983"
0.565853658536585	0.0192392838474784	0.980487804878049	0.0192392838474784	0.585365853658537	0	"model984"
0.024390243902439	0	1	0	0.024390243902439	0	"model985"
0.787804878048781	0.0527516364146613	0.860975609756098	0.0527516364146613	0.926829268292683	0	"model986"
0.260975609756098	0.0117816071107231	0.992682926829268	0.0117816071107231	0.268292682926829	0	"model987"
0.734146341463415	0.0703616147103051	0.807317073170732	0.0703616147103051	0.926829268292683	0	"model988"
0.390243902439024	0.0514191489458273	0.390243902439024	0.0514191489458273	1	0	"model989"
0.85609756097561	0.0242543640490672	0.929268292682927	0.0242543640490671	0.926829268292683	0	"model990"
0.673170731707317	0.0286289705067626	0.965853658536585	0.0286289705067626	0.707317073170732	0	"model991"
0.746341463414634	0.0577178515424353	0.819512195121951	0.0577178515424353	0.926829268292683	0	"model992"
0.692682926829268	0.0448261748035454	0.960975609756098	0.0448261748035454	0.731707317073171	0	"model993"
0.760975609756098	0.0359934042620791	0.834146341463415	0.0359934042620791	0.926829268292683	0	"model994"
0	0	1	0	0	0	"model995"
0.782926829268293	0.0591320212877014	0.85609756097561	0.0591320212877014	0.926829268292683	0	"model996"
0.731707317073171	0.0829108863998827	0.804878048780488	0.0829108863998827	0.926829268292683	0	"model997"
0.534146341463415	0.0405690242272346	0.534146341463415	0.0405690242272346	1	0	"model998"
0.765853658536585	0.0476841570686673	0.839024390243902	0.0476841570686673	0.926829268292683	0	"model999"
0.739024390243902	0.0608942546701594	0.81219512195122	0.0608942546701594	0.926829268292683	0	"model1000"
