"TSS.MN"	"TSS.sd"	"speci.MN"	"speci.sd"	"sensi.MN"	"sensi.sd"	"model"
0.0513157894736842	0.0152004605035907	0.0513157894736842	0.0152004605035907	1	0	"model1"
0.210526315789474	0.0179056267747308	0.210526315789474	0.0179056267747308	1	0	"model2"
0.225438596491228	0.0316411559670615	0.225438596491228	0.0316411559670615	1	0	"model3"
0.317543859649123	0.0325074669232451	0.321929824561404	0.0325074669232451	0.995614035087719	0	"model4"
0.178070175438596	0.0186310319556421	0.178070175438596	0.0186310319556421	1	0	"model5"
0.0153508771929825	0.00930403659455984	0.0153508771929825	0.00930403659455984	1	0	"model6"
0.445614035087719	0.0422309689470896	0.485087719298246	0.0422309689470896	0.960526315789474	0	"model7"
0.207894736842105	0.0207993207529576	0.207894736842105	0.0207993207529576	1	0	"model8"
0	0	0	0	1	0	"model9"
0.0315789473684211	0.0102963841296252	0.0315789473684211	0.0102963841296252	1	0	"model10"
0.280263157894737	0.0270724550210719	0.284649122807018	0.0270724550210719	0.995614035087719	0	"model11"
0.0175438596491228	0.0140228991909729	0.0175438596491228	0.0140228991909729	1	0	"model12"
0.0100877192982456	0.00586619960460201	0.0100877192982456	0.00586619960460201	1	0	"model13"
0.292982456140351	0.0370319068982165	0.66578947368421	0.0370319068982165	0.62719298245614	0	"model14"
0.221929824561404	0.0137458003199335	0.221929824561404	0.0137458003199335	1	0	"model15"
0.0754385964912281	0.0181192203331341	0.0754385964912281	0.0181192203331341	1	0	"model16"
0.236842105263158	0.0209834796701862	0.236842105263158	0.0209834796701862	1	0	"model17"
0.0960526315789474	0.0133113212164796	0.0960526315789474	0.0133113212164796	1	0	"model18"
0.302631578947368	0.0312195270527231	0.307017543859649	0.0312195270527231	0.995614035087719	0	"model19"
0.289912280701754	0.0256952502930705	0.693421052631579	0.0256952502930706	0.596491228070175	0	"model20"
0.0495614035087719	0.0154791355936449	0.0495614035087719	0.0154791355936449	1	0	"model21"
0.189912280701754	0.0200511042994078	0.189912280701754	0.0200511042994078	1	0	"model22"
0.0105263157894737	0.00514819206481258	0.0105263157894737	0.00514819206481258	1	0	"model23"
0.232456140350877	0.0234830093628787	0.232456140350877	0.0234830093628787	1	0	"model24"
0.260087719298246	0.0227478990875262	0.264473684210526	0.0227478990875262	0.995614035087719	0	"model25"
0.00175438596491228	0.00306669253850921	0.00175438596491228	0.00306669253850921	1	0	"model26"
0.257894736842105	0.0300899782624279	0.257894736842105	0.0300899782624279	1	0	"model27"
0.0140350877192982	0.00847448932525698	0.0140350877192982	0.00847448932525698	1	0	"model28"
0.233333333333333	0.0120203536790026	0.233333333333333	0.0120203536790026	1	0	"model29"
0.0149122807017544	0.00806084722344457	0.0149122807017544	0.00806084722344457	1	0	"model30"
0.222368421052632	0.0220803798807445	0.222368421052632	0.0220803798807445	1	0	"model31"
-0.155701754385965	0.0298367421519862	0.778508771929825	0.0298367421519862	0.0657894736842105	0	"model32"
0.0087719298245614	0.00358112535494617	0.0087719298245614	0.00358112535494617	1	0	"model33"
0.145175438596491	0.0129862093515804	0.145175438596491	0.0129862093515804	1	0	"model34"
0.491666666666667	0.0329158476767986	0.610087719298246	0.0329158476767986	0.881578947368421	0	"model35"
0.103947368421053	0.0268823037298087	0.103947368421053	0.0268823037298087	1	0	"model36"
0.160964912280702	0.024728787761509	0.160964912280702	0.024728787761509	1	0	"model37"
0.175877192982456	0.0225970617898012	0.175877192982456	0.0225970617898012	1	0	"model38"
0.253508771929825	0.0305132054928528	0.253508771929825	0.0305132054928528	1	0	"model39"
0.125	0.0202842645109819	0.125	0.0202842645109819	1	0	"model40"
0.182456140350877	0.0205927682592503	0.182456140350877	0.0205927682592503	1	0	"model41"
0.175438596491228	0.0280457983819457	0.175438596491228	0.0280457983819457	1	0	"model42"
0.203070175438596	0.0270408559965641	0.203070175438596	0.0270408559965641	1	0	"model43"
0.160526315789474	0.0150804642786288	0.160526315789474	0.0150804642786288	1	0	"model44"
0.193421052631579	0.0215314696642694	0.193421052631579	0.0215314696642694	1	0	"model45"
0.218421052631579	0.0347695122718006	0.218421052631579	0.0347695122718006	1	0	"model46"
0.221929824561404	0.0336701968900229	0.221929824561404	0.0336701968900229	1	0	"model47"
0.181578947368421	0.0243059677668075	0.181578947368421	0.0243059677668075	1	0	"model48"
0.181140350877193	0.0211912670516529	0.181140350877193	0.0211912670516529	1	0	"model49"
0.0236842105263158	0.0122667701540369	0.0236842105263158	0.0122667701540369	1	0	"model50"
0.21140350877193	0.023464798418408	0.21140350877193	0.023464798418408	1	0	"model51"
0.304385964912281	0.0290343662860969	0.304385964912281	0.0290343662860969	1	0	"model52"
0.166666666666667	0.0361675932071725	0.166666666666667	0.0361675932071725	1	0	"model53"
0.196052631578947	0.0171806953747633	0.196052631578947	0.0171806953747633	1	0	"model54"
0.104385964912281	0.019262770867837	0.104385964912281	0.019262770867837	1	0	"model55"
0.0109649122807018	0.00593862456479237	0.0109649122807018	0.00593862456479237	1	0	"model56"
0.218859649122807	0.0173539920768701	0.218859649122807	0.0173539920768701	1	0	"model57"
0.329824561403509	0.0335174967974435	0.329824561403509	0.0335174967974435	1	0	"model58"
0.0881578947368421	0.0261895934531107	0.0881578947368421	0.0261895934531107	1	0	"model59"
0.0754385964912281	0.0191514887646933	0.0754385964912281	0.0191514887646933	1	0	"model60"
0.137280701754386	0.0211912670516529	0.137280701754386	0.0211912670516529	1	0	"model61"
0.192105263157895	0.0253054930098466	0.192105263157895	0.0253054930098466	1	0	"model62"
0.012280701754386	0.00497935273857497	0.012280701754386	0.00497935273857497	1	0	"model63"
0.0184210526315789	0.00872306075448906	0.0184210526315789	0.00872306075448906	1	0	"model64"
0.00175438596491228	0.00306669253850921	0.00175438596491228	0.00306669253850921	1	0	"model65"
0.160087719298246	0.0230466122374773	0.160087719298246	0.0230466122374773	1	0	"model66"
0.308771929824561	0.0371126242128179	0.313157894736842	0.0371126242128179	0.995614035087719	0	"model67"
0.154385964912281	0.0278776290913521	0.154385964912281	0.0278776290913521	1	0	"model68"
0.253070175438597	0.0101394975932162	0.253070175438597	0.0101394975932162	1	0	"model69"
0.416228070175439	0.0380931426126397	0.438157894736842	0.0380931426126397	0.978070175438597	0	"model70"
0.237280701754386	0.0210292674121162	0.237280701754386	0.0210292674121162	1	0	"model71"
0.0842105263157895	0.00987248129598487	0.0842105263157895	0.00987248129598487	1	0	"model72"
0.00087719298245614	0.00184928518138502	0.00087719298245614	0.00184928518138502	1	0	"model73"
0.0219298245614035	0.00924642590692509	0.0219298245614035	0.00924642590692509	1	0	"model74"
0.257017543859649	0.0193071041160458	0.257017543859649	0.0193071041160458	1	0	"model75"
0.190789473684211	0.00858723693309264	0.190789473684211	0.00858723693309264	1	0	"model76"
0.433771929824561	0.035297254470872	0.460087719298246	0.035297254470872	0.973684210526316	0	"model77"
0.364912280701754	0.0240939930695353	0.391228070175439	0.0240939930695353	0.973684210526316	0	"model78"
0.0820175438596491	0.0122406056660436	0.0820175438596491	0.0122406056660436	1	0	"model79"
0.240350877192982	0.0197016146525415	0.240350877192982	0.0197016146525415	1	0	"model80"
0.00175438596491228	0.00226490254164176	0.00175438596491228	0.00226490254164176	1	0	"model81"
0.160964912280702	0.035694677230068	0.160964912280702	0.035694677230068	1	0	"model82"
0.241666666666667	0.0237949544308465	0.241666666666667	0.0237949544308465	1	0	"model83"
0.253947368421053	0.014391490879912	0.258333333333333	0.014391490879912	0.995614035087719	0	"model84"
0.101754385964912	0.0154445761944377	0.101754385964912	0.0154445761944377	1	0	"model85"
0.223245614035088	0.0289791012789092	0.223245614035088	0.0289791012789092	1	0	"model86"
0.0157894736842105	0.00691939155918084	0.0157894736842105	0.00691939155918084	1	0	"model87"
0.135087719298246	0.0330033942912806	0.135087719298246	0.0330033942912806	1	0	"model88"
0.161842105263158	0.0283829130660046	0.161842105263158	0.0283829130660046	1	0	"model89"
0.352631578947368	0.0178098740734983	0.357017543859649	0.0178098740734983	0.995614035087719	0	"model90"
0.11140350877193	0.0188590824521604	0.11140350877193	0.0188590824521604	1	0	"model91"
0.316228070175439	0.0337494545602766	0.320614035087719	0.0337494545602766	0.995614035087719	0	"model92"
0.145614035087719	0.0186997391290286	0.145614035087719	0.0186997391290286	1	0	"model93"
0.00219298245614035	0.00231160647673127	0.00219298245614035	0.00231160647673127	1	0	"model94"
0.00043859649122807	0.00138696388603876	0.00043859649122807	0.00138696388603876	1	0	"model95"
0.0342105263157895	0.0114745127896775	0.0342105263157895	0.0114745127896775	1	0	"model96"
0.330263157894737	0.0300366555583578	0.334649122807018	0.0300366555583578	0.995614035087719	0	"model97"
0.224561403508772	0.022440448952456	0.224561403508772	0.022440448952456	1	0	"model98"
0.0254385964912281	0.00987248129598487	0.0254385964912281	0.00987248129598487	1	0	"model99"
0.170175438596491	0.0249653499486977	0.170175438596491	0.0249653499486977	1	0	"model100"
0.204385964912281	0.0369972598547056	0.204385964912281	0.0369972598547056	1	0	"model101"
0.00701754385964912	0.00471477061304009	0.00701754385964912	0.00471477061304009	1	0	"model102"
0.418859649122807	0.0243103642519238	0.440789473684211	0.0243103642519238	0.978070175438597	0	"model103"
0.351315789473684	0.0236146187172445	0.368859649122807	0.0236146187172445	0.982456140350877	0	"model104"
0.245614035087719	0.0373880463524691	0.245614035087719	0.0373880463524691	1	0	"model105"
0.0614035087719298	0.0160152794592154	0.0614035087719298	0.0160152794592154	1	0	"model106"
0.27280701754386	0.0325468938230278	0.27719298245614	0.0325468938230278	0.995614035087719	0	"model107"
0.11140350877193	0.0231345502278976	0.11140350877193	0.0231345502278976	1	0	"model108"
0.264473684210526	0.0298224113432094	0.264473684210526	0.0298224113432094	1	0	"model109"
0.134210526315789	0.0267348057325438	0.134210526315789	0.0267348057325438	1	0	"model110"
0.205263157894737	0.0266226424329592	0.205263157894737	0.0266226424329592	1	0	"model111"
0.012280701754386	0.00497935273857497	0.012280701754386	0.00497935273857497	1	0	"model112"
0.114035087719298	0.023300259430569	0.114035087719298	0.023300259430569	1	0	"model113"
0.0960526315789474	0.013470935087473	0.0960526315789474	0.013470935087473	1	0	"model114"
0.3	0.0262507317982028	0.304385964912281	0.0262507317982028	0.995614035087719	0	"model115"
0.0114035087719298	0.0059206013834259	0.0114035087719298	0.0059206013834259	1	0	"model116"
0.164912280701754	0.0149380582157249	0.164912280701754	0.0149380582157249	1	0	"model117"
0.216228070175439	0.0195108350824014	0.216228070175439	0.0195108350824014	1	0	"model118"
0.0184210526315789	0.00795407632089792	0.0184210526315789	0.00795407632089792	1	0	"model119"
0.140350877192982	0.0143245014197847	0.140350877192982	0.0143245014197847	1	0	"model120"
0.13859649122807	0.0198529183587929	0.13859649122807	0.0198529183587929	1	0	"model121"
0.00175438596491228	0.00226490254164176	0.00175438596491228	0.00226490254164176	1	0	"model122"
0.371052631578947	0.032704126109311	0.392982456140351	0.032704126109311	0.978070175438597	0	"model123"
0.129824561403509	0.0250849246661137	0.129824561403509	0.0250849246661137	1	0	"model124"
0.0166666666666667	0.00403042361172229	0.0166666666666667	0.00403042361172229	1	0	"model125"
0.287280701754386	0.0235965093443991	0.291666666666667	0.0235965093443991	0.995614035087719	0	"model126"
0.165350877192982	0.016286575955127	0.165350877192982	0.016286575955127	1	0	"model127"
0.0864035087719298	0.0220803798807445	0.0864035087719298	0.0220803798807445	1	0	"model128"
0.179824561403509	0.0448713720854468	0.179824561403509	0.0448713720854468	1	0	"model129"
0.193421052631579	0.0251062173655303	0.193421052631579	0.0251062173655303	1	0	"model130"
0.299561403508772	0.0253266002726786	0.299561403508772	0.0253266002726786	1	0	"model131"
0.312719298245614	0.0243806001924339	0.317105263157895	0.0243806001924338	0.995614035087719	0	"model132"
0.00833333333333333	0.00729530698823079	0.00833333333333333	0.00729530698823079	1	0	"model133"
0.27719298245614	0.0414957508177937	0.281578947368421	0.0414957508177937	0.995614035087719	0	"model134"
0.145614035087719	0.0220561662756095	0.145614035087719	0.0220561662756095	1	0	"model135"
0.0535087719298246	0.0139923814198894	0.0535087719298246	0.0139923814198894	1	0	"model136"
0.00043859649122807	0.00138696388603876	0.00043859649122807	0.00138696388603876	1	0	"model137"
0.0631578947368421	0.0187454040056428	0.0631578947368421	0.0187454040056428	1	0	"model138"
0.36359649122807	0.0294908807625606	0.367982456140351	0.0294908807625606	0.995614035087719	0	"model139"
0.0232456140350877	0.00878410461157883	0.0232456140350877	0.00878410461157883	1	0	"model140"
0.40219298245614	0.039395091784746	0.406578947368421	0.0393950917847461	0.995614035087719	0	"model141"
0.267105263157895	0.0131497700712099	0.267105263157895	0.0131497700712099	1	0	"model142"
0.144298245614035	0.020199790371917	0.144298245614035	0.020199790371917	1	0	"model143"
0.217105263157895	0.0274488060753196	0.217105263157895	0.0274488060753196	1	0	"model144"
0.137719298245614	0.0283640802638077	0.137719298245614	0.0283640802638077	1	0	"model145"
0.0267543859649123	0.00525096052516607	0.0267543859649123	0.00525096052516607	1	0	"model146"
0.0184210526315789	0.00795407632089792	0.0184210526315789	0.00795407632089792	1	0	"model147"
0.0530701754385965	0.0221190665155434	0.0530701754385965	0.0221190665155434	1	0	"model148"
0.00175438596491228	0.00226490254164176	0.00175438596491228	0.00226490254164176	1	0	"model149"
0.18640350877193	0.017935444658458	0.18640350877193	0.017935444658458	1	0	"model150"
0.154824561403509	0.0191793698229329	0.154824561403509	0.0191793698229329	1	0	"model151"
0.423684210526316	0.0381352019636564	0.45	0.0381352019636564	0.973684210526316	0	"model152"
0.140789473684211	0.0247633372547967	0.140789473684211	0.0247633372547967	1	0	"model153"
0.0802631578947368	0.0130845911317336	0.0802631578947368	0.0130845911317336	1	0	"model154"
0.0447368421052632	0.0136834607681843	0.0447368421052632	0.0136834607681843	1	0	"model155"
0.292105263157895	0.0305412121123263	0.309649122807018	0.0305412121123263	0.982456140350877	0	"model156"
0.364912280701754	0.0288571457110534	0.382456140350877	0.0288571457110534	0.982456140350877	0	"model157"
0.503947368421053	0.0245901043671957	0.666228070175439	0.0245901043671957	0.837719298245614	0	"model158"
0.165350877192982	0.0387936881605736	0.165350877192982	0.0387936881605736	1	0	"model159"
-0.121052631578947	0.0488487901813182	0.782456140350877	0.0488487901813182	0.0964912280701754	0	"model160"
0.135526315789474	0.0190002240892219	0.135526315789474	0.0190002240892219	1	0	"model161"
0.0447368421052632	0.0135263549780355	0.0447368421052632	0.0135263549780355	1	0	"model162"
0.196929824561404	0.0237049580628916	0.196929824561404	0.0237049580628916	1	0	"model163"
0.245175438596491	0.0175985988138061	0.245175438596491	0.0175985988138061	1	0	"model164"
0.254385964912281	0.0266386946758605	0.254385964912281	0.0266386946758605	1	0	"model165"
0.191228070175439	0.0291078897420931	0.191228070175439	0.0291078897420931	1	0	"model166"
0.360087719298246	0.0312503206098255	0.377631578947368	0.0312503206098255	0.982456140350877	0	"model167"
0	0	0	0	1	0	"model168"
0.00570175438596491	0.00464627151522535	0.00570175438596491	0.00464627151522535	1	0	"model169"
0.245175438596491	0.0307678208685405	0.245175438596491	0.0307678208685405	1	0	"model170"
0.282456140350877	0.0251699873879033	0.286842105263158	0.0251699873879033	0.995614035087719	0	"model171"
0.00043859649122807	0.00138696388603876	0.00043859649122807	0.00138696388603876	1	0	"model172"
0.0942982456140351	0.0132791682197258	0.0942982456140351	0.0132791682197258	1	0	"model173"
0.025	0.0120647257519168	0.025	0.0120647257519168	1	0	"model174"
0.38640350877193	0.0254444773736012	0.412719298245614	0.0254444773736012	0.973684210526316	0	"model175"
0.175	0.0153960627098255	0.175	0.0153960627098255	1	0	"model176"
0.167543859649123	0.0158543177914924	0.167543859649123	0.0158543177914924	1	0	"model177"
0.321052631578947	0.0215661858650126	0.325438596491228	0.0215661858650126	0.995614035087719	0	"model178"
0.0271929824561403	0.00987248129598487	0.0271929824561403	0.00987248129598487	1	0	"model179"
0.165789473684211	0.0220561662756095	0.165789473684211	0.0220561662756095	1	0	"model180"
0.0346491228070175	0.0119579561676483	0.0346491228070175	0.0119579561676483	1	0	"model181"
0.0605263157894737	0.0155823539116658	0.0605263157894737	0.0155823539116658	1	0	"model182"
0.0214912280701754	0.00785946202088632	0.0214912280701754	0.00785946202088632	1	0	"model183"
0.345614035087719	0.029516236803029	0.35	0.029516236803029	0.995614035087719	0	"model184"
0.00570175438596491	0.00296030069171295	0.00570175438596491	0.00296030069171295	1	0	"model185"
0.0495614035087719	0.0199442213190467	0.0495614035087719	0.0199442213190467	1	0	"model186"
0.0192982456140351	0.00995870547714994	0.0192982456140351	0.00995870547714994	1	0	"model187"
0.228947368421053	0.0155823539116658	0.228947368421053	0.0155823539116658	1	0	"model188"
0.521052631578947	0.0262995401424197	0.573684210526316	0.0262995401424197	0.947368421052632	0	"model189"
0.253947368421053	0.021729100881274	0.253947368421053	0.021729100881274	1	0	"model190"
0.219736842105263	0.0247633372547967	0.219736842105263	0.0247633372547967	1	0	"model191"
0.00043859649122807	0.00138696388603876	0.00043859649122807	0.00138696388603876	1	0	"model192"
0.0539473684210526	0.0152004605035907	0.0539473684210526	0.0152004605035907	1	0	"model193"
0.375438596491228	0.0181663445228176	0.38859649122807	0.0181663445228176	0.986842105263158	0	"model194"
0.1	0.0154445761944377	0.1	0.0154445761944377	1	0	"model195"
0.353508771929825	0.0226678917465664	0.371052631578947	0.0226678917465664	0.982456140350877	0	"model196"
0.0149122807017544	0.00857478263076911	0.0149122807017544	0.00857478263076911	1	0	"model197"
0.267543859649123	0.016923738161974	0.267543859649123	0.016923738161974	1	0	"model198"
0.267543859649123	0.0200457736853832	0.267543859649123	0.0200457736853832	1	0	"model199"
0.384649122807018	0.029316419991283	0.40219298245614	0.029316419991283	0.982456140350877	0	"model200"
0.0635964912280702	0.0207014652902139	0.0635964912280702	0.0207014652902139	1	0	"model201"
0.124122807017544	0.0230280561859683	0.124122807017544	0.0230280561859683	1	0	"model202"
0.0644736842105263	0.0147725942445253	0.0644736842105263	0.0147725942445253	1	0	"model203"
0.18640350877193	0.0170808793063566	0.18640350877193	0.0170808793063566	1	0	"model204"
0.025	0.0118862436398701	0.025	0.0118862436398701	1	0	"model205"
0.143859649122807	0.0240051178383319	0.143859649122807	0.0240051178383319	1	0	"model206"
0.0991228070175438	0.0257575620415734	0.0991228070175438	0.0257575620415734	1	0	"model207"
0.284210526315789	0.0176410562912261	0.284210526315789	0.0176410562912261	1	0	"model208"
0.200877192982456	0.0290785026677236	0.200877192982456	0.0290785026677236	1	0	"model209"
0.460087719298246	0.0400088265286343	0.49078947368421	0.0400088265286343	0.969298245614035	0	"model210"
0.287280701754386	0.0307539239297699	0.287280701754386	0.0307539239297699	1	0	"model211"
0.398245614035088	0.0397058367175859	0.424561403508772	0.0397058367175859	0.973684210526316	0	"model212"
0.2	0.0166948566358131	0.2	0.0166948566358131	1	0	"model213"
0.0285087719298246	0.00996943106504814	0.0285087719298246	0.00996943106504814	1	0	"model214"
0.00307017543859649	0.00361084474714283	0.00307017543859649	0.00361084474714283	1	0	"model215"
0.143859649122807	0.0248795875861785	0.143859649122807	0.0248795875861785	1	0	"model216"
0.150438596491228	0.018148687290857	0.150438596491228	0.018148687290857	1	0	"model217"
0.145175438596491	0.013470935087473	0.145175438596491	0.013470935087473	1	0	"model218"
0.170614035087719	0.0252759132299998	0.170614035087719	0.0252759132299998	1	0	"model219"
0.378508771929825	0.0191793698229329	0.396052631578947	0.0191793698229329	0.982456140350877	0	"model220"
0.234649122807018	0.0240451523441499	0.234649122807018	0.0240451523441499	1	0	"model221"
0.128070175438597	0.0138387831183617	0.128070175438597	0.0138387831183617	1	0	"model222"
0.037719298245614	0.0156371250960479	0.037719298245614	0.0156371250960479	1	0	"model223"
0.316666666666667	0.0301609285572576	0.334210526315789	0.0301609285572576	0.982456140350877	0	"model224"
0.00175438596491228	0.00226490254164176	0.00175438596491228	0.00226490254164176	1	0	"model225"
0.0828947368421053	0.018312826046926	0.0828947368421053	0.018312826046926	1	0	"model226"
0.093859649122807	0.0333512827429447	0.707894736842105	0.0333512827429447	0.385964912280702	0	"model227"
0.0824561403508772	0.0180008701422472	0.0824561403508772	0.0180008701422472	1	0	"model228"
0.145175438596491	0.0294908807625606	0.145175438596491	0.0294908807625606	1	0	"model229"
0.185964912280702	0.0256744461035265	0.185964912280702	0.0256744461035265	1	0	"model230"
0.320175438596491	0.0156097635263616	0.320175438596491	0.0156097635263616	1	0	"model231"
0.414473684210526	0.0244855763515266	0.43640350877193	0.0244855763515267	0.978070175438597	0	"model232"
0.267543859649123	0.0261528418421028	0.267543859649123	0.0261528418421028	1	0	"model233"
0.169298245614035	0.026087377804907	0.169298245614035	0.026087377804907	1	0	"model234"
0.0258771929824561	0.00384032910425839	0.0258771929824561	0.00384032910425839	1	0	"model235"
0.00394736842105263	0.00436153037724453	0.00394736842105263	0.00436153037724453	1	0	"model236"
0.41359649122807	0.0141820401319038	0.417982456140351	0.0141820401319038	0.995614035087719	0	"model237"
0.267543859649123	0.0198313742196645	0.267543859649123	0.0198313742196645	1	0	"model238"
0.0166666666666667	0.00847448932525698	0.0166666666666667	0.00847448932525698	1	0	"model239"
0.137280701754386	0.0231206875180373	0.137280701754386	0.0231206875180373	1	0	"model240"
0.3	0.0373994782580573	0.3	0.0373994782580573	1	0	"model241"
0.152631578947368	0.0279541950940751	0.687719298245614	0.0279541950940751	0.464912280701754	0	"model242"
0.232017543859649	0.024327942247172	0.232017543859649	0.024327942247172	1	0	"model243"
0.00175438596491228	0.00226490254164176	0.00175438596491228	0.00226490254164176	1	0	"model244"
0.0425438596491228	0.0120647257519168	0.0425438596491228	0.0120647257519168	1	0	"model245"
0.0355263157894737	0.0117778561760952	0.0355263157894737	0.0117778561760952	1	0	"model246"
0.0114035087719298	0.0059206013834259	0.0114035087719298	0.0059206013834259	1	0	"model247"
0.0793859649122807	0.0143914908799119	0.0793859649122807	0.0143914908799119	1	0	"model248"
0.140350877192982	0.0233918128654971	0.140350877192982	0.0233918128654971	1	0	"model249"
0.0697368421052632	0.0174767233944662	0.0697368421052632	0.0174767233944662	1	0	"model250"
-0.142105263157895	0.0180483033473812	0.831578947368421	0.0180483033473813	0.0263157894736842	0	"model251"
0.0258771929824561	0.00957574438234667	0.0258771929824561	0.00957574438234667	1	0	"model252"
0.151754385964912	0.0259229944553234	0.151754385964912	0.0259229944553234	1	0	"model253"
0.0197368421052632	0.0135972772205689	0.0197368421052632	0.0135972772205689	1	0	"model254"
0.228070175438596	0.0298904214916095	0.228070175438596	0.0298904214916095	1	0	"model255"
0.318421052631579	0.0291078897420931	0.32280701754386	0.0291078897420931	0.995614035087719	0	"model256"
0.182017543859649	0.0279121097836795	0.182017543859649	0.0279121097836795	1	0	"model257"
0.275877192982456	0.0294908807625606	0.275877192982456	0.0294908807625606	1	0	"model258"
0.310964912280702	0.0133113212164796	0.315350877192982	0.0133113212164796	0.995614035087719	0	"model259"
0.00921052631578947	0.00436153037724453	0.00921052631578947	0.00436153037724453	1	0	"model260"
0.149561403508772	0.0297793775381894	0.149561403508772	0.0297793775381894	1	0	"model261"
0.145175438596491	0.0258610813159227	0.145175438596491	0.0258610813159227	1	0	"model262"
0.12719298245614	0.0165405095014397	0.12719298245614	0.0165405095014397	1	0	"model263"
0.00307017543859649	0.00416089165811629	0.00307017543859649	0.00416089165811629	1	0	"model264"
0.149561403508772	0.0185447900238907	0.149561403508772	0.0185447900238907	1	0	"model265"
0.139912280701754	0.00911840124532905	0.139912280701754	0.00911840124532905	1	0	"model266"
0.224122807017544	0.0178398520009142	0.224122807017544	0.0178398520009142	1	0	"model267"
0.262719298245614	0.0312503206098255	0.262719298245614	0.0312503206098255	1	0	"model268"
0.234210526315789	0.026894227573256	0.234210526315789	0.026894227573256	1	0	"model269"
0.10219298245614	0.0191793698229329	0.10219298245614	0.0191793698229329	1	0	"model270"
0.246052631578947	0.0371845451829803	0.246052631578947	0.0371845451829803	1	0	"model271"
0.137719298245614	0.0206963021861829	0.137719298245614	0.0206963021861829	1	0	"model272"
-0.0907894736842105	0.0478697926460996	0.78640350877193	0.0478697926460996	0.12280701754386	0	"model273"
0.0359649122807018	0.013206537766826	0.0359649122807018	0.013206537766826	1	0	"model274"
0.0157894736842105	0.00832178331623258	0.0157894736842105	0.00832178331623258	1	0	"model275"
0.0298245614035088	0.00987248129598487	0.0298245614035088	0.00987248129598487	1	0	"model276"
0.154385964912281	0.0300899782624279	0.154385964912281	0.0300899782624279	1	0	"model277"
0.162280701754386	0.0164107780121664	0.162280701754386	0.0164107780121664	1	0	"model278"
0.100877192982456	0.0243762163750483	0.100877192982456	0.0243762163750483	1	0	"model279"
0.151315789473684	0.0234146452895423	0.151315789473684	0.0234146452895423	1	0	"model280"
0.200438596491228	0.0224642483535158	0.200438596491228	0.0224642483535158	1	0	"model281"
0.00657894736842105	0.00310134553151995	0.00657894736842105	0.00310134553151995	1	0	"model282"
0.00614035087719298	0.00423724466262849	0.00614035087719298	0.00423724466262849	1	0	"model283"
0	0	0	0	1	0	"model284"
0.104385964912281	0.0170244755883154	0.104385964912281	0.0170244755883154	1	0	"model285"
0.0776315789473684	0.0177918630720191	0.0776315789473684	0.0177918630720191	1	0	"model286"
0.232456140350877	0.0303868562731382	0.232456140350877	0.0303868562731382	1	0	"model287"
0.308771929824561	0.0219979448816421	0.308771929824561	0.0219979448816421	1	0	"model288"
0.359210526315789	0.0159417071035485	0.376754385964912	0.0159417071035485	0.982456140350877	0	"model289"
0.30219298245614	0.0325895524711393	0.30219298245614	0.0325895524711393	1	0	"model290"
0.0149122807017544	0.00627123116652843	0.0149122807017544	0.00627123116652843	1	0	"model291"
0.175438596491228	0.0275847401522123	0.175438596491228	0.0275847401522123	1	0	"model292"
0.00833333333333333	0.00482677602901146	0.00833333333333333	0.00482677602901146	1	0	"model293"
0.218859649122807	0.0209273808272244	0.218859649122807	0.0209273808272244	1	0	"model294"
0.481578947368421	0.029151914808455	0.542982456140351	0.029151914808455	0.93859649122807	0	"model295"
0.289035087719298	0.0308372116216952	0.289035087719298	0.0308372116216952	1	0	"model296"
0.234210526315789	0.0273669215363686	0.234210526315789	0.0273669215363686	1	0	"model297"
0.258771929824561	0.0258238621822452	0.258771929824561	0.0258238621822452	1	0	"model298"
0.157017543859649	0.0240051178383319	0.157017543859649	0.0240051178383319	1	0	"model299"
0.165350877192982	0.0308787712249496	0.165350877192982	0.0308787712249496	1	0	"model300"
0.312719298245614	0.0190676009818282	0.312719298245614	0.0190676009818282	1	0	"model301"
0.25	0.0248967636928749	0.25	0.0248967636928749	1	0	"model302"
0.425438596491228	0.0199388621300963	0.451754385964912	0.0199388621300963	0.973684210526316	0	"model303"
0.025	0.00774991712321554	0.025	0.00774991712321554	1	0	"model304"
0.243859649122807	0.0325731519102541	0.243859649122807	0.0325731519102541	1	0	"model305"
0.475	0.035694677230068	0.510087719298246	0.035694677230068	0.964912280701754	0	"model306"
0.139912280701754	0.0153960627098255	0.139912280701754	0.0153960627098255	1	0	"model307"
0.141666666666667	0.0195108350824014	0.141666666666667	0.0195108350824014	1	0	"model308"
0.0596491228070175	0.0120912708351669	0.0596491228070175	0.0120912708351669	1	0	"model309"
0.119736842105263	0.0203683883121265	0.119736842105263	0.0203683883121265	1	0	"model310"
0.254385964912281	0.021486752129677	0.254385964912281	0.021486752129677	1	0	"model311"
0.409210526315789	0.020988572129834	0.431140350877193	0.020988572129834	0.978070175438597	0	"model312"
0.00614035087719298	0.00660326888341299	0.00614035087719298	0.00660326888341299	1	0	"model313"
0.0043859649122807	0.00413512737535993	0.0043859649122807	0.00413512737535993	1	0	"model314"
0.245614035087719	0.0219785034771534	0.245614035087719	0.0219785034771534	1	0	"model315"
0.328947368421053	0.0199388621300963	0.333333333333333	0.0199388621300963	0.995614035087719	0	"model316"
0.207017543859649	0.0398133533961762	0.207017543859649	0.0398133533961762	1	0	"model317"
0.401754385964912	0.0265744275263199	0.428070175438596	0.0265744275263199	0.973684210526316	0	"model318"
0.0192982456140351	0.0095197781263741	0.0192982456140351	0.0095197781263741	1	0	"model319"
0.199122807017544	0.0229490255793551	0.199122807017544	0.0229490255793551	1	0	"model320"
0.0271929824561403	0.00795407632089792	0.0271929824561403	0.00795407632089792	1	0	"model321"
0.0346491228070175	0.0152566027464264	0.0346491228070175	0.0152566027464264	1	0	"model322"
0.118421052631579	0.00924642590692509	0.118421052631579	0.00924642590692509	1	0	"model323"
0.0469298245614035	0.0101394975932162	0.0469298245614035	0.0101394975932162	1	0	"model324"
0.0043859649122807	0.00292397660818713	0.0043859649122807	0.00292397660818713	1	0	"model325"
0.114035087719298	0.0156097635263616	0.114035087719298	0.0156097635263616	1	0	"model326"
0.135526315789474	0.0207221048419907	0.135526315789474	0.0207221048419907	1	0	"model327"
0.062280701754386	0.0158543177914924	0.062280701754386	0.0158543177914924	1	0	"model328"
-0.153508771929825	0.0263157894736842	0.824561403508772	0.0263157894736842	0.0219298245614035	0	"model329"
0.371052631578947	0.0276002328465829	0.397368421052632	0.0276002328465829	0.973684210526316	0	"model330"
0.124561403508772	0.0168223975013363	0.124561403508772	0.0168223975013363	1	0	"model331"
0.323684210526316	0.023464798418408	0.670175438596491	0.023464798418408	0.653508771929825	0	"model332"
0.0736842105263158	0.0165146447326818	0.0736842105263158	0.0165146447326818	1	0	"model333"
0.0144736842105263	0.00621989689654463	0.0144736842105263	0.00621989689654463	1	0	"model334"
0.205701754385965	0.0258610813159227	0.205701754385965	0.0258610813159227	1	0	"model335"
0.206140350877193	0.0296751215353574	0.206140350877193	0.0296751215353574	1	0	"model336"
0.0223684210526316	0.0106333897929638	0.0223684210526316	0.0106333897929638	1	0	"model337"
0.228070175438596	0.0241117288047816	0.228070175438596	0.0241117288047816	1	0	"model338"
0.169298245614035	0.0304009210071814	0.169298245614035	0.0304009210071814	1	0	"model339"
0	0	0	0	1	0	"model340"
0.0157894736842105	0.00779117695583288	0.0157894736842105	0.00779117695583288	1	0	"model341"
0.185964912280702	0.0272102692962148	0.185964912280702	0.0272102692962148	1	0	"model342"
0.108333333333333	0.0158879859495873	0.108333333333333	0.0158879859495873	1	0	"model343"
0.487719298245614	0.0237364956053829	0.540350877192982	0.0237364956053829	0.947368421052632	0	"model344"
0.190789473684211	0.0348585351390829	0.190789473684211	0.0348585351390829	1	0	"model345"
0	0	0	0	1	0	"model346"
0.228947368421053	0.0375477762982269	0.228947368421053	0.0375477762982269	1	0	"model347"
0.105263157894737	0.0181427977280568	0.105263157894737	0.0181427977280568	1	0	"model348"
0.255263157894737	0.0244462631182204	0.255263157894737	0.0244462631182204	1	0	"model349"
0.0131578947368421	0.00773611494463331	0.0131578947368421	0.00773611494463331	1	0	"model350"
0.210526315789474	0.0279694831428494	0.210526315789474	0.0279694831428494	1	0	"model351"
0.00087719298245614	0.00184928518138502	0.00087719298245614	0.00184928518138502	1	0	"model352"
0.00263157894736842	0.00369857036277003	0.00263157894736842	0.00369857036277003	1	0	"model353"
0.0368421052631579	0.0109795224301278	0.0368421052631579	0.0109795224301278	1	0	"model354"
0.0780701754385965	0.0155823539116658	0.0780701754385965	0.0155823539116658	1	0	"model355"
0.306578947368421	0.0256952502930705	0.328508771929825	0.0256952502930705	0.978070175438597	0	"model356"
0.183771929824561	0.0200936983023727	0.183771929824561	0.0200936983023727	1	0	"model357"
0.215789473684211	0.0373193813792678	0.215789473684211	0.0373193813792678	1	0	"model358"
0.351315789473684	0.0293455688127925	0.355701754385965	0.0293455688127925	0.995614035087719	0	"model359"
0.0552631578947368	0.0176894543418177	0.0552631578947368	0.0176894543418177	1	0	"model360"
0.291666666666667	0.0153682719602548	0.291666666666667	0.0153682719602548	1	0	"model361"
0.200877192982456	0.0255576296882014	0.200877192982456	0.0255576296882014	1	0	"model362"
0.321052631578947	0.0352578720350476	0.325438596491228	0.0352578720350476	0.995614035087719	0	"model363"
0.150877192982456	0.0181663445228176	0.150877192982456	0.0181663445228176	1	0	"model364"
0.160526315789474	0.0251699873879033	0.160526315789474	0.0251699873879033	1	0	"model365"
0.0153508771929825	0.0101815703780586	0.0153508771929825	0.0101815703780586	1	0	"model366"
0	0	0	0	1	0	"model367"
0.33859649122807	0.0255576296882014	0.356140350877193	0.0255576296882014	0.982456140350877	0	"model368"
0.229824561403509	0.0319771300923797	0.229824561403509	0.0319771300923797	1	0	"model369"
0.128070175438597	0.0247935285680703	0.128070175438597	0.0247935285680703	1	0	"model370"
0.199561403508772	0.0296210520312205	0.199561403508772	0.0296210520312205	1	0	"model371"
0.237719298245614	0.0238263728508343	0.237719298245614	0.0238263728508343	1	0	"model372"
0.217105263157895	0.0279121097836795	0.217105263157895	0.0279121097836795	1	0	"model373"
0.0100877192982456	0.00361084474714283	0.0100877192982456	0.00361084474714283	1	0	"model374"
0.189912280701754	0.0321670652191402	0.189912280701754	0.0321670652191402	1	0	"model375"
0.198684210526316	0.0376756399951954	0.198684210526316	0.0376756399951954	1	0	"model376"
0.160964912280702	0.0242046282049132	0.160964912280702	0.0242046282049132	1	0	"model377"
0.291228070175439	0.0321770307479235	0.304385964912281	0.0321770307479235	0.986842105263158	0	"model378"
0.0973684210526316	0.0154445761944377	0.0973684210526316	0.0154445761944377	1	0	"model379"
0.139035087719298	0.0294618757093048	0.139035087719298	0.0294618757093048	1	0	"model380"
0.137719298245614	0.0265744275263199	0.137719298245614	0.0265744275263199	1	0	"model381"
0	0	0	0	1	0	"model382"
0.102631578947368	0.014354313109513	0.102631578947368	0.014354313109513	1	0	"model383"
0.018859649122807	0.00548976121506391	0.018859649122807	0.00548976121506391	1	0	"model384"
0.0530701754385965	0.0136286797502005	0.0530701754385965	0.0136286797502005	1	0	"model385"
0.081578947368421	0.0191960790200817	0.081578947368421	0.0191960790200817	1	0	"model386"
0.244298245614035	0.0274332278640334	0.244298245614035	0.0274332278640334	1	0	"model387"
0.446929824561404	0.0431447586151288	0.48640350877193	0.0431447586151288	0.960526315789474	0	"model388"
0.146491228070175	0.0263320287775893	0.146491228070175	0.0263320287775893	1	0	"model389"
0.317543859649123	0.0229490255793551	0.335087719298246	0.0229490255793551	0.982456140350877	0	"model390"
0.235526315789474	0.031291331546907	0.235526315789474	0.031291331546907	1	0	"model391"
0.0574561403508772	0.0155342707124439	0.0574561403508772	0.0155342707124439	1	0	"model392"
0.262719298245614	0.0276968658459556	0.267105263157895	0.0276968658459556	0.995614035087719	0	"model393"
0.0131578947368421	0.00800763972960769	0.0131578947368421	0.00800763972960769	1	0	"model394"
0.0798245614035088	0.0185850860609014	0.0798245614035088	0.0185850860609014	1	0	"model395"
0.0175438596491228	0.0054702593373888	0.0175438596491228	0.0054702593373888	1	0	"model396"
0.0175438596491228	0.0124053821260798	0.0175438596491228	0.0124053821260798	1	0	"model397"
0.0214912280701754	0.00525096052516607	0.0214912280701754	0.00525096052516607	1	0	"model398"
0.00219298245614035	0.00310134553151995	0.00219298245614035	0.00310134553151995	1	0	"model399"
0.164035087719298	0.023318598874125	0.164035087719298	0.023318598874125	1	0	"model400"
0	0	0	0	1	0	"model401"
0.0184210526315789	0.00795407632089792	0.0184210526315789	0.00795407632089792	1	0	"model402"
0.0157894736842105	0.00554785554415505	0.0157894736842105	0.00554785554415505	1	0	"model403"
0.136842105263158	0.0191514887646934	0.136842105263158	0.0191514887646934	1	0	"model404"
0.0868421052631579	0.0238263728508343	0.0868421052631579	0.0238263728508343	1	0	"model405"
0.231578947368421	0.023464798418408	0.231578947368421	0.023464798418408	1	0	"model406"
0.0947368421052631	0.0164368062252108	0.0947368421052631	0.0164368062252108	1	0	"model407"
-0.120614035087719	0.0259271167411816	0.804824561403509	0.0259271167411816	0.0745614035087719	0	"model408"
0.216228070175439	0.024728787761509	0.216228070175439	0.024728787761509	1	0	"model409"
0.218859649122807	0.0148303563191997	0.218859649122807	0.0148303563191997	1	0	"model410"
0.0890350877192982	0.017549950209851	0.0890350877192982	0.017549950209851	1	0	"model411"
0.156140350877193	0.0223832271450347	0.156140350877193	0.0223832271450347	1	0	"model412"
0.162280701754386	0.0267188112317209	0.162280701754386	0.0267188112317209	1	0	"model413"
0.385964912280702	0.0186080731891197	0.390350877192982	0.0186080731891197	0.995614035087719	0	"model414"
0.49078947368421	0.0359571854962292	0.525877192982456	0.0359571854962291	0.964912280701754	0	"model415"
0.361842105263158	0.0268186203623452	0.383771929824561	0.0268186203623452	0.978070175438597	0	"model416"
0.0140350877192982	0.00987248129598487	0.0140350877192982	0.00987248129598487	1	0	"model417"
0.251315789473684	0.0134073175650414	0.251315789473684	0.0134073175650414	1	0	"model418"
0.267982456140351	0.0276195864937593	0.267982456140351	0.0276195864937593	1	0	"model419"
0.243859649122807	0.0345474982169402	0.243859649122807	0.0345474982169402	1	0	"model420"
0.282894736842105	0.030263511029948	0.287280701754386	0.030263511029948	0.995614035087719	0	"model421"
0.321929824561404	0.0252547636043148	0.339473684210526	0.0252547636043148	0.982456140350877	0	"model422"
0.293421052631579	0.023523932442477	0.293421052631579	0.023523932442477	1	0	"model423"
0.223245614035088	0.0205147749165626	0.223245614035088	0.0205147749165626	1	0	"model424"
0.154385964912281	0.0195928252254397	0.154385964912281	0.0195928252254397	1	0	"model425"
0.396052631578947	0.0338506335905305	0.41359649122807	0.0338506335905305	0.982456140350877	0	"model426"
0.424561403508772	0.0335812062196885	0.442105263157895	0.0335812062196885	0.982456140350877	0	"model427"
0.530701754385965	0.0281219065229113	0.62280701754386	0.0281219065229113	0.907894736842105	0	"model428"
0.00131578947368421	0.00211862233131425	0.00131578947368421	0.00211862233131425	1	0	"model429"
0.141666666666667	0.0217880406845165	0.141666666666667	0.0217880406845165	1	0	"model430"
0.00789473684210526	0.00577439112810862	0.00789473684210526	0.00577439112810862	1	0	"model431"
0.0267543859649123	0.00838574877175438	0.0267543859649123	0.00838574877175438	1	0	"model432"
0.489035087719298	0.0321803519050514	0.524122807017544	0.0321803519050514	0.964912280701754	0	"model433"
0.412719298245614	0.0349931718363516	0.439035087719298	0.0349931718363516	0.973684210526316	0	"model434"
0.2	0.028212965282056	0.2	0.028212965282056	1	0	"model435"
0.0736842105263158	0.0165146447326818	0.0736842105263158	0.0165146447326818	1	0	"model436"
0.457894736842105	0.0306111165574325	0.492982456140351	0.0306111165574325	0.964912280701754	0	"model437"
0.28859649122807	0.0365087489801371	0.28859649122807	0.0365087489801371	1	0	"model438"
0.419736842105263	0.0278200663020964	0.441666666666667	0.0278200663020964	0.978070175438597	0	"model439"
0.162719298245614	0.0143914908799119	0.162719298245614	0.0143914908799119	1	0	"model440"
0.025	0.00878410461157883	0.025	0.00878410461157883	1	0	"model441"
0.160087719298246	0.0164433068409386	0.160087719298246	0.0164433068409386	1	0	"model442"
0.037280701754386	0.0145098196208181	0.037280701754386	0.0145098196208181	1	0	"model443"
0.454824561403509	0.0364648136892636	0.489912280701754	0.0364648136892636	0.964912280701754	0	"model444"
0.21359649122807	0.02872723314704	0.21359649122807	0.02872723314704	1	0	"model445"
0.299561403508772	0.0285031483432367	0.299561403508772	0.0285031483432367	1	0	"model446"
0.460526315789474	0.0368119248889303	0.495614035087719	0.0368119248889303	0.964912280701754	0	"model447"
0.228508771929825	0.0186596906896339	0.228508771929825	0.0186596906896339	1	0	"model448"
-0.165789473684211	0.0362738125055006	0.807894736842105	0.0362738125055006	0.0263157894736842	0	"model449"
0.0368421052631579	0.00905961016656706	0.0368421052631579	0.00905961016656706	1	0	"model450"
0.367105263157895	0.0242927735374266	0.384649122807018	0.0242927735374266	0.982456140350877	0	"model451"
0.025	0.0111437654971693	0.025	0.0111437654971693	1	0	"model452"
0.153070175438596	0.0245030286533515	0.153070175438596	0.0245030286533515	1	0	"model453"
0.192543859649123	0.024327942247172	0.192543859649123	0.024327942247172	1	0	"model454"
0.375	0.0280648447667434	0.396929824561404	0.0280648447667434	0.978070175438597	0	"model455"
0.138157894736842	0.0186367672280438	0.138157894736842	0.0186367672280438	1	0	"model456"
0.00131578947368421	0.00296030069171295	0.00131578947368421	0.00296030069171295	1	0	"model457"
0.00219298245614035	0.00310134553151995	0.00219298245614035	0.00310134553151995	1	0	"model458"
0.209649122807018	0.0130436889024535	0.209649122807018	0.0130436889024535	1	0	"model459"
0.110964912280702	0.0153404308649996	0.110964912280702	0.0153404308649996	1	0	"model460"
0.0521929824561403	0.0153960627098255	0.0521929824561403	0.0153960627098255	1	0	"model461"
0.364035087719298	0.0385699004627863	0.381578947368421	0.0385699004627863	0.982456140350877	0	"model462"
0.183771929824561	0.0290527645936818	0.183771929824561	0.0290527645936818	1	0	"model463"
0.289473684210526	0.0398777242601926	0.289473684210526	0.0398777242601926	1	0	"model464"
0.280263157894737	0.0137846193758166	0.280263157894737	0.0137846193758166	1	0	"model465"
0.0925438596491228	0.0266747769035637	0.0925438596491228	0.0266747769035637	1	0	"model466"
0.158771929824561	0.0181192203331341	0.158771929824561	0.0181192203331341	1	0	"model467"
0.0228070175438596	0.00872306075448906	0.0228070175438596	0.00872306075448906	1	0	"model468"
0.191666666666667	0.0271197845240247	0.191666666666667	0.0271197845240247	1	0	"model469"
0.130701754385965	0.0207581746775425	0.130701754385965	0.0207581746775425	1	0	"model470"
0.377631578947368	0.0252759132299998	0.395175438596491	0.0252759132299998	0.982456140350877	0	"model471"
0.0087719298245614	0.0054702593373888	0.0087719298245614	0.0054702593373888	1	0	"model472"
0.0692982456140351	0.0201308941263842	0.0692982456140351	0.0201308941263842	1	0	"model473"
0.228508771929825	0.024239924801433	0.228508771929825	0.024239924801433	1	0	"model474"
0.177631578947368	0.0321803519050514	0.177631578947368	0.0321803519050514	1	0	"model475"
0.226315789473684	0.0234100805862551	0.226315789473684	0.0234100805862551	1	0	"model476"
0.220614035087719	0.0324317647256956	0.220614035087719	0.0324317647256956	1	0	"model477"
0.130701754385965	0.0120203536790026	0.130701754385965	0.0120203536790026	1	0	"model478"
0.0105263157894737	0.00423724466262849	0.0105263157894737	0.00423724466262849	1	0	"model479"
0.14780701754386	0.0157528815754982	0.14780701754386	0.0157528815754982	1	0	"model480"
0.23859649122807	0.0249139279580594	0.23859649122807	0.0249139279580594	1	0	"model481"
0.153508771929825	0.021486752129677	0.153508771929825	0.021486752129677	1	0	"model482"
0.00043859649122807	0.00138696388603876	0.00043859649122807	0.00138696388603876	1	0	"model483"
0.0421052631578947	0.0120912708351669	0.0421052631578947	0.0120912708351669	1	0	"model484"
0.367543859649123	0.0240051178383319	0.385087719298246	0.0240051178383319	0.982456140350877	0	"model485"
0.203070175438596	0.0224642483535158	0.203070175438596	0.0224642483535158	1	0	"model486"
0.190350877192982	0.0210038421006643	0.190350877192982	0.0210038421006643	1	0	"model487"
0.216228070175439	0.0195108350824014	0.216228070175439	0.0195108350824014	1	0	"model488"
0.0653508771929825	0.0165985578707427	0.0653508771929825	0.0165985578707427	1	0	"model489"
0.0486842105263158	0.0129862093515804	0.0486842105263158	0.0129862093515804	1	0	"model490"
0.116666666666667	0.0140533506908748	0.116666666666667	0.0140533506908748	1	0	"model491"
0.0333333333333333	0.0113621983787868	0.0333333333333333	0.0113621983787868	1	0	"model492"
0.0153508771929825	0.0230466122374773	0.725877192982456	0.0230466122374773	0.289473684210526	0	"model493"
0.265350877192982	0.0185217243557309	0.265350877192982	0.0185217243557309	1	0	"model494"
0.00350877192982456	0.00403042361172229	0.00350877192982456	0.00403042361172229	1	0	"model495"
0.205701754385965	0.0206187004799003	0.205701754385965	0.0206187004799003	1	0	"model496"
0.0223684210526316	0.0117778561760952	0.0223684210526316	0.0117778561760952	1	0	"model497"
0.314035087719298	0.0205927682592503	0.318421052631579	0.0205927682592503	0.995614035087719	0	"model498"
0.310087719298246	0.0253266002726787	0.323245614035088	0.0253266002726786	0.986842105263158	0	"model499"
0.201754385964912	0.0181427977280568	0.201754385964912	0.0181427977280568	1	0	"model500"
0.28859649122807	0.0203421369952352	0.292982456140351	0.0203421369952352	0.995614035087719	0	"model501"
0.150877192982456	0.0212063910695541	0.150877192982456	0.0212063910695541	1	0	"model502"
0.0192982456140351	0.0101710684976176	0.0192982456140351	0.0101710684976176	1	0	"model503"
0.240350877192982	0.0268624188955692	0.240350877192982	0.0268624188955692	1	0	"model504"
0.0846491228070175	0.0158879859495873	0.0846491228070175	0.0158879859495873	1	0	"model505"
0.232894736842105	0.0350541993885332	0.232894736842105	0.0350541993885332	1	0	"model506"
0.25921052631579	0.0367218169981307	0.25921052631579	0.0367218169981307	1	0	"model507"
0.210964912280702	0.0294183145089748	0.210964912280702	0.0294183145089748	1	0	"model508"
0.174561403508772	0.0356797040018283	0.174561403508772	0.0356797040018283	1	0	"model509"
0.296052631578947	0.0196418550329597	0.300438596491228	0.0196418550329596	0.995614035087719	0	"model510"
0.329385964912281	0.0288312100288568	0.329385964912281	0.0288312100288568	1	0	"model511"
0.331140350877193	0.0250891846516528	0.331140350877193	0.0250891846516528	1	0	"model512"
0.21140350877193	0.0207581746775425	0.21140350877193	0.0207581746775425	1	0	"model513"
0.189035087719298	0.029199533724721	0.189035087719298	0.029199533724721	1	0	"model514"
0.249122807017544	0.0180008701422472	0.249122807017544	0.0180008701422472	1	0	"model515"
0.303508771929825	0.0235557123521904	0.321052631578947	0.0235557123521904	0.982456140350877	0	"model516"
0.238157894736842	0.0282015990161215	0.238157894736842	0.0282015990161215	1	0	"model517"
0.0469298245614035	0.00992645917939647	0.0469298245614035	0.00992645917939647	1	0	"model518"
0.232894736842105	0.0177196359954686	0.232894736842105	0.0177196359954686	1	0	"model519"
0.141666666666667	0.0301077315109265	0.141666666666667	0.0301077315109265	1	0	"model520"
0.423245614035088	0.0277585344240461	0.445175438596491	0.0277585344240461	0.978070175438597	0	"model521"
0.146052631578947	0.0226537434719665	0.146052631578947	0.0226537434719665	1	0	"model522"
0.3	0.0314378480835453	0.3	0.0314378480835453	1	0	"model523"
0.304385964912281	0.0242178704571329	0.308771929824561	0.0242178704571329	0.995614035087719	0	"model524"
0.440350877192982	0.0222875309943386	0.457894736842105	0.0222875309943386	0.982456140350877	0	"model525"
0.0149122807017544	0.0107830929325063	0.0149122807017544	0.0107830929325063	1	0	"model526"
0.461842105263158	0.0223688988214848	0.501315789473684	0.0223688988214848	0.960526315789474	0	"model527"
0.298245614035088	0.0324943139925334	0.298245614035088	0.0324943139925334	1	0	"model528"
0.0289473684210526	0.00995870547714994	0.0289473684210526	0.00995870547714994	1	0	"model529"
0.125438596491228	0.0298331600951689	0.125438596491228	0.0298331600951689	1	0	"model530"
0.108771929824561	0.0136834607681843	0.108771929824561	0.0136834607681843	1	0	"model531"
0.103508771929825	0.0285892551148078	0.103508771929825	0.0285892551148078	1	0	"model532"
0	0	0	0	1	0	"model533"
0	0	0	0	1	0	"model534"
0.144298245614035	0.0249353666746657	0.144298245614035	0.0249353666746657	1	0	"model535"
0.0210526315789474	0.00795407632089792	0.0210526315789474	0.00795407632089792	1	0	"model536"
0.311842105263158	0.0258610813159227	0.329385964912281	0.0258610813159227	0.982456140350877	0	"model537"
0.160526315789474	0.0170746214276683	0.160526315789474	0.0170746214276683	1	0	"model538"
0.323245614035088	0.024728787761509	0.327631578947368	0.024728787761509	0.995614035087719	0	"model539"
0.156578947368421	0.0137224561757395	0.156578947368421	0.0137224561757395	1	0	"model540"
0.315789473684211	0.0308060051253004	0.320175438596491	0.0308060051253004	0.995614035087719	0	"model541"
0.31359649122807	0.0260094252553468	0.317982456140351	0.0260094252553468	0.995614035087719	0	"model542"
0	0	0	0	1	0	"model543"
0.0166666666666667	0.00987248129598487	0.0166666666666667	0.00987248129598487	1	0	"model544"
0.160087719298246	0.0145098196208181	0.160087719298246	0.0145098196208181	1	0	"model545"
0.110526315789474	0.0139923814198894	0.110526315789474	0.0139923814198894	1	0	"model546"
0.158333333333333	0.0326550723452231	0.158333333333333	0.0326550723452231	1	0	"model547"
0.158333333333333	0.0222154883610882	0.158333333333333	0.0222154883610882	1	0	"model548"
0.151315789473684	0.0215116066806464	0.151315789473684	0.0215116066806464	1	0	"model549"
0.192543859649123	0.029199533724721	0.192543859649123	0.029199533724721	1	0	"model550"
0.199122807017544	0.0274449123514791	0.199122807017544	0.0274449123514791	1	0	"model551"
0.130701754385965	0.0184697212834547	0.130701754385965	0.0184697212834547	1	0	"model552"
0.191666666666667	0.0325633076088425	0.191666666666667	0.0325633076088425	1	0	"model553"
0.212719298245614	0.0279121097836795	0.212719298245614	0.0279121097836795	1	0	"model554"
0.219736842105263	0.0361350750326891	0.219736842105263	0.0361350750326891	1	0	"model555"
0.221929824561404	0.0345474982169402	0.221929824561404	0.0345474982169402	1	0	"model556"
0.295614035087719	0.0300473276693921	0.3	0.0300473276693921	0.995614035087719	0	"model557"
0.0328947368421053	0.0119221538233188	0.0328947368421053	0.0119221538233188	1	0	"model558"
0.244736842105263	0.0193734137701491	0.244736842105263	0.0193734137701491	1	0	"model559"
0.150877192982456	0.0180483033473812	0.150877192982456	0.0180483033473812	1	0	"model560"
0.240350877192982	0.0399205805049731	0.240350877192982	0.0399205805049731	1	0	"model561"
0.0214912280701754	0.00668370143313594	0.0214912280701754	0.00668370143313594	1	0	"model562"
0.00131578947368421	0.00211862233131425	0.00131578947368421	0.00211862233131425	1	0	"model563"
0.493859649122807	0.0219979448816421	0.559649122807018	0.0219979448816421	0.934210526315789	0	"model564"
0.375438596491228	0.0374565854500582	0.392982456140351	0.0374565854500582	0.982456140350877	0	"model565"
0.0543859649122807	0.011732399209204	0.0543859649122807	0.011732399209204	1	0	"model566"
0.0043859649122807	0.00506447604552303	0.0043859649122807	0.00506447604552303	1	0	"model567"
0.194298245614035	0.0153404308649996	0.194298245614035	0.0153404308649996	1	0	"model568"
0.157017543859649	0.0292981872511704	0.157017543859649	0.0292981872511704	1	0	"model569"
0.0714912280701754	0.00853731071383417	0.0714912280701754	0.00853731071383417	1	0	"model570"
0.136842105263158	0.0282583846277183	0.136842105263158	0.0282583846277183	1	0	"model571"
0.217982456140351	0.0212918909178373	0.217982456140351	0.0212918909178373	1	0	"model572"
0.043859649122807	0.0167969668027428	0.043859649122807	0.0167969668027428	1	0	"model573"
0.139035087719298	0.0233048456444567	0.139035087719298	0.0233048456444567	1	0	"model574"
0.266666666666667	0.0300899782624279	0.266666666666667	0.0300899782624279	1	0	"model575"
0.00043859649122807	0.00138696388603876	0.00043859649122807	0.00138696388603876	1	0	"model576"
0	0	0	0	1	0	"model577"
0.031140350877193	0.014242197518079	0.031140350877193	0.014242197518079	1	0	"model578"
0.201315789473684	0.0165985578707427	0.201315789473684	0.0165985578707427	1	0	"model579"
0.0171052631578947	0.0106333897929638	0.0171052631578947	0.0106333897929638	1	0	"model580"
0.494736842105263	0.0324152843319663	0.534210526315789	0.0324152843319663	0.960526315789474	0	"model581"
0.15	0.0166435666324652	0.15	0.0166435666324652	1	0	"model582"
0.299122807017544	0.0307226328340671	0.299122807017544	0.0307226328340671	1	0	"model583"
0.127631578947368	0.0268345553728792	0.127631578947368	0.0268345553728792	1	0	"model584"
0.214035087719298	0.0158543177914924	0.214035087719298	0.0158543177914924	1	0	"model585"
0.232894736842105	0.0215314696642694	0.232894736842105	0.0215314696642694	1	0	"model586"
0.118859649122807	0.019772006793923	0.118859649122807	0.019772006793923	1	0	"model587"
0.0596491228070175	0.0166948566358131	0.0596491228070175	0.0166948566358131	1	0	"model588"
0.0201754385964912	0.00995870547714994	0.0201754385964912	0.00995870547714994	1	0	"model589"
0.0364035087719298	0.00970874720227134	0.0364035087719298	0.00970874720227134	1	0	"model590"
0.018859649122807	0.00902415167369062	0.018859649122807	0.00902415167369062	1	0	"model591"
0.253070175438597	0.0190676009818282	0.253070175438597	0.0190676009818282	1	0	"model592"
0.278947368421053	0.0319102182590837	0.283333333333333	0.0319102182590838	0.995614035087719	0	"model593"
0.282894736842105	0.0276041046615486	0.287280701754386	0.0276041046615485	0.995614035087719	0	"model594"
0.0780701754385965	0.0183536313759944	0.0780701754385965	0.0183536313759944	1	0	"model595"
0.257894736842105	0.0243586732159749	0.257894736842105	0.0243586732159749	1	0	"model596"
0.208771929824561	0.0173231733843259	0.208771929824561	0.0173231733843259	1	0	"model597"
0.0245614035087719	0.00722168949428565	0.0245614035087719	0.00722168949428565	1	0	"model598"
0.157017543859649	0.0271788304997012	0.157017543859649	0.0271788304997012	1	0	"model599"
0.478508771929825	0.0246768728244117	0.51359649122807	0.0246768728244117	0.964912280701754	0	"model600"
0.230263157894737	0.0296210520312205	0.230263157894737	0.0296210520312205	1	0	"model601"
0.0473684210526316	0.0130436889024535	0.0473684210526316	0.0130436889024535	1	0	"model602"
0.128947368421053	0.0164368062252108	0.128947368421053	0.0164368062252108	1	0	"model603"
0.0214912280701754	0.010430443848969	0.0214912280701754	0.010430443848969	1	0	"model604"
0.0162280701754386	0.00621989689654463	0.0162280701754386	0.00621989689654463	1	0	"model605"
0.220614035087719	0.0278967902930723	0.220614035087719	0.0278967902930723	1	0	"model606"
0.0820175438596491	0.0200511042994078	0.0820175438596491	0.0200511042994078	1	0	"model607"
0.396052631578947	0.0397192922185711	0.404824561403509	0.0397192922185711	0.991228070175439	0	"model608"
0.00087719298245614	0.00184928518138502	0.00087719298245614	0.00184928518138502	1	0	"model609"
0.183771929824561	0.0169804765008592	0.183771929824561	0.0169804765008592	1	0	"model610"
0.135087719298246	0.0330033942912806	0.135087719298246	0.0330033942912806	1	0	"model611"
0.173245614035088	0.0207014652902139	0.173245614035088	0.0207014652902139	1	0	"model612"
0.38859649122807	0.0256744461035265	0.414912280701754	0.0256744461035265	0.973684210526316	0	"model613"
0.26359649122807	0.0251062173655303	0.26359649122807	0.0251062173655303	1	0	"model614"
0.248684210526316	0.0214917253393558	0.248684210526316	0.0214917253393558	1	0	"model615"
0.214912280701754	0.0259064987524406	0.214912280701754	0.0259064987524406	1	0	"model616"
0.00394736842105263	0.00384032910425839	0.00394736842105263	0.00384032910425839	1	0	"model617"
0.101754385964912	0.0184697212834547	0.101754385964912	0.0184697212834547	1	0	"model618"
0.0149122807017544	0.00627123116652843	0.0149122807017544	0.00627123116652843	1	0	"model619"
0.12719298245614	0.0259888725652503	0.12719298245614	0.0259888725652503	1	0	"model620"
0.188157894736842	0.0285331279974279	0.188157894736842	0.0285331279974279	1	0	"model621"
0	0	0	0	1	0	"model622"
0.535087719298246	0.0153334626925461	0.570175438596491	0.0153334626925461	0.964912280701754	0	"model623"
0.0201754385964912	0.00905961016656706	0.0201754385964912	0.00905961016656706	1	0	"model624"
0.256140350877193	0.0309582711872899	0.256140350877193	0.0309582711872899	1	0	"model625"
0.416228070175439	0.034501065466845	0.438157894736842	0.034501065466845	0.978070175438597	0	"model626"
0.0442982456140351	0.0100122185194526	0.0442982456140351	0.0100122185194526	1	0	"model627"
0.0184210526315789	0.00872306075448906	0.0184210526315789	0.00872306075448906	1	0	"model628"
0.00131578947368421	0.00211862233131425	0.00131578947368421	0.00211862233131425	1	0	"model629"
0.0578947368421053	0.0154445761944377	0.0578947368421053	0.0154445761944377	1	0	"model630"
0.134210526315789	0.0229490255793551	0.134210526315789	0.0229490255793551	1	0	"model631"
0.312719298245614	0.0210901631015945	0.330263157894737	0.0210901631015945	0.982456140350877	0	"model632"
0.0333333333333333	0.00905961016656706	0.0333333333333333	0.00905961016656706	1	0	"model633"
0.0276315789473684	0.00853731071383417	0.0276315789473684	0.00853731071383417	1	0	"model634"
0.185087719298246	0.0247071697944767	0.185087719298246	0.0247071697944767	1	0	"model635"
0.36359649122807	0.041011312739877	0.385526315789474	0.041011312739877	0.978070175438597	0	"model636"
0.0390350877192982	0.0110280831378047	0.0390350877192982	0.0110280831378047	1	0	"model637"
0.122368421052632	0.0152566027464264	0.122368421052632	0.0152566027464264	1	0	"model638"
0.130263157894737	0.0127537008699207	0.130263157894737	0.0127537008699207	1	0	"model639"
0.370614035087719	0.0272141965920852	0.388157894736842	0.0272141965920852	0.982456140350877	0	"model640"
0.282894736842105	0.0208044582905814	0.282894736842105	0.0208044582905814	1	0	"model641"
0.335526315789474	0.0249182171769873	0.339912280701754	0.0249182171769873	0.995614035087719	0	"model642"
0.423245614035088	0.0253434734259645	0.432017543859649	0.0253434734259645	0.991228070175439	0	"model643"
0.0285087719298246	0.0090713988640284	0.0285087719298246	0.0090713988640284	1	0	"model644"
0.00745614035087719	0.00548976121506391	0.00745614035087719	0.00548976121506391	1	0	"model645"
0.00394736842105263	0.00323624906742378	0.00394736842105263	0.00323624906742378	1	0	"model646"
0.0631578947368421	0.0113621983787868	0.0631578947368421	0.0113621983787868	1	0	"model647"
0.136842105263158	0.019809806650239	0.136842105263158	0.019809806650239	1	0	"model648"
0.465350877192982	0.0374708486490253	0.500438596491228	0.0374708486490253	0.964912280701754	0	"model649"
0.109210526315789	0.0185447900238907	0.109210526315789	0.0185447900238907	1	0	"model650"
0.167543859649123	0.0176410562912261	0.167543859649123	0.0176410562912261	1	0	"model651"
0.0144736842105263	0.0101394975932162	0.0144736842105263	0.0101394975932162	1	0	"model652"
0.332894736842105	0.0178398520009142	0.337280701754386	0.0178398520009142	0.995614035087719	0	"model653"
0.167105263157895	0.0257782991530891	0.167105263157895	0.0257782991530891	1	0	"model654"
0.291228070175439	0.0269735851596463	0.291228070175439	0.0269735851596463	1	0	"model655"
0.132894736842105	0.0257451117570911	0.132894736842105	0.0257451117570911	1	0	"model656"
0.187719298245614	0.0266226424329592	0.187719298245614	0.0266226424329592	1	0	"model657"
0.423245614035088	0.035224514044318	0.449561403508772	0.035224514044318	0.973684210526316	0	"model658"
0.0618421052631579	0.00863687455423505	0.0618421052631579	0.00863687455423505	1	0	"model659"
0.285964912280702	0.0261364912047796	0.285964912280702	0.0261364912047796	1	0	"model660"
0.0657894736842105	0.0182602280654924	0.0657894736842105	0.0182602280654924	1	0	"model661"
0.525438596491228	0.0328085290121014	0.578070175438597	0.0328085290121013	0.947368421052632	0	"model662"
0.259210526315789	0.0343147061700911	0.259210526315789	0.0343147061700911	1	0	"model663"
0.115350877192982	0.0245553111352418	0.115350877192982	0.0245553111352418	1	0	"model664"
0.242105263157895	0.0225354957520441	0.242105263157895	0.0225354957520441	1	0	"model665"
0.16140350877193	0.0166435666324652	0.16140350877193	0.0166435666324652	1	0	"model666"
0.105701754385965	0.0139388145456761	0.105701754385965	0.0139388145456761	1	0	"model667"
0.255701754385965	0.0308787712249496	0.255701754385965	0.0308787712249496	1	0	"model668"
0.424122807017544	0.0330195811549206	0.446052631578947	0.0330195811549206	0.978070175438597	0	"model669"
0.0557017543859649	0.0157528815754982	0.0557017543859649	0.0157528815754982	1	0	"model670"
0.242982456140351	0.0235919798291746	0.242982456140351	0.0235919798291746	1	0	"model671"
0.0144736842105263	0.00548976121506391	0.0144736842105263	0.00548976121506391	1	0	"model672"
0.218859649122807	0.0245030286533515	0.218859649122807	0.0245030286533515	1	0	"model673"
0.296052631578947	0.0468863090959783	0.296052631578947	0.0468863090959783	1	0	"model674"
0.376315789473684	0.0231899181975419	0.393859649122807	0.0231899181975419	0.982456140350877	0	"model675"
0.324122807017544	0.0293455688127925	0.328508771929825	0.0293455688127925	0.995614035087719	0	"model676"
0.0412280701754386	0.0113621983787868	0.0412280701754386	0.0113621983787868	1	0	"model677"
0.293859649122807	0.0390107136377963	0.293859649122807	0.0390107136377963	1	0	"model678"
0.218421052631579	0.0330680942049636	0.218421052631579	0.0330680942049636	1	0	"model679"
0.242105263157895	0.0309306422025916	0.242105263157895	0.0309306422025916	1	0	"model680"
0.213157894736842	0.0240407073580052	0.213157894736842	0.0240407073580052	1	0	"model681"
0.0175438596491228	0.0118772491295847	0.0175438596491228	0.0118772491295847	1	0	"model682"
0.164035087719298	0.0220948953067983	0.164035087719298	0.0220948953067983	1	0	"model683"
0.207456140350877	0.0259106236627051	0.207456140350877	0.0259106236627051	1	0	"model684"
0.0381578947368421	0.00548976121506391	0.0381578947368421	0.00548976121506391	1	0	"model685"
0.0100877192982456	0.0321670652191402	0.746929824561403	0.0321670652191402	0.263157894736842	0	"model686"
0.20219298245614	0.0110280831378047	0.20219298245614	0.0110280831378047	1	0	"model687"
0.18640350877193	0.0279121097836795	0.18640350877193	0.0279121097836795	1	0	"model688"
0.0359649122807018	0.0135263549780355	0.0359649122807018	0.0135263549780355	1	0	"model689"
0.307456140350877	0.0273864400621623	0.325	0.0273864400621623	0.982456140350877	0	"model690"
0.12719298245614	0.0160152794592154	0.12719298245614	0.0160152794592154	1	0	"model691"
0.237719298245614	0.0311372620163138	0.237719298245614	0.0311372620163138	1	0	"model692"
0.196929824561404	0.0300651061027975	0.196929824561404	0.0300651061027975	1	0	"model693"
0.290789473684211	0.0242046282049132	0.295175438596491	0.0242046282049132	0.995614035087719	0	"model694"
0.00131578947368421	0.00211862233131425	0.00131578947368421	0.00211862233131425	1	0	"model695"
0.00570175438596491	0.00548976121506391	0.00570175438596491	0.00548976121506391	1	0	"model696"
0.00833333333333333	0.00436153037724453	0.00833333333333333	0.00436153037724453	1	0	"model697"
0	0	0	0	1	0	"model698"
0.208333333333333	0.0230466122374773	0.208333333333333	0.0230466122374773	1	0	"model699"
0.0723684210526316	0.0145098196208181	0.0723684210526316	0.0145098196208181	1	0	"model700"
0.274561403508772	0.0214070236464598	0.278947368421053	0.0214070236464598	0.995614035087719	0	"model701"
0.196929824561404	0.0311818491852917	0.196929824561404	0.0311818491852917	1	0	"model702"
0.0780701754385965	0.0147363779746832	0.0780701754385965	0.0147363779746832	1	0	"model703"
0.161842105263158	0.024327942247172	0.161842105263158	0.024327942247172	1	0	"model704"
0.145175438596491	0.01944499405634	0.145175438596491	0.01944499405634	1	0	"model705"
0.0144736842105263	0.00802097469259953	0.0144736842105263	0.00802097469259953	1	0	"model706"
0.314035087719298	0.0243937469176774	0.331578947368421	0.0243937469176774	0.982456140350877	0	"model707"
0.132894736842105	0.0192904910877728	0.132894736842105	0.0192904910877728	1	0	"model708"
0.0197368421052632	0.00693481943019381	0.0197368421052632	0.00693481943019381	1	0	"model709"
-0.155701754385965	0.0205979573152125	0.831140350877193	0.0205979573152125	0.0131578947368421	0	"model710"
0.0109649122807018	0.00593862456479237	0.0109649122807018	0.00593862456479237	1	0	"model711"
0.118859649122807	0.0272299001113332	0.118859649122807	0.0272299001113332	1	0	"model712"
0.367982456140351	0.0221190665155434	0.372368421052632	0.0221190665155434	0.995614035087719	0	"model713"
0.0214912280701754	0.00979641261271985	0.0214912280701754	0.00979641261271985	1	0	"model714"
0.155701754385965	0.0269775469111783	0.155701754385965	0.0269775469111783	1	0	"model715"
0.17719298245614	0.0255910602187615	0.17719298245614	0.0255910602187615	1	0	"model716"
0.251315789473684	0.0334696351468712	0.251315789473684	0.0334696351468712	1	0	"model717"
0.193859649122807	0.032150449140125	0.685087719298246	0.032150449140125	0.508771929824561	0	"model718"
0.196929824561404	0.0216305109857804	0.196929824561404	0.0216305109857804	1	0	"model719"
0.378070175438597	0.0199174109542999	0.382456140350877	0.0199174109542999	0.995614035087719	0	"model720"
0.266666666666667	0.0380004481784438	0.266666666666667	0.0380004481784438	1	0	"model721"
0.0929824561403509	0.0193734137701491	0.0929824561403509	0.0193734137701491	1	0	"model722"
0.186842105263158	0.0268942275732559	0.186842105263158	0.0268942275732559	1	0	"model723"
0.149122807017544	0.0250678774846232	0.149122807017544	0.0250678774846232	1	0	"model724"
0.294298245614035	0.0315904516623291	0.294298245614035	0.0315904516623291	1	0	"model725"
0.395175438596491	0.0322599571025145	0.412719298245614	0.0322599571025145	0.982456140350877	0	"model726"
0.326315789473684	0.0381352019636564	0.343859649122807	0.0381352019636564	0.982456140350877	0	"model727"
0.0271929824561403	0.0105019210503321	0.0271929824561403	0.0105019210503321	1	0	"model728"
0.0934210526315789	0.00992645917939647	0.0934210526315789	0.00992645917939647	1	0	"model729"
0.185526315789474	0.0210901631015945	0.185526315789474	0.0210901631015945	1	0	"model730"
0.175877192982456	0.0259435993345445	0.175877192982456	0.0259435993345445	1	0	"model731"
0.147368421052632	0.026894227573256	0.147368421052632	0.026894227573256	1	0	"model732"
0.234210526315789	0.0214070236464598	0.234210526315789	0.0214070236464598	1	0	"model733"
0.121491228070175	0.0216897186995944	0.121491228070175	0.0216897186995944	1	0	"model734"
0.223684210526316	0.036578935681862	0.223684210526316	0.036578935681862	1	0	"model735"
0.134649122807018	0.0275886141414389	0.134649122807018	0.0275886141414389	1	0	"model736"
0.0776315789473684	0.00746902910786246	0.0776315789473684	0.00746902910786246	1	0	"model737"
0.0355263157894737	0.00668370143313594	0.0355263157894737	0.00668370143313594	1	0	"model738"
0.197368421052632	0.039446601062082	0.197368421052632	0.039446601062082	1	0	"model739"
0.0557017543859649	0.0180305305185039	0.0557017543859649	0.0180305305185039	1	0	"model740"
0.261842105263158	0.0195108350824015	0.261842105263158	0.0195108350824015	1	0	"model741"
0	0	0	0	1	0	"model742"
0.00087719298245614	0.00184928518138502	0.00087719298245614	0.00184928518138502	1	0	"model743"
0.0114035087719298	0.00779117695583288	0.0114035087719298	0.00779117695583288	1	0	"model744"
0.214473684210526	0.0354784530664646	0.214473684210526	0.0354784530664646	1	0	"model745"
0.254385964912281	0.0283490050141306	0.258771929824561	0.0283490050141306	0.995614035087719	0	"model746"
0.142982456140351	0.0195272606515368	0.142982456140351	0.0195272606515368	1	0	"model747"
0.0526315789473684	0.0138696388603876	0.0526315789473684	0.0138696388603876	1	0	"model748"
0.0285087719298246	0.0111820603368263	0.0285087719298246	0.0111820603368263	1	0	"model749"
0.239035087719298	0.0127871752079941	0.239035087719298	0.0127871752079941	1	0	"model750"
0.132017543859649	0.0153960627098255	0.132017543859649	0.0153960627098255	1	0	"model751"
0.143859649122807	0.0193734137701491	0.143859649122807	0.0193734137701491	1	0	"model752"
0.0991228070175439	0.0244812113320871	0.0991228070175439	0.0244812113320871	1	0	"model753"
0.207017543859649	0.0281067013817495	0.207017543859649	0.0281067013817495	1	0	"model754"
0.175877192982456	0.0159417071035485	0.175877192982456	0.0159417071035485	1	0	"model755"
0.0486842105263158	0.0137846193758166	0.0486842105263158	0.0137846193758166	1	0	"model756"
0.347368421052632	0.0320172100706252	0.364912280701754	0.0320172100706252	0.982456140350877	0	"model757"
0	0	0	0	1	0	"model758"
0.468421052631579	0.0322831383096036	0.503508771929825	0.0322831383096036	0.964912280701754	0	"model759"
0.420175438596491	0.0450520182380384	0.442105263157895	0.0450520182380384	0.978070175438597	0	"model760"
0.155701754385965	0.0258445460959995	0.155701754385965	0.0258445460959995	1	0	"model761"
0.403508771929825	0.0294582480696051	0.407894736842105	0.0294582480696051	0.995614035087719	0	"model762"
0.285964912280702	0.0297326872956401	0.285964912280702	0.0297326872956401	1	0	"model763"
0.263157894736842	0.0297470613294968	0.267543859649123	0.0297470613294968	0.995614035087719	0	"model764"
0.496491228070175	0.0173970465270684	0.531578947368421	0.0173970465270684	0.964912280701754	0	"model765"
0.195175438596491	0.0250891846516528	0.195175438596491	0.0250891846516528	1	0	"model766"
0.175877192982456	0.0295632688949341	0.175877192982456	0.0295632688949341	1	0	"model767"
0.370175438596491	0.0316411559670615	0.387719298245614	0.0316411559670615	0.982456140350877	0	"model768"
0.0087719298245614	0.00358112535494617	0.0087719298245614	0.00358112535494617	1	0	"model769"
0.278508771929825	0.0344886728423551	0.282894736842105	0.0344886728423551	0.995614035087719	0	"model770"
0.110526315789474	0.0161216944468891	0.110526315789474	0.0161216944468891	1	0	"model771"
0.33859649122807	0.0377747903151314	0.342982456140351	0.0377747903151314	0.995614035087719	0	"model772"
0.0491228070175439	0.0159885650461898	0.0491228070175439	0.0159885650461898	1	0	"model773"
0.359649122807018	0.0379554239349333	0.37719298245614	0.0379554239349333	0.982456140350877	0	"model774"
0.431578947368421	0.0219979448816421	0.449122807017544	0.0219979448816421	0.982456140350877	0	"model775"
0.117105263157895	0.028049608693543	0.117105263157895	0.028049608693543	1	0	"model776"
0.325	0.0281560880682054	0.329385964912281	0.0281560880682054	0.995614035087719	0	"model777"
0.176315789473684	0.0305831739531997	0.176315789473684	0.0305831739531997	1	0	"model778"
0.00263157894736842	0.00226490254164176	0.00263157894736842	0.00226490254164176	1	0	"model779"
0.250438596491228	0.0148303563191997	0.250438596491228	0.0148303563191997	1	0	"model780"
0.0162280701754386	0.00586619960460201	0.0162280701754386	0.00586619960460201	1	0	"model781"
0.16359649122807	0.0182660797650707	0.16359649122807	0.0182660797650707	1	0	"model782"
0.334210526315789	0.0303727850261354	0.347368421052632	0.0303727850261354	0.986842105263158	0	"model783"
0.193859649122807	0.0181192203331341	0.193859649122807	0.0181192203331341	1	0	"model784"
0.139035087719298	0.0160219511026871	0.139035087719298	0.0160219511026871	1	0	"model785"
0.326315789473684	0.0283640802638077	0.330701754385965	0.0283640802638077	0.995614035087719	0	"model786"
0.164473684210526	0.0298367421519862	0.164473684210526	0.0298367421519862	1	0	"model787"
0.0245614035087719	0.0109795224301278	0.0245614035087719	0.0109795224301278	1	0	"model788"
0.0491228070175439	0.0175194762326845	0.0491228070175439	0.0175194762326845	1	0	"model789"
0.157017543859649	0.0223449978649623	0.157017543859649	0.0223449978649623	1	0	"model790"
0.0960526315789474	0.0178398520009142	0.0960526315789474	0.0178398520009142	1	0	"model791"
0.0978070175438596	0.0222731411094891	0.0978070175438596	0.0222731411094891	1	0	"model792"
0.316666666666667	0.0207581746775425	0.334210526315789	0.0207581746775425	0.982456140350877	0	"model793"
0.182017543859649	0.0234146452895423	0.182017543859649	0.0234146452895423	1	0	"model794"
0.0868421052631579	0.0172737491084701	0.0868421052631579	0.0172737491084701	1	0	"model795"
0.473684210526316	0.0218810373495552	0.508771929824561	0.0218810373495552	0.964912280701754	0	"model796"
0.00350877192982456	0.00345969577959042	0.00350877192982456	0.00345969577959042	1	0	"model797"
0.169298245614035	0.0170746214276683	0.169298245614035	0.0170746214276683	1	0	"model798"
0.0929824561403509	0.0210648112916116	0.0929824561403509	0.0210648112916116	1	0	"model799"
0.146052631578947	0.0132469371813734	0.146052631578947	0.0132469371813734	1	0	"model800"
0.0833333333333333	0.0301041816987924	0.723684210526316	0.0301041816987924	0.359649122807018	0	"model801"
0.353947368421053	0.0232129492074863	0.371491228070175	0.0232129492074863	0.982456140350877	0	"model802"
0.232456140350877	0.0230234148362918	0.232456140350877	0.0230234148362918	1	0	"model803"
0.0149122807017544	0.00471477061304009	0.0149122807017544	0.00471477061304009	1	0	"model804"
0.482894736842105	0.0169804765008592	0.539912280701754	0.0169804765008592	0.942982456140351	0	"model805"
0.473245614035088	0.024239924801433	0.512719298245614	0.024239924801433	0.960526315789474	0	"model806"
0.207456140350877	0.0285031483432367	0.207456140350877	0.0285031483432367	1	0	"model807"
0.423245614035088	0.0255952359649292	0.440789473684211	0.0255952359649292	0.982456140350877	0	"model808"
0.0521929824561403	0.0131497700712099	0.0521929824561403	0.0131497700712099	1	0	"model809"
0.00087719298245614	0.00184928518138502	0.00087719298245614	0.00184928518138502	1	0	"model810"
0.012280701754386	0.00452980508328353	0.012280701754386	0.00452980508328353	1	0	"model811"
0.00964912280701754	0.00452980508328353	0.00964912280701754	0.00452980508328353	1	0	"model812"
0.0771929824561403	0.020173319661591	0.0771929824561403	0.020173319661591	1	0	"model813"
0.0276315789473684	0.0111437654971693	0.0276315789473684	0.0111437654971693	1	0	"model814"
0.230701754385965	0.0279847628397787	0.230701754385965	0.0279847628397787	1	0	"model815"
0.431140350877193	0.0245553111352418	0.654824561403509	0.0245553111352418	0.776315789473684	0	"model816"
0.144736842105263	0.0226490254164176	0.144736842105263	0.0226490254164176	1	0	"model817"
0.0298245614035088	0.0109013753697703	0.0298245614035088	0.0109013753697703	1	0	"model818"
0	0	0	0	1	0	"model819"
0.0175438596491228	0.00800763972960769	0.0175438596491228	0.00800763972960769	1	0	"model820"
0.245175438596491	0.0276968658459556	0.245175438596491	0.0276968658459556	1	0	"model821"
0.161842105263158	0.0297793775381894	0.161842105263158	0.0297793775381894	1	0	"model822"
0	0	0	0	1	0	"model823"
0.228070175438596	0.027429331928792	0.228070175438596	0.027429331928792	1	0	"model824"
0.0135964912280702	0.00911840124532905	0.0135964912280702	0.00911840124532905	1	0	"model825"
0.0175438596491228	0.00827025475071985	0.0175438596491228	0.00827025475071985	1	0	"model826"
0.025	0.0147725942445253	0.025	0.0147725942445253	1	0	"model827"
0.142982456140351	0.0149380582157249	0.142982456140351	0.0149380582157249	1	0	"model828"
0.0157894736842105	0.00882052814561307	0.0157894736842105	0.00882052814561307	1	0	"model829"
0.179385964912281	0.0193347607755691	0.179385964912281	0.0193347607755691	1	0	"model830"
0.283333333333333	0.023951634404997	0.283333333333333	0.023951634404997	1	0	"model831"
0.155701754385965	0.0170808793063566	0.155701754385965	0.0170808793063566	1	0	"model832"
0.0280701754385965	0.0119131864254172	0.0280701754385965	0.0119131864254172	1	0	"model833"
0.0271929824561403	0.00577439112810862	0.0271929824561403	0.00577439112810862	1	0	"model834"
0.0105263157894737	0.00691939155918084	0.0105263157894737	0.00691939155918084	1	0	"model835"
0.492543859649123	0.0373336969965726	0.527631578947368	0.0373336969965726	0.964912280701754	0	"model836"
0.384649122807018	0.0173046558233044	0.40219298245614	0.0173046558233044	0.982456140350877	0	"model837"
0.240350877192982	0.0249653499486977	0.240350877192982	0.0249653499486977	1	0	"model838"
0.202631578947368	0.0356197481469966	0.202631578947368	0.0356197481469966	1	0	"model839"
0.144736842105263	0.0231160647673127	0.144736842105263	0.0231160647673127	1	0	"model840"
0.28640350877193	0.026481770254434	0.698684210526316	0.026481770254434	0.587719298245614	0	"model841"
0.142105263157895	0.0189720797631676	0.142105263157895	0.0189720797631676	1	0	"model842"
0.0179824561403509	0.00601017683950131	0.0179824561403509	0.00601017683950131	1	0	"model843"
0.251315789473684	0.0248150713026654	0.251315789473684	0.0248150713026654	1	0	"model844"
0.250877192982456	0.0305132054928528	0.250877192982456	0.0305132054928528	1	0	"model845"
0.49780701754386	0.0146563871752657	0.554824561403509	0.0146563871752657	0.942982456140351	0	"model846"
0.0166666666666667	0.00768065820851678	0.0166666666666667	0.00768065820851678	1	0	"model847"
0.171929824561403	0.0266226424329591	0.171929824561403	0.0266226424329591	1	0	"model848"
0.123684210526316	0.019483428361354	0.123684210526316	0.019483428361354	1	0	"model849"
0.146929824561403	0.0152285574970758	0.146929824561403	0.0152285574970758	1	0	"model850"
0.0675438596491228	0.0182836236267409	0.0675438596491228	0.0182836236267409	1	0	"model851"
0.101315789473684	0.0159417071035485	0.101315789473684	0.0159417071035485	1	0	"model852"
0.0171052631578947	0.0128205621452595	0.0171052631578947	0.0128205621452595	1	0	"model853"
0.228070175438596	0.0323624906742378	0.228070175438596	0.0323624906742378	1	0	"model854"
0.491228070175439	0.0231160647673127	0.557017543859649	0.0231160647673127	0.934210526315789	0	"model855"
0.172368421052632	0.0198367624480535	0.172368421052632	0.0198367624480535	1	0	"model856"
0.00789473684210526	0.00710231450379598	0.00789473684210526	0.00710231450379598	1	0	"model857"
0.221052631578947	0.0255910602187615	0.221052631578947	0.0255910602187615	1	0	"model858"
0.165350877192982	0.0297506537528333	0.165350877192982	0.0297506537528333	1	0	"model859"
0.106578947368421	0.0188420744080101	0.106578947368421	0.0188420744080101	1	0	"model860"
0.129824561403509	0.0159081526417958	0.129824561403509	0.0159081526417958	1	0	"model861"
0.235964912280702	0.0311372620163138	0.235964912280702	0.0311372620163138	1	0	"model862"
0.179385964912281	0.0349320376669586	0.179385964912281	0.0349320376669586	1	0	"model863"
0.13640350877193	0.0203053281350487	0.13640350877193	0.0203053281350487	1	0	"model864"
0.0206140350877193	0.00902415167369062	0.0206140350877193	0.00902415167369062	1	0	"model865"
0.00657894736842105	0.00426239173599803	0.00657894736842105	0.00426239173599803	1	0	"model866"
0.0407894736842105	0.0117050402931275	0.0407894736842105	0.0117050402931275	1	0	"model867"
0.00701754385964912	0.00627123116652843	0.00701754385964912	0.00627123116652843	1	0	"model868"
0.121491228070175	0.0154791355936449	0.121491228070175	0.0154791355936449	1	0	"model869"
0.278070175438596	0.0377974167264535	0.278070175438596	0.0377974167264535	1	0	"model870"
0.146929824561403	0.0189777119674666	0.146929824561403	0.0189777119674666	1	0	"model871"
0.00394736842105263	0.00323624906742378	0.00394736842105263	0.00323624906742378	1	0	"model872"
0.00087719298245614	0.00184928518138502	0.00087719298245614	0.00184928518138502	1	0	"model873"
0.296491228070175	0.0285143944073331	0.673684210526316	0.0285143944073331	0.62280701754386	0	"model874"
0.183771929824561	0.0285331279974279	0.183771929824561	0.0285331279974279	1	0	"model875"
0.062280701754386	0.0188136934995853	0.062280701754386	0.0188136934995853	1	0	"model876"
0.208333333333333	0.0185217243557309	0.208333333333333	0.0185217243557309	1	0	"model877"
0.31359649122807	0.0350420023807219	0.331140350877193	0.0350420023807219	0.982456140350877	0	"model878"
0	0	0	0	1	0	"model879"
0.442105263157895	0.0244462631182204	0.47719298245614	0.0244462631182205	0.964912280701754	0	"model880"
0.117105263157895	0.0260750850007351	0.117105263157895	0.0260750850007351	1	0	"model881"
0.0618421052631579	0.0140913225263409	0.0618421052631579	0.0140913225263409	1	0	"model882"
0.148684210526316	0.0212315738252141	0.148684210526316	0.0212315738252141	1	0	"model883"
0.258771929824561	0.0125764989284249	0.258771929824561	0.0125764989284249	1	0	"model884"
0.204824561403509	0.0269616964122123	0.204824561403509	0.0269616964122123	1	0	"model885"
0.0171052631578947	0.00957574438234667	0.0171052631578947	0.00957574438234667	1	0	"model886"
0.492543859649123	0.0257451117570911	0.527631578947368	0.0257451117570911	0.964912280701754	0	"model887"
0.118859649122807	0.0240629240777986	0.118859649122807	0.0240629240777986	1	0	"model888"
0.00482456140350877	0.00323624906742378	0.00482456140350877	0.00323624906742378	1	0	"model889"
0.180701754385965	0.0218614919795541	0.180701754385965	0.0218614919795541	1	0	"model890"
0.446491228070175	0.0250508187024607	0.47719298245614	0.0250508187024607	0.969298245614035	0	"model891"
0.0263157894736842	0.00620269106303989	0.0263157894736842	0.00620269106303989	1	0	"model892"
0.00833333333333333	0.00482677602901146	0.00833333333333333	0.00482677602901146	1	0	"model893"
0.206140350877193	0.0242883738681815	0.206140350877193	0.0242883738681815	1	0	"model894"
0.275438596491228	0.0244462631182204	0.275438596491228	0.0244462631182204	1	0	"model895"
0.419298245614035	0.033415309069384	0.445614035087719	0.033415309069384	0.973684210526316	0	"model896"
0.278947368421053	0.0276002328465829	0.283333333333333	0.0276002328465829	0.995614035087719	0	"model897"
0.346052631578947	0.0388157206417821	0.350438596491228	0.0388157206417821	0.995614035087719	0	"model898"
0.19780701754386	0.0218272454677908	0.19780701754386	0.0218272454677908	1	0	"model899"
0.212719298245614	0.0257617107992779	0.212719298245614	0.0257617107992779	1	0	"model900"
0.283771929824561	0.0324317647256956	0.283771929824561	0.0324317647256956	1	0	"model901"
0.229824561403509	0.0213069435113879	0.229824561403509	0.0213069435113879	1	0	"model902"
0.22719298245614	0.0243586732159749	0.22719298245614	0.0243586732159749	1	0	"model903"
0.168421052631579	0.0134312094477846	0.168421052631579	0.0134312094477846	1	0	"model904"
0.141228070175439	0.0229117403791342	0.141228070175439	0.0229117403791342	1	0	"model905"
0.159210526315789	0.0205771932400606	0.159210526315789	0.0205771932400606	1	0	"model906"
0.498245614035088	0.0319102182590837	0.550877192982456	0.0319102182590838	0.947368421052632	0	"model907"
0.395175438596491	0.0305587032151359	0.421491228070175	0.0305587032151359	0.973684210526316	0	"model908"
0.192543859649123	0.0255283420616835	0.192543859649123	0.0255283420616835	1	0	"model909"
0.304385964912281	0.0335429950870175	0.321929824561404	0.0335429950870175	0.982456140350877	0	"model910"
0.0605263157894737	0.0139923814198894	0.0605263157894737	0.0139923814198894	1	0	"model911"
0	0	0	0	1	0	"model912"
0.0899122807017544	0.0207014652902139	0.0899122807017544	0.0207014652902139	1	0	"model913"
0.219298245614035	0.0294582480696051	0.219298245614035	0.0294582480696051	1	0	"model914"
0.0140350877192982	0.00403042361172229	0.0140350877192982	0.00403042361172229	1	0	"model915"
0.223245614035088	0.0198798156998889	0.223245614035088	0.0198798156998889	1	0	"model916"
0.162719298245614	0.0286825562410819	0.162719298245614	0.0286825562410819	1	0	"model917"
0.108771929824561	0.0163847084516046	0.108771929824561	0.0163847084516046	1	0	"model918"
0.18859649122807	0.0295307161940412	0.18859649122807	0.0295307161940412	1	0	"model919"
0.228947368421053	0.00987248129598487	0.228947368421053	0.00987248129598487	1	0	"model920"
0.025	0.00853731071383417	0.025	0.00853731071383417	1	0	"model921"
0.148684210526316	0.0234328952106992	0.148684210526316	0.0234328952106992	1	0	"model922"
0.407456140350877	0.0239739336691184	0.661842105263158	0.0239739336691183	0.745614035087719	0	"model923"
0.356578947368421	0.0290968730673497	0.374122807017544	0.0290968730673497	0.982456140350877	0	"model924"
0.325438596491228	0.021665068482857	0.329824561403509	0.021665068482857	0.995614035087719	0	"model925"
0.268859649122807	0.0383503804971857	0.268859649122807	0.0383503804971857	1	0	"model926"
0.223245614035088	0.0179592633205578	0.223245614035088	0.0179592633205578	1	0	"model927"
0.298684210526316	0.0164692836451917	0.298684210526316	0.0164692836451917	1	0	"model928"
0.206578947368421	0.0281560880682054	0.206578947368421	0.0281560880682054	1	0	"model929"
0.323684210526316	0.0351364184463153	0.341228070175439	0.0351364184463153	0.982456140350877	0	"model930"
0.226315789473684	0.0235919798291746	0.226315789473684	0.0235919798291746	1	0	"model931"
0.0421052631578947	0.00751183191734803	0.0421052631578947	0.00751183191734803	1	0	"model932"
0.00701754385964912	0.00514819206481258	0.00701754385964912	0.00514819206481258	1	0	"model933"
0	0	0	0	1	0	"model934"
0.15219298245614	0.0170558340153098	0.15219298245614	0.0170558340153098	1	0	"model935"
0.275438596491228	0.0191514887646933	0.275438596491228	0.0191514887646933	1	0	"model936"
0.367982456140351	0.0187738881491135	0.372368421052632	0.0187738881491135	0.995614035087719	0	"model937"
0.190789473684211	0.0335461810104788	0.190789473684211	0.0335461810104788	1	0	"model938"
0.192543859649123	0.0158070618956439	0.192543859649123	0.0158070618956439	1	0	"model939"
0.154385964912281	0.0180008701422472	0.154385964912281	0.0180008701422472	1	0	"model940"
0.449122807017544	0.0228556985331729	0.484210526315789	0.0228556985331729	0.964912280701754	0	"model941"
0.173245614035088	0.0292580352283472	0.173245614035088	0.0292580352283472	1	0	"model942"
0.439912280701754	0.0314955852269218	0.470614035087719	0.0314955852269218	0.969298245614035	0	"model943"
0.00789473684210526	0.00452980508328353	0.00789473684210526	0.00452980508328353	1	0	"model944"
0.267105263157895	0.0184291729990139	0.271491228070175	0.0184291729990139	0.995614035087719	0	"model945"
0.182894736842105	0.0258280002901449	0.182894736842105	0.0258280002901449	1	0	"model946"
0.189035087719298	0.0271512916906465	0.189035087719298	0.0271512916906465	1	0	"model947"
0.192105263157895	0.0314786147072205	0.192105263157895	0.0314786147072205	1	0	"model948"
0.180263157894737	0.0254444773736012	0.180263157894737	0.0254444773736012	1	0	"model949"
0.0105263157894737	0.00691939155918084	0.0105263157894737	0.00691939155918084	1	0	"model950"
0.232456140350877	0.0180246023478625	0.232456140350877	0.0180246023478625	1	0	"model951"
0.125877192982456	0.0200511042994078	0.125877192982456	0.0200511042994078	1	0	"model952"
0.318859649122807	0.0221769699301009	0.318859649122807	0.0221769699301009	1	0	"model953"
0.270175438596491	0.026894227573256	0.270175438596491	0.026894227573256	1	0	"model954"
0.0434210526315789	0.0106333897929638	0.0434210526315789	0.0106333897929638	1	0	"model955"
0.140789473684211	0.0305587032151359	0.140789473684211	0.0305587032151359	1	0	"model956"
0.246052631578947	0.0276195864937593	0.246052631578947	0.0276195864937593	1	0	"model957"
0.131140350877193	0.0323261450200715	0.131140350877193	0.0323261450200715	1	0	"model958"
0.201315789473684	0.0171058879278114	0.201315789473684	0.0171058879278114	1	0	"model959"
0.149561403508772	0.0261895934531107	0.149561403508772	0.0261895934531107	1	0	"model960"
0.124122807017544	0.0166756413714724	0.124122807017544	0.0166756413714724	1	0	"model961"
0.142982456140351	0.0217044953916908	0.142982456140351	0.0217044953916908	1	0	"model962"
0.135087719298246	0.0263806867102689	0.135087719298246	0.0263806867102689	1	0	"model963"
0.296929824561403	0.0310169010632591	0.296929824561403	0.0310169010632591	1	0	"model964"
0.2	0.0145024523598096	0.2	0.0145024523598096	1	0	"model965"
0.284649122807018	0.0159417071035485	0.284649122807018	0.0159417071035485	1	0	"model966"
0.216666666666667	0.0222875309943386	0.216666666666667	0.0222875309943386	1	0	"model967"
0.149122807017544	0.0255743504159882	0.149122807017544	0.0255743504159882	1	0	"model968"
0.182456140350877	0.00995870547714994	0.182456140350877	0.00995870547714994	1	0	"model969"
0.161842105263158	0.0237949544308465	0.161842105263158	0.0237949544308465	1	0	"model970"
0.173684210526316	0.0186310319556421	0.173684210526316	0.0186310319556421	1	0	"model971"
0.157017543859649	0.0248795875861785	0.157017543859649	0.0248795875861785	1	0	"model972"
0.47719298245614	0.0269418701749461	0.657017543859649	0.0269418701749461	0.820175438596491	0	"model973"
0.178947368421053	0.0260545841051994	0.178947368421053	0.0260545841051994	1	0	"model974"
0.00087719298245614	0.00184928518138502	0.00087719298245614	0.00184928518138502	1	0	"model975"
0.0100877192982456	0.00464627151522535	0.0100877192982456	0.00464627151522535	1	0	"model976"
0.142105263157895	0.0277546841522439	0.142105263157895	0.0277546841522439	1	0	"model977"
0.192982456140351	0.0236643480354366	0.192982456140351	0.0236643480354366	1	0	"model978"
0.00350877192982456	0.00497935273857497	0.00350877192982456	0.00497935273857497	1	0	"model979"
0.0618421052631579	0.0117778561760952	0.0618421052631579	0.0117778561760952	1	0	"model980"
0.0241228070175439	0.00996943106504814	0.0241228070175439	0.00996943106504814	1	0	"model981"
0.0710526315789474	0.0138387831183617	0.0710526315789474	0.0138387831183617	1	0	"model982"
0.00043859649122807	0.00138696388603876	0.00043859649122807	0.00138696388603876	1	0	"model983"
0.0254385964912281	0.00987248129598487	0.0254385964912281	0.00987248129598487	1	0	"model984"
0.299561403508772	0.0281257065238101	0.317105263157895	0.0281257065238101	0.982456140350877	0	"model985"
0.0293859649122807	0.00970874720227134	0.0293859649122807	0.00970874720227134	1	0	"model986"
0.0679824561403509	0.0111820603368263	0.0679824561403509	0.0111820603368263	1	0	"model987"
0.0118421052631579	0.00687290015996676	0.0118421052631579	0.00687290015996676	1	0	"model988"
0.0228070175438596	0.00795407632089792	0.0228070175438596	0.00795407632089792	1	0	"model989"
0.00921052631578947	0.00482677602901146	0.00921052631578947	0.00482677602901146	1	0	"model990"
0.32280701754386	0.023318598874125	0.340350877192982	0.023318598874125	0.982456140350877	0	"model991"
0.154385964912281	0.0241825416703337	0.154385964912281	0.0241825416703337	1	0	"model992"
0.0219298245614035	0.0101289520910461	0.0219298245614035	0.0101289520910461	1	0	"model993"
0.0214912280701754	0.00838574877175438	0.0214912280701754	0.00838574877175438	1	0	"model994"
0.416228070175439	0.0303481446448201	0.425	0.0303481446448201	0.991228070175439	0	"model995"
0.0552631578947368	0.0129449962696951	0.0552631578947368	0.0129449962696951	1	0	"model996"
0.25219298245614	0.0142121506544032	0.25219298245614	0.0142121506544032	1	0	"model997"
0.155263157894737	0.0231345502278976	0.155263157894737	0.0231345502278976	1	0	"model998"
0.0236842105263158	0.00627123116652843	0.0236842105263158	0.00627123116652843	1	0	"model999"
0.00043859649122807	0.00138696388603876	0.00043859649122807	0.00138696388603876	1	0	"model1000"
