"TSS.MN"	"TSS.sd"	"speci.MN"	"speci.sd"	"sensi.MN"	"sensi.sd"	"model"
0.588590604026846	0.0148937218998577	0.597539149888143	0.0148937218998577	0.991051454138702	0	"model1"
0.209619686800895	0.0171692025542281	0.209619686800895	0.0171692025542281	1	0	"model2"
0.28255033557047	0.0197310983337227	0.28255033557047	0.0197310983337227	1	0	"model3"
0.532438478747204	0.021144588931779	0.536912751677852	0.021144588931779	0.995525727069351	0	"model4"
0.176062639821029	0.0116029552392751	0.176062639821029	0.0116029552392751	1	0	"model5"
0.686800894854586	0.0227166983023532	0.720357941834452	0.0227166983023532	0.966442953020134	0	"model6"
0.186353467561521	0.00150995203067238	0.998434004474273	0.00150995203067238	0.187919463087248	0	"model7"
0.393736017897092	0.0090104742532398	0.393736017897092	0.0090104742532398	1	0	"model8"
0.185458612975392	0.00195882558338012	0.995302013422819	0.00195882558338012	0.190156599552573	0	"model9"
0.551006711409396	0.0207744753109197	0.555480984340045	0.0207744753109197	0.995525727069351	0	"model10"
0.186577181208054	0.00188651911121157	0.996420581655481	0.00188651911121154	0.190156599552573	0	"model11"
0.581879194630872	0.0172467600469142	0.59082774049217	0.0172467600469142	0.991051454138702	0	"model12"
0.703803131991051	0.0184840368499086	0.782102908277405	0.0184840368499086	0.921700223713647	0	"model13"
0.191275167785235	0.00241638355645334	0.996644295302013	0.00241638355645333	0.194630872483221	0	"model14"
0.222595078299776	0.0151821573985849	0.222595078299776	0.0151821573985849	1	0	"model15"
0.738702460850112	0.01269025943993	0.884116331096197	0.01269025943993	0.854586129753915	0	"model16"
0.183892617449664	0.00176467704193874	0.995973154362416	0.00176467704193871	0.187919463087248	0	"model17"
0.395973154362416	0.0202031576199017	0.395973154362416	0.0202031576199017	1	0	"model18"
0.182102908277405	0.0192792192698689	0.182102908277405	0.0192792192698689	1	0	"model19"
0.178747203579418	0.0162507087543675	0.178747203579418	0.0162507087543675	1	0	"model20"
0.691498881431767	0.00749060343257132	0.948769574944072	0.00749060343257132	0.742729306487696	0	"model21"
0.182102908277405	0.0170766455319521	0.182102908277405	0.0170766455319521	1	0	"model22"
0.700671140939597	0.0109495330905161	0.928859060402685	0.0109495330905161	0.771812080536913	0	"model23"
0.739597315436242	0.012881624388778	0.87158836689038	0.012881624388778	0.868008948545861	0	"model24"
0.500671140939597	0.0185020788618661	0.500671140939597	0.0185020788618661	1	0	"model25"
0.215883668903803	0.0197930043847681	0.215883668903803	0.0197930043847681	1	0	"model26"
0.683668903803132	0.0131380853366415	0.940939597315436	0.0131380853366415	0.742729306487696	0	"model27"
0.594854586129754	0.0186114576141721	0.603803131991051	0.0186114576141721	0.991051454138702	0	"model28"
0.536465324384787	0.0266335144183579	0.540939597315436	0.0266335144183579	0.995525727069351	0	"model29"
0.122147651006711	0.0136365452058613	0.122147651006711	0.0136365452058613	1	0	"model30"
0.431096196868009	0.0162712273341997	0.431096196868009	0.0162712273341997	1	0	"model31"
0.432885906040268	0.0220016681460581	0.432885906040268	0.0220016681460581	1	0	"model32"
0.697091722595078	0.0147718783169746	0.786577181208054	0.0147718783169747	0.910514541387025	0	"model33"
0.570469798657718	0.0246649297666536	0.577181208053691	0.0246649297666536	0.993288590604027	0	"model34"
0.64586129753915	0.0241419631474966	0.657046979865772	0.0241419631474966	0.988814317673378	0	"model35"
0.594183445190157	0.0192503538258166	0.603131991051454	0.0192503538258166	0.991051454138702	0	"model36"
0.724832214765101	0.0170048534690401	0.892617449664429	0.0170048534690401	0.832214765100671	0	"model37"
0.50089485458613	0.0249440437216789	0.503131991051454	0.0249440437216789	0.997762863534676	0	"model38"
0.283668903803132	0.0228582367327871	0.283668903803132	0.0228582367327871	1	0	"model39"
0.559060402684564	0.0217781146274788	0.563534675615213	0.0217781146274788	0.995525727069351	0	"model40"
0.447203579418345	0.0201328471921232	0.447203579418345	0.0201328471921232	1	0	"model41"
0.505816554809843	0.0142448589676738	0.510290827740492	0.0142448589676738	0.995525727069351	0	"model42"
0.680984340044743	0.00651805320907148	0.938255033557047	0.00651805320907148	0.742729306487696	0	"model43"
0.524608501118568	0.025751374570965	0.529082774049217	0.025751374570965	0.995525727069351	0	"model44"
0.708948545861298	0.0126309639688896	0.912527964205817	0.0126309639688896	0.796420581655481	0	"model45"
0.611856823266219	0.0228204977600289	0.62751677852349	0.0228204977600289	0.984340044742729	0	"model46"
0.256823266219239	0.0179529330181109	0.256823266219239	0.0179529330181109	1	0	"model47"
0.409843400447427	0.0167677486324298	0.409843400447427	0.0167677486324298	1	0	"model48"
0.533333333333333	0.0225988926769584	0.537807606263982	0.0225988926769585	0.995525727069351	0	"model49"
0.551901565995526	0.0214850529864582	0.556375838926174	0.0214850529864582	0.995525727069351	0	"model50"
0.713199105145414	0.0151289540974386	0.923489932885906	0.0151289540974386	0.789709172259508	0	"model51"
0.417225950782998	0.0256648514382596	0.417225950782998	0.0256648514382596	1	0	"model52"
0.717002237136465	0.0170130269150631	0.831096196868009	0.0170130269150631	0.885906040268456	0	"model53"
0.687472035794183	0.0230339367563849	0.73668903803132	0.0230339367563849	0.950782997762864	0	"model54"
0	0	1	0	0	0	"model55"
0.403355704697987	0.0289975615439498	0.403355704697987	0.0289975615439498	1	0	"model56"
0.7082774049217	0.0161735322436701	0.791051454138702	0.01617353224367	0.917225950782998	0	"model57"
0.479865771812081	0.00462702223937019	0.985458612975392	0.00462702223937021	0.494407158836689	0	"model58"
0.117225950782998	0.00156421901293088	0.998657718120805	0.00156421901293087	0.118568232662192	0	"model59"
0.703131991051454	0.0074608491801824	0.938031319910515	0.0074608491801824	0.76510067114094	0	"model60"
0.186129753914989	0.00205578654020735	0.99821029082774	0.00205578654020732	0.187919463087248	0	"model61"
0.700447427293065	0.0130211677630064	0.792170022371365	0.0130211677630063	0.9082774049217	0	"model62"
0.0371364653243848	0.0103436485514689	0.0371364653243848	0.0103436485514689	1	0	"model63"
0.472259507829978	0.0183708728326041	0.472259507829978	0.0183708728326041	1	0	"model64"
0.411633109619687	0.021065543462827	0.411633109619687	0.021065543462827	1	0	"model65"
0.683221476510067	0.010713369125171	0.94496644295302	0.0107133691251711	0.738255033557047	0	"model66"
0.113422818791946	0.0155727124878798	0.113422818791946	0.0155727124878798	1	0	"model67"
0.597539149888143	0.0221828999121495	0.606487695749441	0.0221828999121495	0.991051454138702	0	"model68"
0.396420581655481	0.0230761466813917	0.396420581655481	0.0230761466813917	1	0	"model69"
0.0458612975391499	0.0100186643121136	0.0458612975391499	0.0100186643121136	1	0	"model70"
0.0302013422818792	0.00926905510414322	0.0302013422818792	0.00926905510414322	1	0	"model71"
0.596196868008949	0.0177175307539399	0.605145413870246	0.0177175307539399	0.991051454138702	0	"model72"
0.452348993288591	0.0209012355452407	0.452348993288591	0.0209012355452407	1	0	"model73"
0.696420581655481	0.0237705618955517	0.754586129753915	0.0237705618955517	0.941834451901566	0	"model74"
0.700671140939597	0.0188002301734907	0.787919463087248	0.0188002301734907	0.912751677852349	0	"model75"
0.738478747203579	0.0161132505123289	0.892841163310962	0.0161132505123289	0.845637583892617	0	"model76"
0.123489932885906	0.0166345634524667	0.123489932885906	0.0166345634524667	1	0	"model77"
0.694183445190157	0.0191881460792997	0.729977628635347	0.0191881460792997	0.96420581655481	0	"model78"
0.672259507829978	0.0075497601533619	0.965324384787472	0.0075497601533619	0.706935123042506	0	"model79"
0.648993288590604	0.00997416141886515	0.955480984340045	0.00997416141886514	0.693512304250559	0	"model80"
0.286800894854586	0.0192965178101547	0.286800894854586	0.0192965178101547	1	0	"model81"
0.411409395973154	0.0224569578107657	0.411409395973154	0.0224569578107657	1	0	"model82"
0.508053691275168	0.0232597650658972	0.512527964205817	0.0232597650658971	0.995525727069351	0	"model83"
0.505145413870246	0.00346575690935785	0.983892617449664	0.00346575690935788	0.521252796420582	0	"model84"
0.389261744966443	0.0251339292264768	0.389261744966443	0.0251339292264768	1	0	"model85"
0.368903803131991	0.0174072283347636	0.368903803131991	0.0174072283347636	1	0	"model86"
0.43579418344519	0.0255247151202941	0.43579418344519	0.0255247151202941	1	0	"model87"
0.73668903803132	0.0148038419426369	0.86420581655481	0.0148038419426369	0.87248322147651	0	"model88"
0.702237136465324	0.0154075753232632	0.7917225950783	0.0154075753232632	0.910514541387025	0	"model89"
0.41744966442953	0.026390204257051	0.41744966442953	0.026390204257051	1	0	"model90"
0.301342281879195	0.0187483959690493	0.301342281879195	0.0187483959690493	1	0	"model91"
0.502237136465324	0.0220016681460581	0.506711409395973	0.0220016681460581	0.995525727069351	0	"model92"
0.217002237136465	0.00149142431021626	0.995525727069351	0.00149142431021624	0.221476510067114	0	"model93"
0.6834451901566	0.0240311454799732	0.73489932885906	0.0240311454799732	0.948545861297539	0	"model94"
0.574496644295302	0.0238114660614213	0.581208053691275	0.0238114660614213	0.993288590604027	0	"model95"
0.720805369127517	0.0220408091894541	0.866219239373602	0.022040809189454	0.854586129753915	0	"model96"
0.0912751677852349	0.0122442211792834	0.0912751677852349	0.0122442211792834	1	0	"model97"
0.198657718120805	0.0251516229486446	0.198657718120805	0.0251516229486446	1	0	"model98"
0.729530201342282	0.00997416141886515	0.895078299776286	0.00997416141886515	0.834451901565996	0	"model99"
0.397986577181208	0.0305732889408409	0.397986577181208	0.0305732889408409	1	0	"model100"
0.303131991051454	0.0193382587321252	0.303131991051454	0.0193382587321252	1	0	"model101"
0.421252796420582	0.0115067034293718	0.421252796420582	0.0115067034293718	1	0	"model102"
0.698434004474273	0.0279179333793828	0.758836689038031	0.0279179333793828	0.939597315436242	0	"model103"
0.366666666666667	0.00372109618191637	0.986353467561521	0.00372109618191639	0.380313199105145	0	"model104"
0.687248322147651	0.0120149942199092	0.778970917225951	0.0120149942199092	0.9082774049217	0	"model105"
0.438926174496644	0.0133730122424817	0.438926174496644	0.0133730122424817	1	0	"model106"
0.211409395973154	0.00241638355645334	0.996644295302013	0.00241638355645333	0.214765100671141	0	"model107"
0.297539149888143	0.0212233400011301	0.297539149888143	0.0212233400011301	1	0	"model108"
0.635123042505593	0.0108807555358515	0.655257270693512	0.0108807555358515	0.979865771812081	0	"model109"
0.159507829977629	0.00184177315961647	0.998434004474273	0.00184177315961646	0.161073825503356	0	"model110"
0.712751677852349	0.00870920287585769	0.923042505592841	0.00870920287585767	0.789709172259508	0	"model111"
0.605145413870246	0.00608109859444449	0.976510067114094	0.00608109859444446	0.628635346756152	0	"model112"
0.295973154362416	0.0185095911764644	0.295973154362416	0.0185095911764644	1	0	"model113"
0.58993288590604	0.0185396099947221	0.598881431767338	0.0185396099947221	0.991051454138702	0	"model114"
0.704474272930649	0.0190543683461931	0.800671140939597	0.0190543683461931	0.903803131991051	0	"model115"
0.198657718120805	0.00330140844462023	0.995078299776286	0.00330140844462023	0.203579418344519	0	"model116"
0.260402684563758	0.0151436495395603	0.260402684563758	0.0151436495395603	1	0	"model117"
0.645413870246085	0.00519328421968088	0.969798657718121	0.00519328421968088	0.675615212527964	0	"model118"
0.546979865771812	0.0246254432900199	0.551454138702461	0.0246254432900199	0.995525727069351	0	"model119"
0.676510067114094	0.0137986976957141	0.940492170022371	0.0137986976957141	0.736017897091723	0	"model120"
0.724161073825503	0.0148787796117719	0.905369127516779	0.0148787796117719	0.818791946308725	0	"model121"
0.336017897091723	0.0166345634524667	0.336017897091723	0.0166345634524667	1	0	"model122"
0.534451901565996	0.032306639779498	0.538926174496644	0.032306639779498	0.995525727069351	0	"model123"
0.67248322147651	0.0222016931435387	0.706040268456376	0.0222016931435387	0.966442953020134	0	"model124"
0.651230425055928	0.0186413123937313	0.680313199105145	0.0186413123937313	0.970917225950783	0	"model125"
0.11834451901566	0.011811948718372	0.11834451901566	0.011811948718372	1	0	"model126"
0.243176733780761	0.00317256485998249	0.994854586129754	0.0031725648599825	0.248322147651007	0	"model127"
0.198881431767338	0.0203799189201123	0.198881431767338	0.0203799189201123	1	0	"model128"
0.720805369127517	0.0148319879378993	0.895302013422819	0.0148319879378993	0.825503355704698	0	"model129"
0.433780760626398	0.0274488935861205	0.433780760626398	0.0274488935861205	1	0	"model130"
0.6165548098434	0.0163445407222043	0.625503355704698	0.0163445407222043	0.991051454138702	0	"model131"
0.675838926174497	0.0128058558374517	0.942058165548098	0.0128058558374517	0.733780760626398	0	"model132"
0.350559284116331	0.0262391090185533	0.350559284116331	0.0262391090185533	1	0	"model133"
0.562639821029083	0.0289245970965242	0.569351230425056	0.0289245970965242	0.993288590604027	0	"model134"
0.703803131991051	0.0162421516958234	0.761968680089485	0.0162421516958234	0.941834451901566	0	"model135"
0.200447427293065	0.00216127915677694	0.996868008948546	0.00216127915677693	0.203579418344519	0	"model136"
0.714765100671141	0.00762306051463865	0.925055928411633	0.00762306051463864	0.789709172259508	0	"model137"
0.714988814317673	0.0176530717123643	0.923042505592841	0.0176530717123643	0.791946308724832	0	"model138"
0.710290827740492	0.0146604051091256	0.768456375838926	0.0146604051091256	0.941834451901566	0	"model139"
0.677852348993289	0.0190120041520984	0.715883668903803	0.0190120041520984	0.961968680089485	0	"model140"
0.242729306487696	0.00190120041520983	0.994407158836689	0.00190120041520984	0.248322147651007	0	"model141"
0.339149888143177	0.0173672502645902	0.339149888143177	0.0173672502645902	1	0	"model142"
0.634228187919463	0.0203471493656111	0.656599552572707	0.0203471493656111	0.977628635346756	0	"model143"
0.690604026845638	0.0158558115567316	0.724161073825503	0.0158558115567316	0.966442953020134	0	"model144"
0.693959731543624	0.025217863840152	0.801342281879195	0.025217863840152	0.89261744966443	0	"model145"
0.703803131991051	0.0121713382628505	0.826845637583893	0.0121713382628505	0.876957494407159	0	"model146"
0.517673378076063	0.0218736582757589	0.522147651006711	0.021873658275759	0.995525727069351	0	"model147"
0.466666666666667	0.0286919959169069	0.466666666666667	0.0286919959169069	1	0	"model148"
0.633333333333333	0.0249885906697863	0.644519015659955	0.0249885906697863	0.988814317673378	0	"model149"
0.674049217002237	0.0205050504041929	0.707606263982103	0.0205050504041929	0.966442953020134	0	"model150"
0.647427293064877	0.0167146019103617	0.67427293064877	0.0167146019103617	0.973154362416107	0	"model151"
0.526845637583893	0.0045052371266199	0.980984340044743	0.0045052371266199	0.54586129753915	0	"model152"
0.327293064876957	0.0220975034677713	0.327293064876957	0.0220975034677713	1	0	"model153"
0.717002237136465	0.0143537483631023	0.900447427293065	0.0143537483631023	0.8165548098434	0	"model154"
0.660626398210291	0.0254647325839415	0.70089485458613	0.0254647325839416	0.959731543624161	0	"model155"
0.530872483221477	0.0152114312891538	0.535346756152125	0.0152114312891538	0.995525727069351	0	"model156"
0.729753914988814	0.00689934884785707	0.924384787472036	0.00689934884785705	0.805369127516778	0	"model157"
0.67427293064877	0.0092058460026911	0.707829977628635	0.00920584600269111	0.966442953020134	0	"model158"
0.121029082774049	0.0146300286867264	0.121029082774049	0.0146300286867264	1	0	"model159"
0.27158836689038	0.0152169138740459	0.27158836689038	0.0152169138740459	1	0	"model160"
0.698881431767338	0.0182722304498634	0.788366890380313	0.0182722304498634	0.910514541387025	0	"model161"
0.620134228187919	0.0195257006401827	0.629082774049217	0.0195257006401827	0.991051454138702	0	"model162"
0.338031319910515	0.0185516039212523	0.338031319910515	0.0185516039212523	1	0	"model163"
0.122147651006711	0.010015888674351	0.122147651006711	0.010015888674351	1	0	"model164"
0.535346756152125	0.0242797739700022	0.539821029082774	0.0242797739700022	0.995525727069351	0	"model165"
0.465995525727069	0.0265131871747382	0.465995525727069	0.0265131871747382	1	0	"model166"
0.176286353467562	0.0177347847829318	0.176286353467562	0.0177347847829318	1	0	"model167"
0.420357941834452	0.0238732732374738	0.420357941834452	0.0238732732374738	1	0	"model168"
0.503131991051454	0.0228983421315267	0.503131991051454	0.0228983421315267	1	0	"model169"
0.674049217002237	0.00683863177814193	0.964876957494407	0.00683863177814191	0.70917225950783	0	"model170"
0.450111856823266	0.0249295488243423	0.450111856823266	0.0249295488243423	1	0	"model171"
0.279642058165548	0.0178970917225951	0.279642058165548	0.0178970917225951	1	0	"model172"
0.736241610738255	0.0163530442037234	0.88165548098434	0.0163530442037234	0.854586129753915	0	"model173"
0.517897091722595	0.0154724041172606	0.522371364653244	0.0154724041172606	0.995525727069351	0	"model174"
0.417002237136465	0.0255986810397811	0.417002237136465	0.0255986810397811	1	0	"model175"
0.723713646532439	0.010346336260635	0.907158836689038	0.010346336260635	0.8165548098434	0	"model176"
0.138478747203579	0.0119523492349875	0.138478747203579	0.0119523492349875	1	0	"model177"
0.704697986577181	0.00823665996807404	0.76510067114094	0.00823665996807402	0.939597315436242	0	"model178"
0.598657718120805	0.00496892803846615	0.981208053691275	0.00496892803846615	0.61744966442953	0	"model179"
0.595302013422819	0.0204616132037532	0.604250559284116	0.0204616132037532	0.991051454138702	0	"model180"
0.227740492170022	0.022760718213315	0.227740492170022	0.022760718213315	1	0	"model181"
0.726398210290828	0.0110632122226119	0.853914988814318	0.0110632122226119	0.87248322147651	0	"model182"
0.706263982102908	0.0128318840265772	0.804697986577181	0.0128318840265771	0.901565995525727	0	"model183"
0.267561521252796	0.0251825570481228	0.267561521252796	0.0251825570481228	1	0	"model184"
0.201342281879195	0.0198140645124331	0.201342281879195	0.0198140645124331	1	0	"model185"
0.718120805369127	0.0170048534690401	0.845637583892617	0.0170048534690401	0.87248322147651	0	"model186"
0.57337807606264	0.0217423373673677	0.582326621923937	0.0217423373673677	0.991051454138702	0	"model187"
0.663534675615213	0.00961939776083348	0.961073825503356	0.00961939776083348	0.702460850111857	0	"model188"
0.515659955257271	0.0190193150557149	0.520134228187919	0.0190193150557149	0.995525727069351	0	"model189"
0.39910514541387	0.0278461340319274	0.39910514541387	0.0278461340319274	1	0	"model190"
0.714317673378076	0.0118401620118722	0.908948545861298	0.0118401620118722	0.805369127516778	0	"model191"
0.262863534675615	0.019877111014559	0.262863534675615	0.019877111014559	1	0	"model192"
0.712080536912752	0.0187187119796132	0.826174496644295	0.0187187119796132	0.885906040268456	0	"model193"
0.420134228187919	0.0256984137227298	0.420134228187919	0.0256984137227298	1	0	"model194"
0.160178970917226	0.00115525230311928	0.99910514541387	0.00115525230311931	0.161073825503356	0	"model195"
0.328859060402685	0.00605819418690228	0.988814317673378	0.0060581941869023	0.340044742729307	0	"model196"
0.395973154362416	0.0224705729654278	0.395973154362416	0.0224705729654278	1	0	"model197"
0.710961968680089	0.0198365040037831	0.775838926174497	0.0198365040037831	0.935123042505593	0	"model198"
0.662639821029083	0.00648383747033085	0.940044742729306	0.00648383747033085	0.722595078299776	0	"model199"
0.658165548098434	0.0122895535119777	0.948993288590604	0.0122895535119777	0.70917225950783	0	"model200"
0.0883668903803132	0.0135157113798597	0.0883668903803132	0.0135157113798597	1	0	"model201"
0.729306487695749	0.0175836332923961	0.885906040268456	0.0175836332923961	0.843400447427293	0	"model202"
0.694407158836689	0.00598431100603692	0.938255033557047	0.00598431100603696	0.756152125279642	0	"model203"
0.293288590604027	0.0212351274721866	0.293288590604027	0.0212351274721866	1	0	"model204"
0.725055928411633	0.0129354730659242	0.861521252796421	0.0129354730659242	0.863534675615213	0	"model205"
0.679642058165548	0.0242281867718605	0.731096196868009	0.0242281867718605	0.948545861297539	0	"model206"
0.731543624161074	0.014188141379896	0.859060402684564	0.0141881413798959	0.87248322147651	0	"model207"
0.617673378076063	0.0205970503005349	0.644519015659955	0.020597050300535	0.973154362416107	0	"model208"
0.645637583892617	0.0212285796851998	0.67248322147651	0.0212285796851998	0.973154362416107	0	"model209"
0.702237136465324	0.0129783911435818	0.932662192393736	0.0129783911435818	0.769574944071588	0	"model210"
0.3917225950783	0.0204616132037532	0.3917225950783	0.0204616132037532	1	0	"model211"
0.567785234899329	0.0325185226188654	0.574496644295302	0.0325185226188654	0.993288590604027	0	"model212"
0.175391498881432	0.0164462923216587	0.175391498881432	0.0164462923216587	1	0	"model213"
0.641387024608501	0.0262391090185533	0.670469798657718	0.0262391090185533	0.970917225950783	0	"model214"
0.628859060402685	0.0241050805316349	0.653467561521253	0.0241050805316349	0.975391498881432	0	"model215"
0.205592841163311	0.0299856040974745	0.205592841163311	0.0299856040974745	1	0	"model216"
0.452796420581655	0.00616735962062202	0.982997762863535	0.00616735962062203	0.469798657718121	0	"model217"
0.722595078299776	0.0219953485514581	0.812080536912752	0.021995348551458	0.910514541387025	0	"model218"
0.689261744966443	0.0212874372631635	0.742953020134228	0.0212874372631634	0.946308724832215	0	"model219"
0.15413870246085	0.000707444666704337	0.997539149888143	0.000707444666704311	0.156599552572707	0	"model220"
0.695525727069351	0.0116698591600668	0.809619686800895	0.0116698591600668	0.885906040268456	0	"model221"
0.37248322147651	0.0197085388313237	0.37248322147651	0.0197085388313237	1	0	"model222"
0.434675615212528	0.028592008280769	0.434675615212528	0.028592008280769	1	0	"model223"
0.672930648769575	0.00912088581740233	0.94586129753915	0.00912088581740231	0.727069351230425	0	"model224"
0.707382550335571	0.00936158378909782	0.928859060402685	0.00936158378909781	0.778523489932886	0	"model225"
0.366442953020134	0.0136202237814537	0.366442953020134	0.0136202237814537	1	0	"model226"
0.656599552572707	0.0248278475981901	0.6834451901566	0.0248278475981902	0.973154362416107	0	"model227"
0.711185682326622	0.0109824945938556	0.829753914988814	0.0109824945938556	0.881431767337808	0	"model228"
0.289038031319911	0.0148319879378993	0.289038031319911	0.0148319879378993	1	0	"model229"
0.629082774049217	0.0142194618184078	0.638031319910515	0.0142194618184078	0.991051454138702	0	"model230"
0.711633109619687	0.00878865355322065	0.939821029082774	0.00878865355322065	0.771812080536913	0	"model231"
0.462639821029083	0.0218125585522871	0.462639821029083	0.0218125585522871	1	0	"model232"
0.467114093959732	0.00556043307451372	0.983892617449664	0.00556043307451372	0.483221476510067	0	"model233"
0.506487695749441	0.027362657452207	0.510961968680089	0.027362657452207	0.995525727069351	0	"model234"
0.197315436241611	0.0115909674736617	0.197315436241611	0.0115909674736617	1	0	"model235"
0.566666666666667	0.00517182427573443	0.978299776286353	0.00517182427573443	0.588366890380313	0	"model236"
0.183668903803132	0.0209981208595209	0.183668903803132	0.0209981208595209	1	0	"model237"
0.211633109619687	0.0143905057814514	0.211633109619687	0.0143905057814514	1	0	"model238"
0.693736017897092	0.0215470814171813	0.745190156599553	0.0215470814171813	0.948545861297539	0	"model239"
0.684563758389262	0.00907197991095931	0.948545861297539	0.00907197991095931	0.736017897091723	0	"model240"
0.680313199105145	0.0117647762107445	0.946532438478747	0.0117647762107445	0.733780760626398	0	"model241"
0.229530201342282	0.0292676583756262	0.229530201342282	0.0292676583756262	1	0	"model242"
0.413870246085011	0.0258322268093792	0.413870246085011	0.0258322268093792	1	0	"model243"
0.648993288590604	0.0216500672180215	0.678076062639821	0.0216500672180215	0.970917225950783	0	"model244"
0.714093959731544	0.0148319879378993	0.828187919463087	0.0148319879378993	0.885906040268456	0	"model245"
0.676286353467561	0.0205592178487314	0.705369127516778	0.0205592178487314	0.970917225950783	0	"model246"
0.695078299776286	0.021920639745507	0.806935123042506	0.021920639745507	0.888143176733781	0	"model247"
0.634451901565996	0.0290004379532558	0.650111856823266	0.0290004379532557	0.984340044742729	0	"model248"
0.271140939597315	0.00525184693860076	0.989261744966443	0.00525184693860078	0.281879194630872	0	"model249"
0.618120805369128	0.0260049406168415	0.629306487695749	0.0260049406168415	0.988814317673378	0	"model250"
0.632214765100671	0.0241684377616163	0.661297539149888	0.0241684377616163	0.970917225950783	0	"model251"
0.549888143176734	0.020197651922124	0.556599552572707	0.020197651922124	0.993288590604027	0	"model252"
0.188366890380313	0.00205578654020735	0.99821029082774	0.00205578654020732	0.190156599552573	0	"model253"
0.63579418344519	0.0253717533748913	0.65592841163311	0.0253717533748913	0.979865771812081	0	"model254"
0.150559284116331	0.00108063957838848	0.998434004474273	0.00108063957838849	0.152125279642058	0	"model255"
0.4165548098434	0.0142974627426778	0.4165548098434	0.0142974627426778	1	0	"model256"
0.648322147651007	0.0308512213022632	0.659507829977629	0.0308512213022632	0.988814317673378	0	"model257"
0.322595078299776	0.019667583778207	0.322595078299776	0.019667583778207	1	0	"model258"
0.484787472035794	0.0275217292834907	0.484787472035794	0.0275217292834907	1	0	"model259"
0.152125279642058	0.0162353028016982	0.152125279642058	0.0162353028016982	1	0	"model260"
0.702013422818792	0.0209543788691227	0.760178970917226	0.0209543788691227	0.941834451901566	0	"model261"
0.504921700223714	0.0210668633176865	0.509395973154362	0.0210668633176864	0.995525727069351	0	"model262"
0.69821029082774	0.019286428880558	0.785458612975392	0.019286428880558	0.912751677852349	0	"model263"
0.68076062639821	0.00810393914207138	0.931319910514541	0.00810393914207138	0.749440715883669	0	"model264"
0.651677852348993	0.0199552907106724	0.682997762863535	0.0199552907106725	0.968680089485459	0	"model265"
0.697986577181208	0.0236050586000662	0.740492170022371	0.0236050586000662	0.957494407158837	0	"model266"
0.472035794183445	0.0241638355645334	0.472035794183445	0.0241638355645334	1	0	"model267"
0.721923937360179	0.0114096396673345	0.869574944071588	0.0114096396673345	0.852348993288591	0	"model268"
0.669127516778523	0.0227032307498302	0.702684563758389	0.0227032307498302	0.966442953020134	0	"model269"
0.631319910514541	0.0179529330181108	0.646979865771812	0.0179529330181109	0.984340044742729	0	"model270"
0.412080536912752	0.016866947379713	0.412080536912752	0.016866947379713	1	0	"model271"
0.707158836689038	0.0224321818126985	0.778747203579418	0.0224321818126985	0.92841163310962	0	"model272"
0.297762863534676	0.0161132505123289	0.297762863534676	0.0161132505123289	1	0	"model273"
0.553020134228188	0.0285482144405796	0.559731543624161	0.0285482144405796	0.993288590604027	0	"model274"
0.422595078299776	0.0104639120379783	0.422595078299776	0.0104639120379783	1	0	"model275"
0.157494407158837	0.0234917083239408	0.157494407158837	0.0234917083239408	1	0	"model276"
0.699328859060403	0.010015888674351	0.811185682326622	0.010015888674351	0.888143176733781	0	"model277"
0.490380313199105	0.0155637826674954	0.490380313199105	0.0155637826674954	1	0	"model278"
0.238478747203579	0.019047070897208	0.238478747203579	0.019047070897208	1	0	"model279"
0.300223713646532	0.00492395943899156	0.989261744966443	0.00492395943899156	0.310961968680089	0	"model280"
0.128635346756152	0.0122646414641301	0.128635346756152	0.0122646414641301	1	0	"model281"
0.687248322147651	0.0197240512609833	0.72751677852349	0.0197240512609833	0.959731543624161	0	"model282"
0.7	0.0160440797679382	0.742505592841163	0.0160440797679382	0.957494407158837	0	"model283"
0.502460850111857	0.00616735962062203	0.981208053691275	0.00616735962062205	0.521252796420582	0	"model284"
0.152125279642058	0.0133813262079988	0.152125279642058	0.0133813262079988	1	0	"model285"
0.217897091722595	0.00529403112581622	0.994183445190157	0.00529403112581622	0.223713646532438	0	"model286"
0.431096196868009	0.0220218786618787	0.431096196868009	0.0220218786618787	1	0	"model287"
0.618791946308725	0.00732166306257036	0.976733780760626	0.00732166306257036	0.642058165548098	0	"model288"
0.34586129753915	0.0226480528235385	0.34586129753915	0.0226480528235385	1	0	"model289"
0.540715883668904	0.0207208705891163	0.545190156599553	0.0207208705891163	0.995525727069351	0	"model290"
0.31006711409396	0.00368354631923295	0.990156599552573	0.00368354631923295	0.319910514541387	0	"model291"
0.721476510067114	0.0146982873560231	0.887024608501119	0.0146982873560231	0.834451901565996	0	"model292"
0.666890380313199	0.0173432191886481	0.693736017897092	0.0173432191886481	0.973154362416107	0	"model293"
0.708948545861298	0.0101400402227621	0.820805369127517	0.0101400402227621	0.888143176733781	0	"model294"
0.72013422818792	0.0209185219344339	0.894630872483221	0.0209185219344339	0.825503355704698	0	"model295"
0.308724832214765	0.018568082920192	0.308724832214765	0.018568082920192	1	0	"model296"
0.137807606263982	0.00156421901293088	0.99910514541387	0.00156421901293087	0.138702460850112	0	"model297"
0.580313199105145	0.0210708223862185	0.589261744966443	0.0210708223862185	0.991051454138702	0	"model298"
0.0738255033557047	0.0110103080240368	0.0738255033557047	0.0110103080240368	1	0	"model299"
0.606040268456376	0.0268756564287965	0.617225950782998	0.0268756564287965	0.988814317673378	0	"model300"
0.749217002237136	0.0151894811604187	0.876733780760626	0.0151894811604188	0.87248322147651	0	"model301"
0.678076062639821	0.0131908871141619	0.944295302013423	0.0131908871141619	0.733780760626398	0	"model302"
0.75503355704698	0.0155798526590426	0.88255033557047	0.0155798526590426	0.87248322147651	0	"model303"
0.680089485458613	0.0226431416117658	0.722595078299776	0.0226431416117658	0.957494407158837	0	"model304"
0.584340044742729	0.0163309259420639	0.591051454138702	0.0163309259420638	0.993288590604027	0	"model305"
0.709843400447427	0.0111133630337131	0.911185682326622	0.0111133630337131	0.798657718120805	0	"model306"
0.528187919463087	0.0181883459724187	0.532662192393736	0.0181883459724187	0.995525727069351	0	"model307"
0.157718120805369	0.0152916455290156	0.157718120805369	0.0152916455290156	1	0	"model308"
0.553020134228188	0.00565955733363471	0.980313199105145	0.0056595573336347	0.572706935123042	0	"model309"
0.670022371364653	0.0204833433181512	0.701342281879195	0.0204833433181512	0.968680089485459	0	"model310"
0.244742729306488	0.0101810876455636	0.244742729306488	0.0101810876455636	1	0	"model311"
0.314988814317673	0.0186219122314793	0.314988814317673	0.0186219122314793	1	0	"model312"
0.221700223713647	0.019141720737229	0.221700223713647	0.019141720737229	1	0	"model313"
0.735570469798658	0.0152022892537772	0.849664429530201	0.0152022892537772	0.885906040268456	0	"model314"
0.32572706935123	0.0185140971020823	0.32572706935123	0.0185140971020823	1	0	"model315"
0.0917225950782998	0.0110606987130435	0.0917225950782998	0.0110606987130435	1	0	"model316"
0.50738255033557	0.0224408565235544	0.511856823266219	0.0224408565235544	0.995525727069351	0	"model317"
0.427964205816555	0.0265969507107283	0.427964205816555	0.0265969507107283	1	0	"model318"
0.448769574944072	0.0286143659155606	0.448769574944072	0.0286143659155606	1	0	"model319"
0.760402684563758	0.0127623575601471	0.887919463087248	0.0127623575601471	0.87248322147651	0	"model320"
0.494407158836689	0.00623907551479549	0.984340044742729	0.00623907551479549	0.51006711409396	0	"model321"
0.672930648769575	0.0152022892537772	0.695302013422819	0.0152022892537772	0.977628635346756	0	"model322"
0.550335570469799	0.0150256835791274	0.557046979865772	0.0150256835791274	0.993288590604027	0	"model323"
0.69821029082774	0.0140878427753403	0.769798657718121	0.0140878427753403	0.92841163310962	0	"model324"
0.323042505592841	0.00529403112581621	0.989709172259508	0.0052940311258162	0.333333333333333	0	"model325"
0.359284116331096	0.0222517308295997	0.359284116331096	0.0222517308295997	1	0	"model326"
0.700223713646532	0.0136691295897266	0.787472035794183	0.0136691295897266	0.912751677852349	0	"model327"
0.685906040268456	0.0313766752380785	0.739597315436242	0.0313766752380785	0.946308724832215	0	"model328"
0.591498881431767	0.0137986976957141	0.600447427293065	0.0137986976957141	0.991051454138702	0	"model329"
0.677852348993289	0.0174566739906333	0.733780760626398	0.0174566739906333	0.94407158836689	0	"model330"
0.245637583892617	0.0239743848440389	0.245637583892617	0.0239743848440389	1	0	"model331"
0.162192393736018	0.0120358034239888	0.162192393736018	0.0120358034239888	1	0	"model332"
0.340939597315436	0.0194229030229378	0.340939597315436	0.0194229030229378	1	0	"model333"
0.661521252796421	0.0247560712149967	0.692841163310962	0.0247560712149967	0.968680089485459	0	"model334"
0.558836689038031	0.0221414986546108	0.565548098434004	0.0221414986546108	0.993288590604027	0	"model335"
0.650111856823266	0.0261573885379791	0.681431767337808	0.0261573885379791	0.968680089485459	0	"model336"
0.517002237136465	0.019286428880558	0.521476510067114	0.019286428880558	0.995525727069351	0	"model337"
0.715659955257271	0.016789291432461	0.80738255033557	0.016789291432461	0.9082774049217	0	"model338"
0.715212527964206	0.0188076233981162	0.842729306487696	0.0188076233981162	0.87248322147651	0	"model339"
0.506487695749441	0.0142350961956629	0.508724832214765	0.014235096195663	0.997762863534676	0	"model340"
0.26420581655481	0.00400885311132458	0.991275167785235	0.00400885311132456	0.272930648769575	0	"model341"
0.676957494407159	0.0077640060162985	0.954362416107382	0.0077640060162985	0.722595078299776	0	"model342"
0.465548098434004	0.0282279385596556	0.465548098434004	0.0282279385596556	1	0	"model343"
0.672930648769575	0.0224408565235544	0.706487695749441	0.0224408565235544	0.966442953020134	0	"model344"
0.712751677852349	0.0133896350111639	0.923042505592841	0.0133896350111639	0.789709172259508	0	"model345"
0.609619686800895	0.00560525592034783	0.978747203579418	0.00560525592034783	0.630872483221476	0	"model346"
0.542281879194631	0.0155780679230658	0.548993288590604	0.0155780679230658	0.993288590604027	0	"model347"
0.32572706935123	0.0220761027415868	0.32572706935123	0.0220761027415868	1	0	"model348"
0.676062639821029	0.0108474848894665	0.94675615212528	0.0108474848894665	0.729306487695749	0	"model349"
0.701342281879195	0.0181209588071929	0.763982102908277	0.018120958807193	0.937360178970917	0	"model350"
0.351454138702461	0.0157290475385828	0.351454138702461	0.0157290475385828	1	0	"model351"
0.0248322147651007	0.00618986009528624	0.0248322147651007	0.00618986009528624	1	0	"model352"
0.488590604026846	0.0274640836189664	0.49082774049217	0.0274640836189664	0.997762863534676	0	"model353"
0.695078299776286	0.0117931023581935	0.954586129753915	0.0117931023581935	0.740492170022371	0	"model354"
0.7	0.0225557896572193	0.751454138702461	0.0225557896572193	0.948545861297539	0	"model355"
0.397091722595078	0.0203744609877916	0.397091722595078	0.0203744609877916	1	0	"model356"
0.452125279642058	0.025734093217071	0.452125279642058	0.025734093217071	1	0	"model357"
0.378299776286353	0.0191707497510821	0.378299776286353	0.0191707497510821	1	0	"model358"
0.702237136465324	0.0170195628457365	0.798434004474273	0.0170195628457365	0.903803131991051	0	"model359"
0.690380313199105	0.0121255639816124	0.934228187919463	0.0121255639816125	0.756152125279642	0	"model360"
0.364876957494407	0.0137684395691847	0.364876957494407	0.0137684395691847	1	0	"model361"
0.40917225950783	0.0213135440147731	0.40917225950783	0.0213135440147731	1	0	"model362"
0.0532438478747204	0.00861934871099173	0.0532438478747204	0.00861934871099173	1	0	"model363"
0.628635346756152	0.0211182733161914	0.655480984340045	0.0211182733161913	0.973154362416107	0	"model364"
0.502237136465324	0.0203471493656111	0.506711409395973	0.0203471493656111	0.995525727069351	0	"model365"
0.652796420581655	0.0224903621132221	0.686353467561521	0.0224903621132222	0.966442953020134	0	"model366"
0.350559284116331	0.0207744753109197	0.350559284116331	0.0207744753109197	1	0	"model367"
0.394854586129754	0.00263649060845096	0.987695749440716	0.00263649060845096	0.407158836689038	0	"model368"
0.656823266219239	0.0219244446414905	0.685906040268456	0.0219244446414905	0.970917225950783	0	"model369"
0.673154362416107	0.0240126261473083	0.706711409395973	0.0240126261473083	0.966442953020134	0	"model370"
0.303355704697987	0.0283997892799845	0.303355704697987	0.0283997892799845	1	0	"model371"
0.257046979865772	0.00306559355571878	0.99082774049217	0.00306559355571878	0.266219239373602	0	"model372"
0.676510067114094	0.0129247212786239	0.951677852348993	0.0129247212786239	0.724832214765101	0	"model373"
0.539597315436242	0.00565955733363468	0.980313199105145	0.0056595573336347	0.559284116331096	0	"model374"
0.167561521252796	0.0139689224478144	0.167561521252796	0.0139689224478144	1	0	"model375"
0.526174496644295	0.0229795529267847	0.530648769574944	0.0229795529267847	0.995525727069351	0	"model376"
0.447651006711409	0.0222329798944169	0.447651006711409	0.0222329798944169	1	0	"model377"
0.685011185682327	0.017193476852444	0.942281879194631	0.017193476852444	0.742729306487696	0	"model378"
0.669127516778523	0.0255606370775942	0.702684563758389	0.0255606370775942	0.966442953020134	0	"model379"
0.219463087248322	0.00306559355571879	0.993512304250559	0.00306559355571879	0.225950782997763	0	"model380"
0.707829977628635	0.00984791887798311	0.936017897091723	0.00984791887798311	0.771812080536913	0	"model381"
0.723713646532439	0.0171756790548561	0.860178970917226	0.0171756790548561	0.863534675615213	0	"model382"
0.723937360178971	0.0189592824245437	0.87158836689038	0.0189592824245437	0.852348993288591	0	"model383"
0.311185682326622	0.0258849138758614	0.311185682326622	0.0258849138758614	1	0	"model384"
0.731991051454139	0.0150552617250349	0.861744966442953	0.0150552617250349	0.870246085011186	0	"model385"
0.715659955257271	0.0103032487803066	0.887919463087248	0.0103032487803066	0.827740492170022	0	"model386"
0.697762863534676	0.0186114576141721	0.80738255033557	0.0186114576141721	0.890380313199105	0	"model387"
0.321700223713647	0.0200317773487019	0.321700223713647	0.0200317773487019	1	0	"model388"
0.70089485458613	0.0184795235945978	0.814988814317673	0.0184795235945978	0.885906040268456	0	"model389"
0.731991051454139	0.00976854460481003	0.904250559284116	0.00976854460481003	0.827740492170022	0	"model390"
0.39910514541387	0.0206172891285489	0.39910514541387	0.0206172891285489	1	0	"model391"
0.732214765100671	0.0185095911764644	0.86420581655481	0.0185095911764644	0.868008948545861	0	"model392"
0.361073825503356	0.0214630415966574	0.361073825503356	0.0214630415966574	1	0	"model393"
0.578076062639821	0.0158610714047969	0.587024608501119	0.0158610714047969	0.991051454138702	0	"model394"
0.144295302013423	0.0188725588886559	0.144295302013423	0.0188725588886559	1	0	"model395"
0.647651006711409	0.0187839548364057	0.672259507829978	0.0187839548364057	0.975391498881432	0	"model396"
0.676957494407159	0.0186636721383572	0.726174496644295	0.0186636721383572	0.950782997762864	0	"model397"
0.602237136465324	0.00492395943899155	0.971364653243848	0.00492395943899154	0.630872483221476	0	"model398"
0.723042505592841	0.0157060505496206	0.781208053691275	0.0157060505496206	0.941834451901566	0	"model399"
0.719686800894855	0.0181454921862491	0.829306487695749	0.0181454921862491	0.890380313199105	0	"model400"
0.623937360178971	0.0239894568770083	0.650782997762864	0.0239894568770083	0.973154362416107	0	"model401"
0.676062639821029	0.022091211288633	0.714093959731544	0.022091211288633	0.961968680089485	0	"model402"
0.607158836689038	0.0222267260674263	0.616107382550336	0.0222267260674263	0.991051454138702	0	"model403"
0.663534675615213	0.0125315147129605	0.694854586129754	0.0125315147129605	0.968680089485459	0	"model404"
0.703803131991051	0.012794995131709	0.770917225950783	0.012794995131709	0.932885906040268	0	"model405"
0.715659955257271	0.00940011508674537	0.843176733780761	0.00940011508674537	0.87248322147651	0	"model406"
0.317002237136465	0.0167760375985954	0.317002237136465	0.0167760375985954	1	0	"model407"
0.631991051454139	0.0218494933989316	0.652125279642058	0.0218494933989316	0.979865771812081	0	"model408"
0.50178970917226	0.0240496505519078	0.506263982102908	0.0240496505519078	0.995525727069351	0	"model409"
0.361073825503356	0.0164462923216587	0.361073825503356	0.0164462923216587	1	0	"model410"
0.343400447427293	0.0190193150557149	0.343400447427293	0.0190193150557149	1	0	"model411"
0.178076062639821	0.00368354631923294	0.996868008948546	0.00368354631923293	0.181208053691275	0	"model412"
0.503803131991051	0.0191518858970822	0.5082774049217	0.0191518858970822	0.995525727069351	0	"model413"
0.275167785234899	0.0207998891588089	0.275167785234899	0.0207998891588089	1	0	"model414"
0.714093959731544	0.0152022892537772	0.886353467561521	0.0152022892537772	0.827740492170022	0	"model415"
0.22751677852349	0.0223228407385156	0.22751677852349	0.0223228407385156	1	0	"model416"
0.640044742729306	0.00891430186563377	0.964429530201342	0.00891430186563378	0.675615212527964	0	"model417"
0.539597315436242	0.0192098693355254	0.546308724832215	0.0192098693355254	0.993288590604027	0	"model418"
0.456599552572707	0.0390407199220597	0.456599552572707	0.0390407199220597	1	0	"model419"
0.488814317673378	0.00383878827031581	0.985458612975392	0.00383878827031581	0.503355704697987	0	"model420"
0.159731543624161	0.00156421901293087	0.998657718120805	0.00156421901293087	0.161073825503356	0	"model421"
0.72013422818792	0.0135239376200491	0.923713646532438	0.0135239376200491	0.796420581655481	0	"model422"
0.422818791946309	0.0224705729654278	0.422818791946309	0.0224705729654278	1	0	"model423"
0.502013422818792	0.01857407165859	0.506487695749441	0.01857407165859	0.995525727069351	0	"model424"
0.573154362416107	0.0177661128143852	0.579865771812081	0.0177661128143852	0.993288590604027	0	"model425"
0.275391498881432	0.0230194469645821	0.275391498881432	0.0230194469645821	1	0	"model426"
0.213422818791946	0.00262592346930037	0.996420581655481	0.00262592346930037	0.217002237136465	0	"model427"
0.484340044742729	0.0252498179766398	0.484340044742729	0.0252498179766398	1	0	"model428"
0.557494407158837	0.00514487347074134	0.978076062639821	0.00514487347074134	0.579418344519016	0	"model429"
0.365548098434004	0.0274032729672921	0.365548098434004	0.0274032729672921	1	0	"model430"
0.234004474272931	0.0148469773181146	0.234004474272931	0.0148469773181146	1	0	"model431"
0.289038031319911	0.0210866512271033	0.289038031319911	0.0210866512271033	1	0	"model432"
0.552125279642058	0.0213487374881752	0.558836689038031	0.0213487374881752	0.993288590604027	0	"model433"
0.433109619686801	0.0235862047163871	0.433109619686801	0.0235862047163871	1	0	"model434"
0.688814317673378	0.0158347546927842	0.740268456375839	0.0158347546927842	0.948545861297539	0	"model435"
0.249664429530201	0.0197353253695123	0.249664429530201	0.0197353253695123	1	0	"model436"
0.429977628635347	0.0162626810720763	0.429977628635347	0.0162626810720763	1	0	"model437"
0.481431767337808	0.0216590551773996	0.481431767337808	0.0216590551773996	1	0	"model438"
0.694407158836689	0.00902280892602782	0.924832214765101	0.00902280892602784	0.769574944071588	0	"model439"
0.701118568232662	0.0122169410387904	0.922595078299776	0.0122169410387904	0.778523489932886	0	"model440"
0.724608501118568	0.0077818913337477	0.89910514541387	0.00778189133374768	0.825503355704698	0	"model441"
0.316331096196868	0.0329162447288414	0.316331096196868	0.0329162447288414	1	0	"model442"
0.719910514541387	0.0105880622516324	0.927964205816555	0.0105880622516324	0.791946308724832	0	"model443"
0.36331096196868	0.0146963955628039	0.36331096196868	0.0146963955628039	1	0	"model444"
0.678299776286354	0.0137825682948819	0.940044742729306	0.0137825682948819	0.738255033557047	0	"model445"
0.444519015659955	0.00506316038680625	0.985906040268456	0.00506316038680626	0.458612975391499	0	"model446"
0.131096196868009	0.00156421901293087	0.99910514541387	0.00156421901293087	0.131991051454139	0	"model447"
0.470469798657718	0.0223228407385156	0.470469798657718	0.0223228407385156	1	0	"model448"
0.515436241610738	0.02744382837348	0.519910514541387	0.02744382837348	0.995525727069351	0	"model449"
0.465771812080537	0.0189768726084027	0.465771812080537	0.0189768726084027	1	0	"model450"
0.483221476510067	0.0165070422231012	0.483221476510067	0.0165070422231012	1	0	"model451"
0.172035794183445	0.0227277112731701	0.172035794183445	0.0227277112731701	1	0	"model452"
0.467337807606264	0.0244941187320137	0.467337807606264	0.0244941187320137	1	0	"model453"
0.0646532438478747	0.000707444666704333	0.999776286353468	0.000707444666704346	0.0648769574944072	0	"model454"
0.359060402684564	0.0232788833389828	0.359060402684564	0.0232788833389828	1	0	"model455"
0.314988814317673	0.0186815406653205	0.314988814317673	0.0186815406653205	1	0	"model456"
0.443176733780761	0.0223078890685605	0.443176733780761	0.0223078890685605	1	0	"model457"
0.732438478747204	0.0167478383756955	0.859955257270694	0.0167478383756955	0.87248322147651	0	"model458"
0.431319910514541	0.00681827260293062	0.983892617449664	0.00681827260293064	0.447427293064877	0	"model459"
0.727964205816555	0.0122623742228751	0.915883668903803	0.0122623742228751	0.812080536912752	0	"model460"
0.714765100671141	0.00985074184461066	0.907158836689038	0.00985074184461066	0.807606263982103	0	"model461"
0.237136465324385	0.0149142431021626	0.237136465324385	0.0149142431021626	1	0	"model462"
0.643847874720358	0.00953812197185353	0.961521252796421	0.00953812197185353	0.682326621923937	0	"model463"
0.338031319910515	0.0222079540198775	0.338031319910515	0.0222079540198775	1	0	"model464"
0.587024608501119	0.0269943680161045	0.595973154362416	0.0269943680161044	0.991051454138702	0	"model465"
0.713870246085011	0.019458658185603	0.879418344519016	0.019458658185603	0.834451901565996	0	"model466"
0.490604026845638	0.0132161570360107	0.492841163310962	0.0132161570360107	0.997762863534676	0	"model467"
0.342505592841163	0.027509603392485	0.342505592841163	0.027509603392485	1	0	"model468"
0.437807606263982	0.0201769921752442	0.437807606263982	0.0201769921752442	1	0	"model469"
0.256823266219239	0.00176467704193873	0.992841163310962	0.00176467704193874	0.263982102908277	0	"model470"
0.215883668903803	0.0249841395492184	0.215883668903803	0.0249841395492184	1	0	"model471"
0.125279642058166	0	1	0	0.125279642058166	0	"model472"
0.584116331096197	0.00749060343257133	0.97337807606264	0.00749060343257133	0.610738255033557	0	"model473"
0.578747203579418	0.0197873845651248	0.585458612975391	0.0197873845651248	0.993288590604027	0	"model474"
0.621252796420582	0.00824003495693439	0.976957494407159	0.00824003495693438	0.644295302013423	0	"model475"
0.0604026845637584	0	1	0	0.0604026845637584	0	"model476"
0.480984340044743	0.0203949207027253	0.480984340044743	0.0203949207027253	1	0	"model477"
0.251006711409396	0.0146053013242	0.251006711409396	0.0146053013242	1	0	"model478"
0.38903803131991	0.00636700200033902	0.986353467561521	0.00636700200033903	0.402684563758389	0	"model479"
0.387695749440716	0.0265760345776483	0.387695749440716	0.0265760345776483	1	0	"model480"
0.422818791946309	0.0123437325557396	0.422818791946309	0.0123437325557396	1	0	"model481"
0.668232662192394	0.0134662484092566	0.695078299776286	0.0134662484092566	0.973154362416107	0	"model482"
0.181879194630872	0.0160648622633963	0.181879194630872	0.0160648622633963	1	0	"model483"
0.599328859060403	0.00440538567867022	0.972930648769575	0.00440538567867021	0.626398210290828	0	"model484"
0.275167785234899	0.0168405515147445	0.275167785234899	0.0168405515147445	1	0	"model485"
0.708724832214765	0.0110002021861809	0.921252796420582	0.0110002021861809	0.787472035794183	0	"model486"
0.601342281879195	0.0278780676823655	0.612527964205817	0.0278780676823655	0.988814317673378	0	"model487"
0.433333333333333	0.0362580249636727	0.433333333333333	0.0362580249636727	1	0	"model488"
0.540044742729306	0.0248491163008603	0.54675615212528	0.0248491163008603	0.993288590604027	0	"model489"
0.217673378076063	0.00212233400011301	0.9917225950783	0.002122334000113	0.225950782997763	0	"model490"
0.513870246085011	0.0241419631474966	0.51834451901566	0.0241419631474966	0.995525727069351	0	"model491"
0.154362416107383	0.0117907444450723	0.154362416107383	0.0117907444450723	1	0	"model492"
0.702013422818792	0.0134145305424422	0.927964205816555	0.0134145305424423	0.774049217002237	0	"model493"
0.662192393736018	0.0107548136479164	0.950782997762864	0.0107548136479164	0.711409395973154	0	"model494"
0.334004474272931	0.0265341528487204	0.334004474272931	0.0265341528487204	1	0	"model495"
0.72013422818792	0.008596738426222	0.946085011185682	0.00859673842622199	0.774049217002237	0	"model496"
0.621923937360179	0.0263015541961945	0.639821029082774	0.0263015541961945	0.982102908277405	0	"model497"
0.191498881431767	0.0144675845640898	0.191498881431767	0.0144675845640898	1	0	"model498"
0.187919463087248	0.0163377347503405	0.187919463087248	0.0163377347503405	1	0	"model499"
0.706711409395973	0.0141272604314941	0.820805369127517	0.0141272604314941	0.885906040268456	0	"model500"
0.727293064876958	0.00963383914077177	0.906263982102908	0.00963383914077176	0.821029082774049	0	"model501"
0.258389261744966	0.0183041576564259	0.258389261744966	0.0183041576564259	1	0	"model502"
0.455257270693512	0.0256431750395964	0.455257270693512	0.0256431750395964	1	0	"model503"
0.247874720357942	0.012334719241244	0.247874720357942	0.012334719241244	1	0	"model504"
0.661968680089486	0.0078530252748103	0.952796420581655	0.00785302527481031	0.70917225950783	0	"model505"
0.106487695749441	0.018841594866343	0.106487695749441	0.018841594866343	1	0	"model506"
0.738478747203579	0.0103570801225752	0.868232662192394	0.0103570801225752	0.870246085011186	0	"model507"
0.703579418344519	0.0113705821640394	0.817673378076063	0.0113705821640394	0.885906040268456	0	"model508"
0.449664429530201	0.00408443368758513	0.986577181208054	0.00408443368758515	0.463087248322148	0	"model509"
0.540044742729306	0.0248267276880609	0.544519015659955	0.0248267276880609	0.995525727069351	0	"model510"
0.638702460850112	0.0276668254423403	0.665548098434004	0.0276668254423403	0.973154362416107	0	"model511"
0.210290827740492	0.0199817464682688	0.210290827740492	0.0199817464682688	1	0	"model512"
0.631767337807606	0.0272812450210875	0.640715883668904	0.0272812450210875	0.991051454138702	0	"model513"
0.47248322147651	0.0236238974367441	0.47248322147651	0.0236238974367441	1	0	"model514"
0.735570469798658	0.00999365581968737	0.901118568232662	0.00999365581968737	0.834451901565996	0	"model515"
0.58165548098434	0.0193598135507042	0.590604026845638	0.0193598135507042	0.991051454138702	0	"model516"
0.107606263982103	0.0147812865583698	0.107606263982103	0.0147812865583698	1	0	"model517"
0.669574944071588	0.00919678066715636	0.946979865771812	0.00919678066715636	0.722595078299776	0	"model518"
0.254586129753915	0.0187706281551705	0.254586129753915	0.0187706281551705	1	0	"model519"
0.285682326621924	0.0289399733204006	0.285682326621924	0.0289399733204006	1	0	"model520"
0.381879194630872	0.00972575620549627	0.381879194630872	0.00972575620549627	1	0	"model521"
0.69261744966443	0.0228922700723041	0.732885906040268	0.0228922700723041	0.959731543624161	0	"model522"
0.647203579418344	0.0119337246046859	0.942505592841163	0.0119337246046859	0.704697986577181	0	"model523"
0.279418344519016	0.00465099660835577	0.99082774049217	0.00465099660835578	0.288590604026846	0	"model524"
0.722147651006711	0.0118284146510952	0.912304250559284	0.0118284146510952	0.809843400447427	0	"model525"
0.697762863534676	0.0120911195488574	0.769351230425056	0.0120911195488575	0.92841163310962	0	"model526"
0.428187919463087	0.00368354631923295	0.989709172259508	0.00368354631923296	0.438478747203579	0	"model527"
0.231991051454139	0.0222229729264769	0.231991051454139	0.0222229729264769	1	0	"model528"
0.687695749440716	0.0233015659148628	0.734675615212528	0.0233015659148628	0.953020134228188	0	"model529"
0.605369127516779	0.0167478383756955	0.6165548098434	0.0167478383756955	0.988814317673378	0	"model530"
0.487919463087248	0.0263743957428689	0.492393736017897	0.0263743957428689	0.995525727069351	0	"model531"
0.294407158836689	0.0214111608304347	0.294407158836689	0.0214111608304347	1	0	"model532"
0.712080536912752	0.0068386317781419	0.944742729306488	0.0068386317781419	0.767337807606264	0	"model533"
0.710738255033557	0.00675682701868713	0.918791946308725	0.00675682701868713	0.791946308724832	0	"model534"
0.693512304250559	0.0280213187592184	0.756152125279642	0.0280213187592184	0.937360178970917	0	"model535"
0.720581655480984	0.0157290475385828	0.895078299776286	0.0157290475385828	0.825503355704698	0	"model536"
0.210514541387025	0.017052204921843	0.210514541387025	0.017052204921843	1	0	"model537"
0.668008948545861	0.0234917083239409	0.699328859060403	0.0234917083239408	0.968680089485459	0	"model538"
0.307829977628635	0.00368354631923294	0.990156599552573	0.00368354631923296	0.317673378076063	0	"model539"
0.707606263982103	0.022471810297714	0.835123042505593	0.022471810297714	0.87248322147651	0	"model540"
0.602460850111857	0.023817303779046	0.611409395973154	0.0238173037790459	0.991051454138702	0	"model541"
0.64496644295302	0.0221477765471225	0.669574944071588	0.0221477765471225	0.975391498881432	0	"model542"
0.639373601789709	0.0132056337784809	0.65503355704698	0.0132056337784809	0.984340044742729	0	"model543"
0.3	0.0206778867583809	0.3	0.0206778867583809	1	0	"model544"
0.160626398210291	0.0163649416546997	0.160626398210291	0.0163649416546997	1	0	"model545"
0.396420581655481	0.00959624634878174	0.396420581655481	0.00959624634878174	1	0	"model546"
0.433557046979866	0.0166345634524667	0.433557046979866	0.0166345634524667	1	0	"model547"
0.728187919463087	0.0242614444220693	0.855704697986577	0.0242614444220692	0.87248322147651	0	"model548"
0.583668903803132	0.0245168110833064	0.59261744966443	0.0245168110833064	0.991051454138702	0	"model549"
0.369351230425056	0.0266887869591284	0.369351230425056	0.0266887869591284	1	0	"model550"
0.142058165548098	0.0168488046647204	0.142058165548098	0.0168488046647204	1	0	"model551"
0.279865771812081	0.0226296302835547	0.279865771812081	0.0226296302835547	1	0	"model552"
0.183221476510067	0.00356852680507245	0.995302013422819	0.00356852680507243	0.187919463087248	0	"model553"
0.218791946308725	0.012734004000678	0.218791946308725	0.012734004000678	1	0	"model554"
0.127740492170022	0.00195882558338011	0.997986577181208	0.0019588255833801	0.129753914988814	0	"model555"
0.20089485458613	0.0157060505496206	0.20089485458613	0.0157060505496206	1	0	"model556"
0.719463087248322	0.0178098794792282	0.846979865771812	0.0178098794792283	0.87248322147651	0	"model557"
0.70738255033557	0.00713705361014491	0.933333333333333	0.00713705361014492	0.774049217002237	0	"model558"
0.348322147651007	0.0133000433560796	0.348322147651007	0.0133000433560796	1	0	"model559"
0.292841163310962	0.0168554042751046	0.292841163310962	0.0168554042751046	1	0	"model560"
0.622371364653244	0.0197522244666885	0.633557046979866	0.0197522244666885	0.988814317673378	0	"model561"
0.186800894854586	0.00411832998403701	0.996644295302013	0.004118329984037	0.190156599552573	0	"model562"
0.468680089485459	0.0181822301867809	0.468680089485459	0.0181822301867809	1	0	"model563"
0.52572706935123	0.0209862002676664	0.530201342281879	0.0209862002676664	0.995525727069351	0	"model564"
0.14407158836689	0.016814114211921	0.14407158836689	0.016814114211921	1	0	"model565"
0.671812080536913	0.0106011841580826	0.953691275167785	0.0106011841580826	0.718120805369127	0	"model566"
0.710290827740492	0.0152552367975233	0.88255033557047	0.0152552367975233	0.827740492170022	0	"model567"
0.640715883668904	0.00660281688924048	0.967337807606264	0.00660281688924045	0.67337807606264	0	"model568"
0.72662192393736	0.0103221216841153	0.887695749440716	0.0103221216841153	0.838926174496644	0	"model569"
0.668232662192394	0.00803502684387828	0.950111856823266	0.00803502684387829	0.718120805369127	0	"model570"
0.724832214765101	0.0137502527327262	0.852348993288591	0.0137502527327261	0.87248322147651	0	"model571"
0.484563758389262	0.0163445407222043	0.484563758389262	0.0163445407222043	1	0	"model572"
0.674720357941834	0.0135136540373742	0.947651006711409	0.0135136540373742	0.727069351230425	0	"model573"
0.489485458612975	0.0269655124567977	0.493959731543624	0.0269655124567977	0.995525727069351	0	"model574"
0.717002237136465	0.0155798526590426	0.920581655480984	0.0155798526590426	0.796420581655481	0	"model575"
0.183892617449664	0.019035389159895	0.183892617449664	0.019035389159895	1	0	"model576"
0.139373601789709	0.0118401620118722	0.139373601789709	0.0118401620118722	1	0	"model577"
0.640939597315436	0.0218749293719204	0.652125279642058	0.0218749293719204	0.988814317673378	0	"model578"
0.616778523489933	0.0191591434235457	0.627964205816555	0.0191591434235457	0.988814317673378	0	"model579"
0.0319910514541387	0.00850569627001275	0.0319910514541387	0.00850569627001275	1	0	"model580"
0.67248322147651	0.0111208661490274	0.936465324384787	0.0111208661490274	0.736017897091723	0	"model581"
0.732214765100671	0.0188371672796608	0.859731543624161	0.0188371672796608	0.87248322147651	0	"model582"
0.707382550335571	0.0184418701800443	0.81923937360179	0.0184418701800443	0.888143176733781	0	"model583"
0.431319910514541	0.00480969888041672	0.986129753914989	0.00480969888041674	0.445190156599553	0	"model584"
0.17337807606264	0.0163802256797083	0.17337807606264	0.0163802256797083	1	0	"model585"
0.186353467561521	0.00395297786150592	0.996196868008949	0.0039529778615059	0.190156599552573	0	"model586"
0.423042505592841	0.0184915564941926	0.423042505592841	0.0184915564941926	1	0	"model587"
0.333333333333333	0.0285326270987457	0.333333333333333	0.0285326270987457	1	0	"model588"
0.598657718120805	0.0151068841307688	0.607606263982103	0.0151068841307688	0.991051454138702	0	"model589"
0.603355704697987	0.0194472236859022	0.612304250559284	0.0194472236859022	0.991051454138702	0	"model590"
0.336241610738255	0.0127449166807171	0.336241610738255	0.0127449166807171	1	0	"model591"
0.201118568232662	0.00400885311132457	0.995302013422819	0.00400885311132456	0.205816554809843	0	"model592"
0.726398210290828	0.0121186829270632	0.905369127516779	0.0121186829270632	0.821029082774049	0	"model593"
0.326845637583893	0.0253201947506415	0.326845637583893	0.0253201947506415	1	0	"model594"
0.640492170022371	0.0194186079792801	0.662863534675615	0.0194186079792801	0.977628635346756	0	"model595"
0.723713646532439	0.0145843454255093	0.920581655480984	0.0145843454255093	0.803131991051454	0	"model596"
0.687248322147651	0.0161597733877185	0.740939597315436	0.0161597733877185	0.946308724832215	0	"model597"
0.541610738255034	0.0228253708110688	0.546085011185682	0.0228253708110688	0.995525727069351	0	"model598"
0.250559284116331	0.013709751163945	0.250559284116331	0.013709751163945	1	0	"model599"
0.470022371364653	0.0200220589129883	0.470022371364653	0.0200220589129883	1	0	"model600"
0.480984340044743	0.0294910066119093	0.480984340044743	0.0294910066119093	1	0	"model601"
0.0818791946308725	0.0162078782841428	0.0818791946308725	0.0162078782841428	1	0	"model602"
0.676733780760626	0.00783885012737832	0.947427293064877	0.00783885012737829	0.729306487695749	0	"model603"
0.709395973154362	0.0216757372142541	0.834675615212528	0.0216757372142541	0.874720357941834	0	"model604"
0.679865771812081	0.0173111258613916	0.731319910514541	0.0173111258613916	0.948545861297539	0	"model605"
0.335123042505593	0.0204439404786907	0.335123042505593	0.0204439404786907	1	0	"model606"
0.67158836689038	0.00924201842495433	0.951230425055928	0.00924201842495433	0.720357941834452	0	"model607"
0.635346756152125	0.00837059818070232	0.961968680089485	0.00837059818070233	0.67337807606264	0	"model608"
0.647427293064877	0.0165474182529816	0.67427293064877	0.0165474182529816	0.973154362416107	0	"model609"
0.450559284116331	0.0163104824632272	0.450559284116331	0.0163104824632272	1	0	"model610"
0.714541387024608	0.00967703397315934	0.911409395973154	0.00967703397315934	0.803131991051454	0	"model611"
0.707382550335571	0.0158119114460237	0.81923937360179	0.0158119114460237	0.888143176733781	0	"model612"
0.137136465324385	0.00236991030306797	0.998434004474273	0.00236991030306796	0.138702460850112	0	"model613"
0.358612975391499	0.0215883346920767	0.358612975391499	0.0215883346920767	1	0	"model614"
0.708724832214765	0.0200039978632127	0.766890380313199	0.0200039978632127	0.941834451901566	0	"model615"
0.604921700223714	0.00539804953642174	0.969574944071588	0.00539804953642174	0.635346756152125	0	"model616"
0.714988814317673	0.0174311711662186	0.829082774049217	0.0174311711662186	0.885906040268456	0	"model617"
0.448322147651007	0.0153261537105624	0.448322147651007	0.0153261537105624	1	0	"model618"
0.0516778523489933	0.00940011508674537	0.0516778523489933	0.00940011508674537	1	0	"model619"
0.6165548098434	0.0249830266451644	0.627740492170022	0.0249830266451643	0.988814317673378	0	"model620"
0.287248322147651	0.0038315384276406	0.991946308724832	0.00383153842764061	0.295302013422819	0	"model621"
0.349440715883669	0.0167012888043781	0.349440715883669	0.0167012888043781	1	0	"model622"
0.732885906040268	0.010015888674351	0.878299776286353	0.010015888674351	0.854586129753915	0	"model623"
0.70917225950783	0.0166077982485609	0.789709172259508	0.0166077982485609	0.919463087248322	0	"model624"
0.189709172259508	0.0209278240759565	0.189709172259508	0.0209278240759565	1	0	"model625"
0.355704697986577	0.0227166983023532	0.355704697986577	0.0227166983023532	1	0	"model626"
0.623042505592841	0.010921564888797	0.636465324384788	0.010921564888797	0.986577181208054	0	"model627"
0.162863534675615	0.0184116920053822	0.162863534675615	0.0184116920053822	1	0	"model628"
0.173601789709172	0.0112698794853468	0.173601789709172	0.0112698794853468	1	0	"model629"
0.409619686800895	0.00510690340589528	0.982326621923937	0.00510690340589527	0.427293064876958	0	"model630"
0.714541387024608	0.0130956906299867	0.842058165548098	0.0130956906299867	0.87248322147651	0	"model631"
0.470022371364653	0.0269582937409792	0.470022371364653	0.0269582937409792	1	0	"model632"
0.570917225950783	0.017258041393757	0.579865771812081	0.017258041393757	0.991051454138702	0	"model633"
0.669351230425056	0.0226136519422807	0.718568232662192	0.0226136519422807	0.950782997762864	0	"model634"
0.466666666666667	0.0185140971020823	0.466666666666667	0.0185140971020823	1	0	"model635"
0.647427293064877	0.0219244446414905	0.665324384787472	0.0219244446414905	0.982102908277405	0	"model636"
0.198434004474273	0.0179916097250486	0.198434004474273	0.0179916097250486	1	0	"model637"
0.726398210290828	0.0178986452221616	0.820357941834452	0.0178986452221616	0.906040268456376	0	"model638"
0.497091722595078	0.0188297856549878	0.501565995525727	0.0188297856549878	0.995525727069351	0	"model639"
0.709395973154362	0.0191126476330599	0.832438478747204	0.0191126476330599	0.876957494407159	0	"model640"
0.560402684563758	0.0206186376774027	0.567114093959732	0.0206186376774027	0.993288590604027	0	"model641"
0.205145413870246	0.00366083153128519	0.994854586129754	0.00366083153128517	0.210290827740492	0	"model642"
0.204474272930649	0.0149960470935116	0.204474272930649	0.0149960470935116	1	0	"model643"
0.690156599552573	0.00747574110953145	0.951901565995526	0.00747574110953147	0.738255033557047	0	"model644"
0.678523489932886	0.00659017184050283	0.946979865771812	0.00659017184050282	0.731543624161074	0	"model645"
0.318120805369128	0.0202800804455243	0.318120805369128	0.0202800804455243	1	0	"model646"
0.500223713646532	0.0219244446414905	0.502460850111857	0.0219244446414905	0.997762863534676	0	"model647"
0.636017897091723	0.00869962003465466	0.964876957494407	0.00869962003465467	0.671140939597315	0	"model648"
0.674944071588367	0.0100629703958653	0.943400447427293	0.0100629703958653	0.731543624161074	0	"model649"
0.700447427293065	0.0105696642147067	0.935346756152125	0.0105696642147067	0.76510067114094	0	"model650"
0.367561521252796	0.00366083153128519	0.987248322147651	0.00366083153128521	0.380313199105145	0	"model651"
0.0277404921700224	0.00776400601629851	0.0277404921700224	0.00776400601629851	1	0	"model652"
0.729082774049217	0.0142448589676737	0.890156599552573	0.0142448589676737	0.838926174496644	0	"model653"
0.732885906040268	0.00754607644484624	0.900671140939597	0.00754607644484623	0.832214765100671	0	"model654"
0.728859060402685	0.014180300461154	0.914541387024609	0.014180300461154	0.814317673378076	0	"model655"
0.187472035794183	0.0148319879378993	0.187472035794183	0.0148319879378993	1	0	"model656"
0.514541387024608	0.028688119405923	0.519015659955257	0.028688119405923	0.995525727069351	0	"model657"
0.14675615212528	0.00115525230311929	0.99910514541387	0.00115525230311931	0.147651006711409	0	"model658"
0.681208053691275	0.0249841395492184	0.714765100671141	0.0249841395492184	0.966442953020134	0	"model659"
0.705145413870246	0.0230279004511484	0.785682326621924	0.0230279004511484	0.919463087248322	0	"model660"
0.724608501118568	0.0114776704896763	0.932662192393736	0.0114776704896763	0.791946308724832	0	"model661"
0.49082774049217	0.00651805320907149	0.985234899328859	0.00651805320907149	0.505592841163311	0	"model662"
0.389709172259508	0.0162968392300048	0.389709172259508	0.0162968392300048	1	0	"model663"
0.581431767337808	0.0135239376200491	0.590380313199105	0.0135239376200491	0.991051454138702	0	"model664"
0.295749440715884	0.0273138391127848	0.295749440715884	0.0273138391127848	1	0	"model665"
0.28255033557047	0.021920639745507	0.28255033557047	0.021920639745507	1	0	"model666"
0.206935123042506	0.013012623688751	0.206935123042506	0.013012623688751	1	0	"model667"
0.615212527964206	0.0276416897730808	0.626398210290828	0.0276416897730807	0.988814317673378	0	"model668"
0.699776286353468	0.011397448575417	0.755704697986577	0.011397448575417	0.94407158836689	0	"model669"
0.0903803131991051	0.0122169410387904	0.0903803131991051	0.0122169410387904	1	0	"model670"
0.740715883668904	0.0182188941060908	0.872706935123043	0.0182188941060908	0.868008948545861	0	"model671"
0.638255033557047	0.00768119718527552	0.95592841163311	0.00768119718527552	0.682326621923937	0	"model672"
0.724161073825503	0.00837391918784775	0.925503355704698	0.00837391918784774	0.798657718120805	0	"model673"
0.480313199105145	0.0179296869472214	0.480313199105145	0.0179296869472214	1	0	"model674"
0.655480984340045	0.020906555956564	0.686800894854586	0.020906555956564	0.968680089485459	0	"model675"
0.717002237136465	0.0158978416147113	0.934004474272931	0.0158978416147113	0.782997762863535	0	"model676"
0.508501118568233	0.0277631349381221	0.510738255033557	0.0277631349381221	0.997762863534676	0	"model677"
0.647874720357942	0.0162078782841428	0.668008948545861	0.0162078782841428	0.979865771812081	0	"model678"
0.636241610738255	0.00984791887798311	0.962863534675615	0.00984791887798309	0.67337807606264	0	"model679"
0.406935123042506	0.017052204921843	0.406935123042506	0.017052204921843	1	0	"model680"
0.527293064876957	0.0195612679046048	0.531767337807606	0.0195612679046048	0.995525727069351	0	"model681"
0.295302013422819	0.0183572462715752	0.295302013422819	0.0183572462715752	1	0	"model682"
0.713646532438479	0.0122078341116666	0.876957494407159	0.0122078341116666	0.83668903803132	0	"model683"
0.149888143176734	0.0159240540671608	0.149888143176734	0.0159240540671608	1	0	"model684"
0.463758389261745	0.00506316038680626	0.982774049217002	0.00506316038680626	0.480984340044743	0	"model685"
0.50089485458613	0.0204616132037532	0.505369127516779	0.0204616132037532	0.995525727069351	0	"model686"
0.465324384787472	0.032384863162727	0.465324384787472	0.032384863162727	1	0	"model687"
0.472259507829978	0.0233789977779949	0.472259507829978	0.0233789977779949	1	0	"model688"
0.421700223713647	0.024330109024721	0.421700223713647	0.024330109024721	1	0	"model689"
0.33489932885906	0.0214850529864582	0.33489932885906	0.0214850529864582	1	0	"model690"
0.717673378076063	0.021270450691731	0.87427293064877	0.021270450691731	0.843400447427293	0	"model691"
0.668456375838926	0.00622122404611905	0.959284116331096	0.0062212240461191	0.70917225950783	0	"model692"
0.634451901565996	0.0252266828171099	0.645637583892617	0.0252266828171098	0.988814317673378	0	"model693"
0.480089485458613	0.0218990661810322	0.480089485458613	0.0218990661810322	1	0	"model694"
0.337360178970917	0.0160215349762813	0.337360178970917	0.0160215349762813	1	0	"model695"
0.645190156599553	0.0133896350111639	0.665324384787472	0.0133896350111639	0.979865771812081	0	"model696"
0.123042505592841	0.0138710479028622	0.123042505592841	0.0138710479028622	1	0	"model697"
0.704697986577181	0.00850242673452004	0.807606263982103	0.00850242673452004	0.897091722595078	0	"model698"
0.624384787472036	0.0231158740155205	0.635570469798658	0.0231158740155205	0.988814317673378	0	"model699"
0.695973154362416	0.0213396188275757	0.729530201342282	0.0213396188275757	0.966442953020134	0	"model700"
0.216107382550336	0.0239140017193913	0.216107382550336	0.0239140017193913	1	0	"model701"
0.696644295302013	0.021437116908374	0.824161073825503	0.021437116908374	0.87248322147651	0	"model702"
0.711856823266219	0.0137016364836461	0.778970917225951	0.0137016364836461	0.932885906040268	0	"model703"
0.595749440715884	0.0205050504041929	0.604697986577181	0.0205050504041929	0.991051454138702	0	"model704"
0.710738255033557	0.0243712149262322	0.806935123042506	0.0243712149262322	0.903803131991051	0	"model705"
0.599776286353468	0.0299299170293007	0.608724832214765	0.0299299170293007	0.991051454138702	0	"model706"
0.44586129753915	0.0171367833361912	0.44586129753915	0.0171367833361912	1	0	"model707"
0.21006711409396	0.0144387282401074	0.21006711409396	0.0144387282401074	1	0	"model708"
0.583221476510067	0.00746084918018241	0.981431767337808	0.00746084918018241	0.601789709172259	0	"model709"
0.720581655480984	0.00792352063185057	0.890604026845638	0.00792352063185054	0.829977628635347	0	"model710"
0.64586129753915	0.0247335983788335	0.674944071588367	0.0247335983788335	0.970917225950783	0	"model711"
0.111633109619687	0.000707444666704333	0.999776286353468	0.000707444666704346	0.111856823266219	0	"model712"
0.168680089485459	0.0130531582323884	0.168680089485459	0.0130531582323884	1	0	"model713"
0.637807606263982	0.0161821255880114	0.653467561521253	0.0161821255880114	0.984340044742729	0	"model714"
0.707158836689038	0.0121827549601011	0.926398210290828	0.0121827549601011	0.78076062639821	0	"model715"
0.323042505592841	0.0275651365897639	0.323042505592841	0.0275651365897639	1	0	"model716"
0.410290827740492	0.0263691241320663	0.410290827740492	0.0263691241320663	1	0	"model717"
0.729306487695749	0.01716758304731	0.861297539149888	0.01716758304731	0.868008948545861	0	"model718"
0.653691275167785	0.0169983118825434	0.676062639821029	0.0169983118825434	0.977628635346756	0	"model719"
0.641834451901566	0.016789291432461	0.661968680089486	0.016789291432461	0.979865771812081	0	"model720"
0.112527964205817	0.0153931318466194	0.112527964205817	0.0153931318466194	1	0	"model721"
0.693064876957494	0.0166011002050343	0.932438478747204	0.0166011002050343	0.760626398210291	0	"model722"
0.641163310961969	0.00908423107104613	0.958836689038031	0.00908423107104611	0.682326621923937	0	"model723"
0.674496644295302	0.0172725351557054	0.712527964205817	0.0172725351557054	0.961968680089485	0	"model724"
0.051006711409396	0.00094325955560578	0.999552572706935	0.000943259555605795	0.0514541387024608	0	"model725"
0.418568232662192	0.0246750732187445	0.418568232662192	0.0246750732187445	1	0	"model726"
0.624608501118568	0.0112005866401304	0.63579418344519	0.0112005866401304	0.988814317673378	0	"model727"
0.60738255033557	0.00732545962132308	0.972035794183445	0.00732545962132308	0.635346756152125	0	"model728"
0.270022371364653	0.021920639745507	0.270022371364653	0.021920639745507	1	0	"model729"
0.396196868008949	0.0215986356993155	0.396196868008949	0.0215986356993155	1	0	"model730"
0.30089485458613	0.00241638355645334	0.992170022371365	0.00241638355645335	0.308724832214765	0	"model731"
0.434228187919463	0.0155869895593982	0.434228187919463	0.0155869895593982	1	0	"model732"
0.187695749440716	0.00246197971949578	0.997539149888143	0.00246197971949576	0.190156599552573	0	"model733"
0.645413870246085	0.00783885012737832	0.972035794183445	0.00783885012737829	0.67337807606264	0	"model734"
0.706487695749441	0.0130786942689896	0.934675615212528	0.0130786942689896	0.771812080536913	0	"model735"
0.605592841163311	0.0218698445440107	0.614541387024608	0.0218698445440107	0.991051454138702	0	"model736"
0.727964205816555	0.0114655517338002	0.866666666666667	0.0114655517338002	0.861297539149888	0	"model737"
0.462192393736018	0.014582438850506	0.462192393736018	0.014582438850506	1	0	"model738"
0.609843400447427	0.0259010211437344	0.621029082774049	0.0259010211437344	0.988814317673378	0	"model739"
0.239821029082774	0.00330140844462023	0.991498881431767	0.00330140844462024	0.248322147651007	0	"model740"
0.476957494407159	0.0242052238373373	0.476957494407159	0.0242052238373373	1	0	"model741"
0.638255033557047	0.0301262173146294	0.667337807606264	0.0301262173146294	0.970917225950783	0	"model742"
0.649217002237136	0.00330140844462023	0.973601789709172	0.00330140844462023	0.675615212527964	0	"model743"
0.643400447427293	0.0220256660690203	0.670246085011186	0.0220256660690203	0.973154362416107	0	"model744"
0.722147651006711	0.0131634566225898	0.836241610738255	0.0131634566225899	0.885906040268456	0	"model745"
0.452572706935123	0.0261754526680604	0.452572706935123	0.0261754526680604	1	0	"model746"
0.389485458612975	0.026332193306452	0.389485458612975	0.026332193306452	1	0	"model747"
0.248098434004474	0.0282279385596556	0.248098434004474	0.0282279385596556	1	0	"model748"
0.558612975391499	0.0234881573136683	0.563087248322148	0.0234881573136683	0.995525727069351	0	"model749"
0.354586129753915	0.0187839548364057	0.354586129753915	0.0187839548364057	1	0	"model750"
0.699328859060403	0.01203349306723	0.90738255033557	0.01203349306723	0.791946308724832	0	"model751"
0.458165548098434	0.0198924919898239	0.458165548098434	0.0198924919898239	1	0	"model752"
0.705145413870246	0.0139828486005479	0.817002237136465	0.0139828486005479	0.888143176733781	0	"model753"
0.0868008948545861	0.00930199321671151	0.0868008948545861	0.00930199321671151	1	0	"model754"
0.521923937360179	0.0270118724238056	0.526398210290828	0.0270118724238056	0.995525727069351	0	"model755"
0.738031319910515	0.0160787023368342	0.885682326621924	0.0160787023368342	0.852348993288591	0	"model756"
0.285906040268456	0.00419193715810744	0.990604026845638	0.00419193715810746	0.295302013422819	0	"model757"
0.731991051454139	0.0159867886005806	0.879642058165548	0.0159867886005806	0.852348993288591	0	"model758"
0.577181208053691	0.0188946449803429	0.586129753914989	0.0188946449803429	0.991051454138702	0	"model759"
0.472930648769575	0.0202086618176934	0.472930648769575	0.0202086618176934	1	0	"model760"
0.696420581655481	0.010442633089596	0.938031319910515	0.010442633089596	0.758389261744966	0	"model761"
0.708948545861298	0.0136467361834482	0.796196868008949	0.0136467361834482	0.912751677852349	0	"model762"
0.123042505592841	0.0110606987130435	0.123042505592841	0.0110606987130435	1	0	"model763"
0.721252796420582	0.0109190187726909	0.788366890380313	0.0109190187726909	0.932885906040268	0	"model764"
0.637807606263982	0.017052204921843	0.664653243847875	0.017052204921843	0.973154362416107	0	"model765"
0.63579418344519	0.00697948334484569	0.955704697986577	0.00697948334484569	0.680089485458613	0	"model766"
0.111185682326622	0.0129182659108965	0.111185682326622	0.0129182659108965	1	0	"model767"
0.00402684563758389	0.00231050460623858	0.00402684563758389	0.00231050460623858	1	0	"model768"
0.727964205816555	0.00961939776083346	0.911409395973154	0.00961939776083346	0.8165548098434	0	"model769"
0.511856823266219	0.0186219122314793	0.516331096196868	0.0186219122314793	0.995525727069351	0	"model770"
0.497986577181208	0.0065180532090715	0.976733780760626	0.00651805320907149	0.521252796420582	0	"model771"
0.653020134228188	0.0269995175493567	0.682102908277405	0.0269995175493567	0.970917225950783	0	"model772"
0.226174496644295	0.0164547432200745	0.226174496644295	0.0164547432200745	1	0	"model773"
0.580089485458613	0.0187187119796132	0.586800894854586	0.0187187119796132	0.993288590604027	0	"model774"
0.681431767337808	0.0122169410387904	0.945413870246085	0.0122169410387904	0.736017897091723	0	"model775"
0.29910514541387	0.0192748922090424	0.29910514541387	0.0192748922090424	1	0	"model776"
0.262192393736018	0.00330140844462023	0.993736017897092	0.00330140844462022	0.268456375838926	0	"model777"
0.721923937360179	0.0159258000300044	0.833780760626398	0.0159258000300044	0.888143176733781	0	"model778"
0.219910514541387	0.0173944453491331	0.219910514541387	0.0173944453491331	1	0	"model779"
0.72662192393736	0.0165339705317412	0.914541387024609	0.0165339705317412	0.812080536912752	0	"model780"
0.716778523489933	0.0137986976957141	0.882326621923937	0.0137986976957141	0.834451901565996	0	"model781"
0.289261744966443	0.0213552484333045	0.289261744966443	0.0213552484333045	1	0	"model782"
0.53758389261745	0.0194186079792801	0.542058165548098	0.0194186079792801	0.995525727069351	0	"model783"
0.521700223713647	0.0157767034053487	0.526174496644295	0.0157767034053487	0.995525727069351	0	"model784"
0.239149888143177	0.0193152404127252	0.239149888143177	0.0193152404127252	1	0	"model785"
0.462192393736018	0.018302638576158	0.462192393736018	0.018302638576158	1	0	"model786"
0.367785234899329	0.012079616245379	0.367785234899329	0.012079616245379	1	0	"model787"
0.659731543624161	0.0104639120379782	0.950559284116331	0.0104639120379783	0.70917225950783	0	"model788"
0.720805369127517	0.0197522244666885	0.848322147651007	0.0197522244666885	0.87248322147651	0	"model789"
0.17427293064877	0.00386765174642504	0.995302013422819	0.00386765174642502	0.178970917225951	0	"model790"
0.367785234899329	0.024759440381145	0.367785234899329	0.024759440381145	1	0	"model791"
0.374944071588367	0.0227704888590595	0.374944071588367	0.0227704888590595	1	0	"model792"
0.661968680089486	0.016789291432461	0.688814317673378	0.016789291432461	0.973154362416107	0	"model793"
0.567114093959732	0.0160371462845687	0.573825503355705	0.0160371462845687	0.993288590604027	0	"model794"
0.182774049217002	0.00150995203067238	0.997091722595078	0.00150995203067235	0.185682326621924	0	"model795"
0.467561521252796	0.0047162977780289	0.982102908277405	0.0047162977780289	0.485458612975392	0	"model796"
0.721923937360179	0.0146148167993928	0.849440715883669	0.0146148167993928	0.87248322147651	0	"model797"
0.745190156599553	0.0147058520952558	0.883892617449664	0.0147058520952558	0.861297539149888	0	"model798"
0.71744966442953	0.0130893195808964	0.860626398210291	0.0130893195808964	0.856823266219239	0	"model799"
0.552796420581655	0.0288128740743483	0.559507829977629	0.0288128740743483	0.993288590604027	0	"model800"
0.694854586129754	0.0207517102233272	0.741834451901566	0.0207517102233272	0.953020134228188	0	"model801"
0.548322147651007	0.0101400402227622	0.97337807606264	0.0101400402227621	0.574944071588367	0	"model802"
0.742058165548098	0.0109622223207452	0.934451901565996	0.0109622223207452	0.807606263982103	0	"model803"
0.698434004474273	0.0232681312432589	0.767785234899329	0.0232681312432589	0.930648769574944	0	"model804"
0.703803131991051	0.0209649913685973	0.77986577181208	0.0209649913685973	0.923937360178971	0	"model805"
0.65592841163311	0.023834808353137	0.685011185682327	0.023834808353137	0.970917225950783	0	"model806"
0.204697986577181	0.00241638355645334	0.994407158836689	0.00241638355645333	0.210290827740492	0	"model807"
0.694407158836689	0.0132644564917877	0.808501118568233	0.0132644564917877	0.885906040268456	0	"model808"
0.49910514541387	0.0156936535973764	0.503579418344519	0.0156936535973764	0.995525727069351	0	"model809"
0.643176733780761	0.0150349330004892	0.670022371364653	0.0150349330004892	0.973154362416107	0	"model810"
0.384116331096197	0.0157855127775274	0.384116331096197	0.0157855127775274	1	0	"model811"
0.197539149888143	0.0129182659108965	0.197539149888143	0.0129182659108965	1	0	"model812"
0.723489932885906	0.018603986433423	0.891275167785235	0.018603986433423	0.832214765100671	0	"model813"
0.33489932885906	0.0211195898757335	0.33489932885906	0.0211195898757335	1	0	"model814"
0.32751677852349	0.0175583148727952	0.32751677852349	0.0175583148727952	1	0	"model815"
0.674720357941834	0.0088359810550924	0.938702460850112	0.0088359810550924	0.736017897091723	0	"model816"
0.476286353467562	0.0163190036917816	0.476286353467562	0.0163190036917816	1	0	"model817"
0.697091722595078	0.0210708223862185	0.759731543624161	0.0210708223862185	0.937360178970917	0	"model818"
0.694183445190157	0.0311427466825774	0.747874720357942	0.0311427466825774	0.946308724832215	0	"model819"
0.0711409395973154	0.000943259555605777	0.999552572706935	0.000943259555605795	0.0715883668903803	0	"model820"
0.675838926174497	0.00581942222673429	0.948769574944072	0.00581942222673427	0.727069351230425	0	"model821"
0.531543624161074	0.0276054542017595	0.538255033557047	0.0276054542017595	0.993288590604027	0	"model822"
0.655257270693512	0.0228983421315267	0.677628635346756	0.0228983421315267	0.977628635346756	0	"model823"
0.688143176733781	0.0214889350088923	0.739597315436242	0.0214889350088923	0.948545861297539	0	"model824"
0.676062639821029	0.0209809000528407	0.734228187919463	0.0209809000528407	0.941834451901566	0	"model825"
0.563087248322148	0.0185396099947222	0.569798657718121	0.0185396099947221	0.993288590604027	0	"model826"
0.603131991051454	0.0233968302774308	0.612080536912752	0.0233968302774308	0.991051454138702	0	"model827"
0.430648769574944	0.0157219751247636	0.430648769574944	0.0157219751247636	1	0	"model828"
0.370022371364653	0.0139190724478092	0.370022371364653	0.0139190724478092	1	0	"model829"
0.17158836689038	0.0028001466600326	0.997091722595078	0.0028001466600326	0.174496644295302	0	"model830"
0.729977628635347	0.0130893195808964	0.875391498881432	0.0130893195808964	0.854586129753915	0	"model831"
0.58165548098434	0.0298284862043251	0.588366890380313	0.0298284862043251	0.993288590604027	0	"model832"
0.334228187919463	0.015398549737975	0.334228187919463	0.015398549737975	1	0	"model833"
0.632214765100671	0.00693151381871572	0.978970917225951	0.00693151381871572	0.65324384787472	0	"model834"
0.660402684563758	0.0255247151202941	0.6917225950783	0.0255247151202941	0.968680089485459	0	"model835"
0.714765100671141	0.0146604051091257	0.91834451901566	0.0146604051091257	0.796420581655481	0	"model836"
0.211409395973154	0.014158715545151	0.211409395973154	0.014158715545151	1	0	"model837"
0.724832214765101	0.0154274130242932	0.899328859060403	0.0154274130242932	0.825503355704698	0	"model838"
0.524384787472036	0.0255986810397811	0.528859060402685	0.0255986810397811	0.995525727069351	0	"model839"
0.690380313199105	0.0131803436810056	0.947651006711409	0.0131803436810056	0.742729306487696	0	"model840"
0.544295302013423	0.0192171049639923	0.548769574944072	0.0192171049639923	0.995525727069351	0	"model841"
0.552572706935123	0.021970051995013	0.559284116331096	0.021970051995013	0.993288590604027	0	"model842"
0.441834451901566	0.0154364217333963	0.441834451901566	0.0154364217333963	1	0	"model843"
0.197539149888143	0.00236991030306797	0.996196868008949	0.00236991030306796	0.201342281879195	0	"model844"
0.69821029082774	0.0156581796514758	0.796644295302013	0.0156581796514759	0.901565995525727	0	"model845"
0.389485458612975	0.0151528269536138	0.389485458612975	0.0151528269536138	1	0	"model846"
0.407606263982103	0.0177973857004341	0.407606263982103	0.0177973857004341	1	0	"model847"
0.231767337807606	0.00352935408387747	0.994630872483221	0.00352935408387744	0.237136465324385	0	"model848"
0.675167785234899	0.0117813080734565	0.948098434004474	0.0117813080734565	0.727069351230425	0	"model849"
0.721252796420582	0.0130104867934762	0.848769574944072	0.0130104867934761	0.87248322147651	0	"model850"
0.198434004474273	0.00259396377791589	0.997091722595078	0.00259396377791588	0.201342281879195	0	"model851"
0.676510067114094	0.033469103421741	0.714541387024608	0.033469103421741	0.961968680089485	0	"model852"
0.266666666666667	0.0142974627426778	0.266666666666667	0.0142974627426778	1	0	"model853"
0.30089485458613	0.0197930043847681	0.30089485458613	0.0197930043847681	1	0	"model854"
0.0476510067114094	0.00943554278173699	0.0476510067114094	0.00943554278173699	1	0	"model855"
0.635346756152125	0.01774105481487	0.655480984340045	0.01774105481487	0.979865771812081	0	"model856"
0.275391498881432	0.0241281387734975	0.275391498881432	0.0241281387734975	1	0	"model857"
0.319910514541387	0.0166077982485608	0.319910514541387	0.0166077982485608	1	0	"model858"
0.60089485458613	0.0300180405132388	0.609843400447427	0.0300180405132388	0.991051454138702	0	"model859"
0.599776286353468	0.00678966719766745	0.966666666666667	0.00678966719766745	0.633109619686801	0	"model860"
0.394183445190157	0.0224160627290834	0.394183445190157	0.0224160627290834	1	0	"model861"
0.636241610738255	0.0077640060162985	0.960626398210291	0.00776400601629852	0.675615212527964	0	"model862"
0.0156599552572707	0	1	0	0.0156599552572707	0	"model863"
0.248322147651007	0.0220962451752857	0.248322147651007	0.0220962451752857	1	0	"model864"
0.245637583892617	0.0242740474730783	0.245637583892617	0.0242740474730783	1	0	"model865"
0.0724832214765101	0.020070604033739	0.0724832214765101	0.020070604033739	1	0	"model866"
0.685906040268456	0.0141174163355099	0.934228187919463	0.0141174163355099	0.751677852348993	0	"model867"
0.289261744966443	0.0162027310194332	0.289261744966443	0.0162027310194332	1	0	"model868"
0.610738255033557	0.00587174338106771	0.970917225950783	0.00587174338106771	0.639821029082774	0	"model869"
0.715659955257271	0.0177551542910973	0.843176733780761	0.0177551542910973	0.87248322147651	0	"model870"
0.641387024608501	0.0243255374145671	0.652572706935123	0.0243255374145671	0.988814317673378	0	"model871"
0.748545861297539	0.0153261537105624	0.8917225950783	0.0153261537105624	0.856823266219239	0	"model872"
0.0579418344519016	0.0107780561585964	0.0579418344519016	0.0107780561585964	1	0	"model873"
0.700223713646532	0.0118846960853909	0.937360178970917	0.0118846960853909	0.762863534675615	0	"model874"
0.661968680089486	0.00581942222673426	0.966219239373602	0.0058194222267343	0.695749440715884	0	"model875"
0.682102908277405	0.0124088832938595	0.948322147651007	0.0124088832938595	0.733780760626398	0	"model876"
0.420805369127517	0.0268756564287965	0.420805369127517	0.0268756564287965	1	0	"model877"
0.241834451901566	0.00499682790984368	0.991275167785235	0.00499682790984368	0.250559284116331	0	"model878"
0.512975391498881	0.018389025873429	0.515212527964206	0.018389025873429	0.997762863534676	0	"model879"
0.351454138702461	0.0195157301902142	0.351454138702461	0.0195157301902142	1	0	"model880"
0.706263982102908	0.012875147413062	0.827069351230425	0.0128751474130621	0.879194630872483	0	"model881"
0.710514541387025	0.0127077753343122	0.934228187919463	0.0127077753343122	0.776286353467561	0	"model882"
0.256823266219239	0.00457262034802561	0.992841163310962	0.00457262034802561	0.263982102908277	0	"model883"
0.00671140939597315	0	1	0	0.00671140939597315	0	"model884"
0.608948545861298	0.00713705361014493	0.964653243847875	0.0071370536101449	0.644295302013423	0	"model885"
0.182774049217002	0.00212233400011301	0.997091722595078	0.00212233400011298	0.185682326621924	0	"model886"
0.414988814317673	0.0241925849328983	0.414988814317673	0.0241925849328983	1	0	"model887"
0.705369127516778	0.0148787796117719	0.799328859060403	0.0148787796117719	0.906040268456376	0	"model888"
0.667785234899329	0.0268508156411466	0.701342281879195	0.0268508156411467	0.966442953020134	0	"model889"
0.124832214765101	0.0177034013133171	0.124832214765101	0.0177034013133171	1	0	"model890"
0.71744966442953	0.016875187620265	0.822595078299776	0.016875187620265	0.894854586129754	0	"model891"
0.266890380313199	0.0220471157532014	0.266890380313199	0.0220471157532014	1	0	"model892"
0.409395973154362	0.026174390417277	0.409395973154362	0.026174390417277	1	0	"model893"
0.603803131991051	0.0305004475985835	0.614988814317673	0.0305004475985835	0.988814317673378	0	"model894"
0.358389261744966	0.021007387754403	0.358389261744966	0.021007387754403	1	0	"model895"
0.678970917225951	0.0199887026900525	0.79082774049217	0.0199887026900525	0.888143176733781	0	"model896"
0.666666666666667	0.0161666542794025	0.691275167785235	0.0161666542794025	0.975391498881432	0	"model897"
0.696420581655481	0.0114582743279678	0.752348993288591	0.0114582743279678	0.94407158836689	0	"model898"
0.471364653243848	0.00460292300134556	0.985906040268456	0.00460292300134557	0.485458612975392	0	"model899"
0.262863534675615	0.0240311454799732	0.262863534675615	0.0240311454799732	1	0	"model900"
0.328859060402685	0.0329297571451448	0.328859060402685	0.0329297571451448	1	0	"model901"
0.183668903803132	0.00195882558338012	0.997986577181208	0.0019588255833801	0.185682326621924	0	"model902"
0.472930648769575	0.0273219815601598	0.472930648769575	0.0273219815601598	1	0	"model903"
0.615212527964206	0.0288234870843963	0.626398210290828	0.0288234870843963	0.988814317673378	0	"model904"
0.650782997762864	0.0211826885046944	0.677628635346756	0.0211826885046944	0.973154362416107	0	"model905"
0.708501118568233	0.0186592023329672	0.923266219239374	0.0186592023329672	0.785234899328859	0	"model906"
0.120805369127517	0.0158189436507058	0.120805369127517	0.0158189436507058	1	0	"model907"
0.721476510067114	0.011660324959815	0.904921700223714	0.011660324959815	0.8165548098434	0	"model908"
0.653467561521253	0.0218800130181363	0.669127516778524	0.0218800130181363	0.984340044742729	0	"model909"
0.532662192393736	0.0287935676703618	0.537136465324385	0.0287935676703618	0.995525727069351	0	"model910"
0.28076062639821	0.00486144847516976	0.992170022371365	0.00486144847516975	0.288590604026846	0	"model911"
0.242953020134228	0.0259439249683097	0.242953020134228	0.0259439249683097	1	0	"model912"
0.132885906040268	0.0174630438773589	0.132885906040268	0.0174630438773589	1	0	"model913"
0.700671140939597	0.0199483228377303	0.810290827740492	0.0199483228377303	0.890380313199105	0	"model914"
0.71006711409396	0.00877282098126934	0.922595078299776	0.00877282098126933	0.787472035794183	0	"model915"
0.714541387024608	0.0134724412117956	0.801789709172259	0.0134724412117956	0.912751677852349	0	"model916"
0.559731543624161	0.0230037393906176	0.566442953020134	0.0230037393906176	0.993288590604027	0	"model917"
0.26241610738255	0.00380970612213119	0.989485458612975	0.0038097061221312	0.272930648769575	0	"model918"
0.668008948545861	0.0121713382628505	0.958836689038031	0.0121713382628505	0.70917225950783	0	"model919"
0.726398210290828	0.014190100932613	0.840492170022371	0.0141901009326129	0.885906040268456	0	"model920"
0.650335570469799	0.0055853790637059	0.956823266219239	0.00558537906370588	0.693512304250559	0	"model921"
0.397091722595078	0.0222279769735852	0.397091722595078	0.0222279769735852	1	0	"model922"
0.661744966442953	0.0223912414804907	0.695302013422819	0.0223912414804908	0.966442953020134	0	"model923"
0.697315436241611	0.0131740135708121	0.784563758389262	0.0131740135708122	0.912751677852349	0	"model924"
0.182102908277405	0.0186636721383572	0.182102908277405	0.0186636721383572	1	0	"model925"
0.698881431767338	0.0143518111543259	0.777181208053691	0.0143518111543259	0.921700223713647	0	"model926"
0.692393736017897	0.0165826666352998	0.788590604026846	0.0165826666352998	0.903803131991051	0	"model927"
0.539149888143177	0.00279019939356744	0.982102908277405	0.00279019939356744	0.557046979865772	0	"model928"
0.686800894854586	0.0150626471862223	0.720357941834452	0.0150626471862224	0.966442953020134	0	"model929"
0.634451901565996	0.0183935613343127	0.645637583892617	0.0183935613343127	0.988814317673378	0	"model930"
0.0259507829977629	0.00902280892602784	0.0259507829977629	0.00902280892602784	1	0	"model931"
0.23489932885906	0.0131296173465019	0.23489932885906	0.0131296173465019	1	0	"model932"
0.705145413870246	0.0187706281551705	0.803579418344519	0.0187706281551705	0.901565995525727	0	"model933"
0.444295302013423	0.0299066834810404	0.444295302013423	0.0299066834810404	1	0	"model934"
0.63668903803132	0.00643217260338489	0.967785234899329	0.00643217260338489	0.668903803131991	0	"model935"
0.326398210290828	0.0215212579642104	0.326398210290828	0.0215212579642104	1	0	"model936"
0.698434004474273	0.0185920262994749	0.76331096196868	0.0185920262994749	0.935123042505593	0	"model937"
0.558389261744966	0.0252487167830687	0.562863534675615	0.0252487167830687	0.995525727069351	0	"model938"
0.165995525727069	0.0148319879378993	0.165995525727069	0.0148319879378993	1	0	"model939"
0.581879194630872	0.00324191873516543	0.975615212527964	0.0032419187351654	0.606263982102908	0	"model940"
0.696196868008949	0.013701636483646	0.917673378076063	0.013701636483646	0.778523489932886	0	"model941"
0.208724832214765	0.0188666648976038	0.208724832214765	0.0188666648976038	1	0	"model942"
0.11834451901566	0.0113313900365282	0.11834451901566	0.0113313900365282	1	0	"model943"
0.247427293064877	0.0148469773181146	0.247427293064877	0.0148469773181146	1	0	"model944"
0.47427293064877	0.0311775465478999	0.47427293064877	0.0311775465478999	1	0	"model945"
0.0713646532438479	0.0157290475385828	0.0713646532438479	0.0157290475385828	1	0	"model946"
0.696196868008949	0.0232442198904797	0.794630872483222	0.0232442198904797	0.901565995525727	0	"model947"
0.684340044742729	0.0220067225150993	0.73579418344519	0.0220067225150993	0.948545861297539	0	"model948"
0.654362416107383	0.0116125365416834	0.945190156599553	0.0116125365416834	0.70917225950783	0	"model949"
0.727293064876958	0.0146300286867264	0.767561521252796	0.0146300286867263	0.959731543624161	0	"model950"
0.731991051454139	0.0118753343698102	0.843847874720358	0.0118753343698102	0.888143176733781	0	"model951"
0.409395973154362	0.0135054215333891	0.409395973154362	0.0135054215333891	1	0	"model952"
0.187024608501119	0.0213331031122311	0.187024608501119	0.0213331031122311	1	0	"model953"
0.119463087248322	0.0136365452058613	0.119463087248322	0.0136365452058613	1	0	"model954"
0.581208053691275	0.0153840977875945	0.590156599552573	0.0153840977875945	0.991051454138702	0	"model955"
0.598881431767338	0.0255519333616434	0.607829977628635	0.0255519333616433	0.991051454138702	0	"model956"
0.178747203579418	0.016420913531288	0.178747203579418	0.016420913531288	1	0	"model957"
0.360178970917226	0.0204765551345951	0.360178970917226	0.0204765551345951	1	0	"model958"
0.622818791946309	0.0051879275558318	0.960626398210291	0.0051879275558318	0.662192393736018	0	"model959"
0.132885906040268	0.00115525230311929	0.998657718120805	0.00115525230311931	0.134228187919463	0	"model960"
0.677628635346756	0.0230918050023134	0.726845637583893	0.0230918050023134	0.950782997762864	0	"model961"
0.441610738255034	0.0160354124452983	0.441610738255034	0.0160354124452983	1	0	"model962"
0.0852348993288591	0.0109824945938555	0.0852348993288591	0.0109824945938555	1	0	"model963"
0.684563758389262	0.00863224228395989	0.937360178970917	0.00863224228395991	0.747203579418344	0	"model964"
0.746979865771812	0.016789291432461	0.894630872483221	0.016789291432461	0.852348993288591	0	"model965"
0.693288590604027	0.0239198144128291	0.726845637583893	0.0239198144128291	0.966442953020134	0	"model966"
0.238255033557047	0.00825352111155058	0.98993288590604	0.00825352111155059	0.248322147651007	0	"model967"
0.658612975391499	0.0157202065241478	0.68993288590604	0.0157202065241478	0.968680089485459	0	"model968"
0.474944071588367	0.017711252394156	0.474944071588367	0.017711252394156	1	0	"model969"
0.599776286353468	0.0151528269536138	0.608724832214765	0.0151528269536138	0.991051454138702	0	"model970"
0.226398210290828	0.0135793343953349	0.226398210290828	0.0135793343953349	1	0	"model971"
0.603803131991051	0.0191126476330599	0.612751677852349	0.0191126476330599	0.991051454138702	0	"model972"
0.590604026845638	0.0212495255015287	0.599552572706935	0.0212495255015287	0.991051454138702	0	"model973"
0.378076062639821	0.0266585576908568	0.378076062639821	0.0266585576908568	1	0	"model974"
0.650111856823266	0.00838387431621488	0.956599552572707	0.00838387431621489	0.693512304250559	0	"model975"
0.416107382550336	0.0192156580562642	0.416107382550336	0.0192156580562642	1	0	"model976"
0.263534675615213	0.0197803575452771	0.263534675615213	0.0197803575452771	1	0	"model977"
0.715436241610738	0.0089361086824431	0.901118568232662	0.00893610868244311	0.814317673378076	0	"model978"
0.447651006711409	0.0326149979625966	0.447651006711409	0.0326149979625966	1	0	"model979"
0.724384787472036	0.0150182799405508	0.851901565995526	0.0150182799405508	0.87248322147651	0	"model980"
0.6917225950783	0.0188887578809695	0.72751677852349	0.0188887578809695	0.96420581655481	0	"model981"
0.439821029082774	0.0242144116242833	0.439821029082774	0.0242144116242833	1	0	"model982"
0.477628635346756	0.0221527975801834	0.477628635346756	0.0221527975801834	1	0	"model983"
0.608948545861298	0.0270273080747485	0.617897091722595	0.0270273080747485	0.991051454138702	0	"model984"
0.708053691275168	0.010292448726206	0.91834451901566	0.010292448726206	0.789709172259508	0	"model985"
0.202237136465324	0.0240531186679474	0.202237136465324	0.0240531186679474	1	0	"model986"
0.251454138702461	0.0200428783622161	0.251454138702461	0.0200428783622161	1	0	"model987"
0.314988814317673	0.0184116920053822	0.314988814317673	0.0184116920053822	1	0	"model988"
0.166890380313199	0.014313011918282	0.166890380313199	0.014313011918282	1	0	"model989"
0.700671140939597	0.0251073652635573	0.792393736017897	0.0251073652635573	0.9082774049217	0	"model990"
0.429082774049217	0.0251516229486447	0.429082774049217	0.0251516229486447	1	0	"model991"
0.29910514541387	0.0200109463499494	0.29910514541387	0.0200109463499494	1	0	"model992"
0.642953020134228	0.0174311711662186	0.672035794183445	0.0174311711662186	0.970917225950783	0	"model993"
0.353914988814318	0.0224656229548015	0.353914988814318	0.0224656229548015	1	0	"model994"
0.538478747203579	0.0252013199402934	0.542953020134228	0.0252013199402934	0.995525727069351	0	"model995"
0.525279642058166	0.0262338102222759	0.529753914988814	0.0262338102222759	0.995525727069351	0	"model996"
0.586129753914989	0.0232729105657379	0.595078299776286	0.0232729105657379	0.991051454138702	0	"model997"
0.557046979865772	0.0069954000892221	0.973154362416107	0.00699540008922213	0.583892617449664	0	"model998"
0.576062639821029	0.0213083252233103	0.582774049217002	0.0213083252233103	0.993288590604027	0	"model999"
0.192170022371365	0.0219814390479792	0.192170022371365	0.0219814390479792	1	0	"model1000"
