"TSS.MN"	"TSS.sd"	"speci.MN"	"speci.sd"	"sensi.MN"	"sensi.sd"	"model"
0	0	0	0	1	0	"model1"
0.0101123595505618	0.0123652239844338	0.0101123595505618	0.0123652239844338	1	0	"model2"
0.00674157303370787	0.00580222224150924	0.00674157303370787	0.00580222224150924	1	0	"model3"
0.119101123595506	0.0397074405414189	0.119101123595506	0.0397074405414189	1	0	"model4"
0.171910112359551	0.037471905433051	0.171910112359551	0.037471905433051	1	0	"model5"
0.0202247191011236	0.015712492107418	0.0202247191011236	0.015712492107418	1	0	"model6"
0	0	0	0	1	0	"model7"
0.0629213483146067	0.0255121893122493	0.0629213483146067	0.0255121893122493	1	0	"model8"
0.3	0.0524478313601058	0.344943820224719	0.0524478313601058	0.955056179775281	0	"model9"
0.0314606741573034	0.0138120516214126	0.0314606741573034	0.0138120516214126	1	0	"model10"
0.179775280898876	0.0363122086697852	0.179775280898876	0.0363122086697852	1	0	"model11"
0.0179775280898876	0.0131886268626659	0.0179775280898876	0.0131886268626659	1	0	"model12"
0.360674157303371	0.0649680501176194	0.360674157303371	0.0649680501176194	1	0	"model13"
0.00674157303370787	0.0094749892439502	0.00674157303370787	0.0094749892439502	1	0	"model14"
0.0595505617977528	0.0275478285369787	0.0595505617977528	0.0275478285369787	1	0	"model15"
0.155056179775281	0.0274202325359148	0.155056179775281	0.0274202325359148	1	0	"model16"
0	0	0	0	1	0	"model17"
0.276404494382022	0.0213187257988879	0.276404494382022	0.0213187257988879	1	0	"model18"
0.186516853932584	0.0348133334490554	0.186516853932584	0.0348133334490554	1	0	"model19"
0.406741573033708	0.0399188392343797	0.451685393258427	0.0399188392343797	0.955056179775281	0	"model20"
0.0382022471910112	0.023208888966037	0.0382022471910112	0.023208888966037	1	0	"model21"
0.00674157303370787	0.007856246053709	0.00674157303370787	0.007856246053709	1	0	"model22"
0.149438202247191	0.0370956719533015	0.149438202247191	0.0370956719533015	1	0	"model23"
0.0640449438202247	0.0237170639685207	0.0640449438202247	0.0237170639685207	1	0	"model24"
0.41123595505618	0.0414361548642377	0.467415730337079	0.0414361548642377	0.943820224719101	0	"model25"
0.0134831460674157	0.0103251301513784	0.0134831460674157	0.0103251301513784	1	0	"model26"
0.293258426966292	0.0394415988521371	0.293258426966292	0.0394415988521371	1	0	"model27"
0.0269662921348315	0.0151673833193383	0.0269662921348315	0.0151673833193383	1	0	"model28"
0.0707865168539326	0.0140636579442087	0.0707865168539326	0.0140636579442087	1	0	"model29"
0.451685393258427	0.0589337476038081	0.586516853932584	0.0589337476038081	0.865168539325843	0	"model30"
0.202247191011236	0.031780080053328	0.202247191011236	0.031780080053328	1	0	"model31"
0.304494382022472	0.0453941236737848	0.304494382022472	0.0453941236737848	1	0	"model32"
0.133707865168539	0.0368680889957295	0.133707865168539	0.0368680889957295	1	0	"model33"
0.129213483146067	0.0300793603075075	0.129213483146067	0.0300793603075075	1	0	"model34"
0.29438202247191	0.0409594700059695	0.328089887640449	0.0409594700059695	0.966292134831461	0	"model35"
0.125842696629213	0.0263772537253318	0.125842696629213	0.0263772537253318	1	0	"model36"
0.255056179775281	0.0502626746348189	0.28876404494382	0.0502626746348189	0.966292134831461	0	"model37"
0	0	0	0	1	0	"model38"
0.371910112359551	0.0463118874746056	0.428089887640449	0.0463118874746056	0.943820224719101	0	"model39"
0.0191011235955056	0.0119028079266447	0.0191011235955056	0.0119028079266447	1	0	"model40"
0.149438202247191	0.0403556966203775	0.149438202247191	0.0403556966203775	1	0	"model41"
0.0415730337078652	0.0225030994543817	0.0415730337078652	0.0225030994543817	1	0	"model42"
0.220224719101124	0.0286216826584911	0.231460674157303	0.0286216826584911	0.98876404494382	0	"model43"
0.0134831460674157	0.0103251301513784	0.0134831460674157	0.0103251301513784	1	0	"model44"
0.00898876404494382	0.00710624193296265	0.00898876404494382	0.00710624193296265	1	0	"model45"
0.214606741573034	0.0431768772642834	0.214606741573034	0.0431768772642834	1	0	"model46"
0.134831460674157	0.0334991457303339	0.134831460674157	0.0334991457303339	1	0	"model47"
-0.221348314606742	0.0433713686867838	0.565168539325843	0.0433713686867838	0.213483146067416	0	"model48"
0.156179775280899	0.0394415988521371	0.156179775280899	0.0394415988521371	1	0	"model49"
0.0550561797752809	0.0227510749790074	0.0550561797752809	0.0227510749790074	1	0	"model50"
0.324719101123596	0.0514759911566402	0.324719101123596	0.0514759911566402	1	0	"model51"
0.0191011235955056	0.0150280169645984	0.0191011235955056	0.0150280169645984	1	0	"model52"
0.169662921348315	0.0292278846668564	0.169662921348315	0.0292278846668564	1	0	"model53"
0.312359550561798	0.0669564044347162	0.323595505617978	0.0669564044347162	0.98876404494382	0	"model54"
0.402247191011236	0.0499126029931316	0.447191011235955	0.0499126029931316	0.955056179775281	0	"model55"
-0.147191011235955	0.0447718307184078	0.796629213483146	0.0447718307184078	0.0561797752808989	0	"model56"
0	0	0	0	1	0	"model57"
0	0	0	0	1	0	"model58"
0.0539325842696629	0.0174066667245277	0.0539325842696629	0.0174066667245277	1	0	"model59"
0.00337078651685393	0.00758369165966913	0.00337078651685393	0.00758369165966913	1	0	"model60"
0.10561797752809	0.029107654273746	0.10561797752809	0.029107654273746	1	0	"model61"
0.0146067415730337	0.0140636579442087	0.0146067415730337	0.0140636579442087	1	0	"model62"
0.048314606741573	0.0225030994543817	0.048314606741573	0.0225030994543817	1	0	"model63"
0.00224719101123595	0.0047374946219751	0.00224719101123595	0.0047374946219751	1	0	"model64"
0.226966292134831	0.04519281836404	0.226966292134831	0.04519281836404	1	0	"model65"
0.178651685393258	0.0319780886983319	0.178651685393258	0.0319780886983319	1	0	"model66"
0.186516853932584	0.031424984214836	0.186516853932584	0.031424984214836	1	0	"model67"
0	0	0	0	1	0	"model68"
0.0651685393258427	0.023568738161127	0.0651685393258427	0.023568738161127	1	0	"model69"
0.32247191011236	0.0565654675596601	0.367415730337079	0.0565654675596601	0.955056179775281	0	"model70"
0.208988764044944	0.0219668588743299	0.208988764044944	0.0219668588743299	1	0	"model71"
0.164044943820225	0.031424984214836	0.164044943820225	0.031424984214836	1	0	"model72"
0.417977528089888	0.0358456512779188	0.462921348314607	0.0358456512779188	0.955056179775281	0	"model73"
0.156179775280899	0.041181474179486	0.156179775280899	0.041181474179486	1	0	"model74"
0.297752808988764	0.037546699729894	0.342696629213483	0.037546699729894	0.955056179775281	0	"model75"
0.121348314606742	0.0338324787734418	0.121348314606742	0.0338324787734418	1	0	"model76"
0.0247191011235955	0.0147928222158288	0.0247191011235955	0.0147928222158288	1	0	"model77"
0.241573033707865	0.029131740048884	0.241573033707865	0.029131740048884	1	0	"model78"
0.0101123595505618	0.00829061558845643	0.0101123595505618	0.00829061558845643	1	0	"model79"
0.166292134831461	0.0165812311769129	0.166292134831461	0.0165812311769129	1	0	"model80"
0.0303370786516854	0.0176069801850834	0.0303370786516854	0.0176069801850834	1	0	"model81"
0.1	0.0328436872934738	0.1	0.0328436872934738	1	0	"model82"
0.152808988764045	0.0397074405414189	0.152808988764045	0.0397074405414189	1	0	"model83"
0.184269662921348	0.0386330995003075	0.184269662921348	0.0386330995003075	1	0	"model84"
0.185393258426966	0.0371712232982757	0.185393258426966	0.0371712232982757	1	0	"model85"
0.0123595505617978	0.0123652239844338	0.0123595505617978	0.0123652239844338	1	0	"model86"
0.11123595505618	0.0239524748394299	0.11123595505618	0.0239524748394299	1	0	"model87"
0.0101123595505618	0.0098381464693361	0.0101123595505618	0.0098381464693361	1	0	"model88"
0.215730337078652	0.0409594700059695	0.215730337078652	0.0409594700059695	1	0	"model89"
0.168539325842697	0.0299625468164794	0.617977528089888	0.0299625468164794	0.550561797752809	0	"model90"
0.0707865168539326	0.0290352770686357	0.0707865168539326	0.0290352770686357	1	0	"model91"
0.00337078651685393	0.00542748192741177	0.00337078651685393	0.00542748192741177	1	0	"model92"
0.0123595505617978	0.00829061558845643	0.0123595505617978	0.00829061558845643	1	0	"model93"
0.142696629213483	0.0392990813170777	0.142696629213483	0.0392990813170777	1	0	"model94"
0.0213483146067416	0.0134518988734592	0.0213483146067416	0.0134518988734592	1	0	"model95"
0.257303370786517	0.041181474179486	0.268539325842697	0.041181474179486	0.98876404494382	0	"model96"
0.230337078651685	0.0411132928840827	0.230337078651685	0.0411132928840827	1	0	"model97"
0.432584269662921	0.0791406240041777	0.544943820224719	0.0791406240041777	0.887640449438202	0	"model98"
0.00561797752808989	0.00794502001333199	0.00561797752808989	0.00794502001333199	1	0	"model99"
0.197752808988764	0.0404078021251271	0.197752808988764	0.0404078021251271	1	0	"model100"
0.217977528089888	0.0276241032428251	0.217977528089888	0.0276241032428251	1	0	"model101"
0.178651685393258	0.0357084237799342	0.178651685393258	0.0357084237799342	1	0	"model102"
0.184269662921348	0.0378999569758008	0.184269662921348	0.0378999569758008	1	0	"model103"
0.139325842696629	0.0389945021268026	0.139325842696629	0.0389945021268026	1	0	"model104"
0.401123595505618	0.0464932663181505	0.401123595505618	0.0464932663181505	1	0	"model105"
0.346067415730337	0.0537032159668462	0.346067415730337	0.0537032159668462	1	0	"model106"
0.00337078651685393	0.00758369165966913	0.00337078651685393	0.00758369165966913	1	0	"model107"
0.371910112359551	0.0301724854848282	0.41685393258427	0.0301724854848282	0.955056179775281	0	"model108"
0.313483146067416	0.0425221482531385	0.358426966292135	0.0425221482531385	0.955056179775281	0	"model109"
-0.198876404494382	0.0599367966100517	0.744943820224719	0.0599367966100517	0.0561797752808989	0	"model110"
0.133707865168539	0.0438218252532697	0.133707865168539	0.0438218252532697	1	0	"model111"
0.00786516853932584	0.00925025395897264	0.00786516853932584	0.00925025395897264	1	0	"model112"
-0.31123595505618	0.0436935972527038	0.68876404494382	0.0436935972527037	0	0	"model113"
0.0471910112359551	0.0174066667245277	0.0471910112359551	0.0174066667245277	1	0	"model114"
0.0146067415730337	0.010659362899444	0.0146067415730337	0.010659362899444	1	0	"model115"
0.151685393258427	0.0477436284044268	0.151685393258427	0.0477436284044268	1	0	"model116"
0.428089887640449	0.0401465983396603	0.484269662921348	0.0401465983396603	0.943820224719101	0	"model117"
0.0123595505617978	0.00829061558845643	0.0123595505617978	0.00829061558845643	1	0	"model118"
0.397752808988764	0.0651297831289413	0.442696629213483	0.0651297831289413	0.955056179775281	0	"model119"
0.231460674157303	0.0550956570739574	0.231460674157303	0.0550956570739574	1	0	"model120"
0.0696629213483146	0.0284249677318506	0.0696629213483146	0.0284249677318506	1	0	"model121"
0.00898876404494382	0.0103251301513784	0.00898876404494382	0.0103251301513784	1	0	"model122"
-0.124719101123596	0.0408394294338097	0.717977528089888	0.0408394294338097	0.157303370786517	0	"model123"
0.323595505617978	0.0552482064856503	0.368539325842697	0.0552482064856503	0.955056179775281	0	"model124"
0	0	0	0	1	0	"model125"
0.00224719101123595	0.0047374946219751	0.00224719101123595	0.0047374946219751	1	0	"model126"
0.161797752808989	0.0363893866711344	0.161797752808989	0.0363893866711344	1	0	"model127"
0.00337078651685393	0.00542748192741177	0.00337078651685393	0.00542748192741177	1	0	"model128"
0.0146067415730337	0.00758369165966913	0.0146067415730337	0.00758369165966913	1	0	"model129"
0.0112359550561798	0.00749063670411985	0.0112359550561798	0.00749063670411985	1	0	"model130"
0.314606741573034	0.0403383131620562	0.314606741573034	0.0403383131620562	1	0	"model131"
0.18876404494382	0.0321312518195164	0.18876404494382	0.0321312518195164	1	0	"model132"
-0.195505617977528	0.0414361548642377	0.793258426966292	0.0414361548642377	0.0112359550561798	0	"model133"
0.0786516853932584	0.0198183618806336	0.0786516853932584	0.0198183618806336	1	0	"model134"
-0.171910112359551	0.0529800401341034	0.80561797752809	0.0529800401341034	0.0224719101123595	0	"model135"
0.138202247191011	0.0502626746348189	0.138202247191011	0.0502626746348189	1	0	"model136"
0.0303370786516854	0.0167913945853632	0.0303370786516854	0.0167913945853632	1	0	"model137"
0.185393258426966	0.0318902366403116	0.185393258426966	0.0318902366403116	1	0	"model138"
0.0629213483146067	0.0169162393867209	0.0629213483146067	0.0169162393867209	1	0	"model139"
0.285393258426966	0.0318682357845433	0.285393258426966	0.0318682357845433	1	0	"model140"
0.0112359550561798	0.010593360017776	0.0112359550561798	0.010593360017776	1	0	"model141"
0.0573033707865169	0.0450840508937952	0.495505617977528	0.0450840508937952	0.561797752808989	0	"model142"
0.115730337078652	0.0343468360093195	0.115730337078652	0.0343468360093195	1	0	"model143"
0.343820224719101	0.0615874300856763	0.38876404494382	0.0615874300856763	0.955056179775281	0	"model144"
0.447191011235955	0.0487754924227706	0.514606741573034	0.0487754924227706	0.932584269662921	0	"model145"
0.165168539325843	0.0499828134695228	0.165168539325843	0.0499828134695228	1	0	"model146"
0.304494382022472	0.0387237663687276	0.304494382022472	0.0387237663687276	1	0	"model147"
0.292134831460674	0.0482550514109555	0.292134831460674	0.0482550514109555	1	0	"model148"
0.191011235955056	0.0547892840386809	0.202247191011236	0.0547892840386809	0.98876404494382	0	"model149"
0.17752808988764	0.0316916791030804	0.17752808988764	0.0316916791030804	1	0	"model150"
0.0134831460674157	0.0138120516214126	0.0134831460674157	0.0138120516214126	1	0	"model151"
-0.207865168539326	0.0340185433044662	0.792134831460674	0.0340185433044662	0	0	"model152"
0.0404494382022472	0.0199594196171899	0.0404494382022472	0.0199594196171899	1	0	"model153"
0.310112359550562	0.0563542857642068	0.310112359550562	0.0563542857642068	1	0	"model154"
0.00561797752808989	0.00794502001333199	0.00561797752808989	0.00794502001333199	1	0	"model155"
0.204494382022472	0.0409594700059695	0.204494382022472	0.0409594700059695	1	0	"model156"
0.265168539325843	0.0424395969264878	0.287640449438202	0.0424395969264878	0.97752808988764	0	"model157"
0.142696629213483	0.0392990813170777	0.142696629213483	0.0392990813170777	1	0	"model158"
0.048314606741573	0.025429580819128	0.048314606741573	0.025429580819128	1	0	"model159"
0.0404494382022472	0.02259640918202	0.0404494382022472	0.02259640918202	1	0	"model160"
0.406741573033708	0.0329928322779704	0.519101123595506	0.0329928322779704	0.887640449438202	0	"model161"
0.191011235955056	0.0275223566604851	0.191011235955056	0.0275223566604851	1	0	"model162"
0.386516853932584	0.0363893866711344	0.431460674157303	0.0363893866711344	0.955056179775281	0	"model163"
0.0528089887640449	0.0205481149428393	0.0528089887640449	0.0205481149428393	1	0	"model164"
0.00224719101123595	0.0047374946219751	0.00224719101123595	0.0047374946219751	1	0	"model165"
0.22247191011236	0.0395658805879978	0.22247191011236	0.0395658805879978	1	0	"model166"
0.0202247191011236	0.0203767348445475	0.0202247191011236	0.0203767348445475	1	0	"model167"
0.00449438202247191	0.00580222224150924	0.00449438202247191	0.00580222224150924	1	0	"model168"
0.0280898876404494	0.0121362185363443	0.0280898876404494	0.0121362185363443	1	0	"model169"
0.423595505617978	0.0613249419288272	0.479775280898876	0.0613249419288272	0.943820224719101	0	"model170"
0.270786516853933	0.0401465983396603	0.270786516853933	0.0401465983396603	1	0	"model171"
0.161797752808989	0.0356100803715497	0.161797752808989	0.0356100803715497	1	0	"model172"
0	0	0	0	1	0	"model173"
0.17752808988764	0.0346517857864281	0.17752808988764	0.0346517857864281	1	0	"model174"
0.182022471910112	0.0342445826237077	0.182022471910112	0.0342445826237077	1	0	"model175"
0.0202247191011236	0.0116044444830185	0.0202247191011236	0.0116044444830185	1	0	"model176"
0.129213483146067	0.0331836051435756	0.129213483146067	0.0331836051435756	1	0	"model177"
0.051685393258427	0.0427688462130942	0.512359550561798	0.0427688462130942	0.539325842696629	0	"model178"
0.0101123595505618	0.0111733587192332	0.0101123595505618	0.0111733587192332	1	0	"model179"
0.0146067415730337	0.00758369165966913	0.0146067415730337	0.00758369165966913	1	0	"model180"
0.1	0.0153968575214191	0.1	0.0153968575214191	1	0	"model181"
0.440449438202247	0.0362348662844879	0.462921348314607	0.0362348662844879	0.97752808988764	0	"model182"
0.158426966292135	0.0267206876130891	0.158426966292135	0.0267206876130891	1	0	"model183"
0.110112359550562	0.0289142457911892	0.110112359550562	0.0289142457911892	1	0	"model184"
0.097752808988764	0.0295144394080083	0.097752808988764	0.0295144394080083	1	0	"model185"
0.130337078651685	0.0421077732511017	0.647191011235955	0.0421077732511017	0.48314606741573	0	"model186"
0.462921348314607	0.0603449709696564	0.519101123595506	0.0603449709696564	0.943820224719101	0	"model187"
0.273033707865169	0.0555646726236801	0.273033707865169	0.0555646726236801	1	0	"model188"
0.00561797752808989	0.00592186827746887	0.00561797752808989	0.00592186827746887	1	0	"model189"
0.00561797752808989	0.00794502001333199	0.00561797752808989	0.00794502001333199	1	0	"model190"
0.251685393258427	0.0505826007974056	0.61123595505618	0.0505826007974056	0.640449438202247	0	"model191"
0.121348314606742	0.0399188392343797	0.121348314606742	0.0399188392343797	1	0	"model192"
0.0393258426966292	0.0142617473892583	0.0393258426966292	0.0142617473892583	1	0	"model193"
0.0685393258426966	0.0282517186002189	0.0685393258426966	0.0282517186002189	1	0	"model194"
0.152808988764045	0.0480219338571524	0.152808988764045	0.0480219338571524	1	0	"model195"
0.204494382022472	0.0325648915644706	0.204494382022472	0.0325648915644706	1	0	"model196"
0.279775280898876	0.0310883984561006	0.279775280898876	0.0310883984561006	1	0	"model197"
0.137078651685393	0.0279271189248049	0.137078651685393	0.0279271189248049	1	0	"model198"
0.0460674157303371	0.0256492789037662	0.0460674157303371	0.0256492789037662	1	0	"model199"
0.167415730337079	0.041857179238797	0.167415730337079	0.041857179238797	1	0	"model200"
0.419101123595506	0.0555646726236801	0.464044943820225	0.0555646726236801	0.955056179775281	0	"model201"
0.369662921348315	0.0713480688505209	0.392134831460674	0.071348068850521	0.97752808988764	0	"model202"
0.195505617977528	0.0339979197540381	0.206741573033708	0.0339979197540381	0.98876404494382	0	"model203"
0.0191011235955056	0.0150280169645984	0.0191011235955056	0.0150280169645984	1	0	"model204"
0.108988764044944	0.0265098702160096	0.108988764044944	0.0265098702160096	1	0	"model205"
0.115730337078652	0.0339359739028443	0.115730337078652	0.0339359739028443	1	0	"model206"
0.125842696629213	0.038487588250682	0.125842696629213	0.038487588250682	1	0	"model207"
0.350561797752809	0.0298687670971938	0.395505617977528	0.0298687670971938	0.955056179775281	0	"model208"
0.264044943820225	0.0390124843745312	0.264044943820225	0.0390124843745312	1	0	"model209"
0.0382022471910112	0.0142124838659253	0.0382022471910112	0.0142124838659253	1	0	"model210"
0.0865168539325843	0.0335200761576995	0.0865168539325843	0.0335200761576995	1	0	"model211"
0.42247191011236	0.0500248924556225	0.467415730337079	0.0500248924556225	0.955056179775281	0	"model212"
0.00898876404494382	0.0116044444830185	0.00898876404494382	0.0116044444830185	1	0	"model213"
0.0887640449438202	0.0319780886983319	0.0887640449438202	0.0319780886983319	1	0	"model214"
0.31685393258427	0.0358456512779188	0.31685393258427	0.0358456512779188	1	0	"model215"
0.0146067415730337	0.0167913945853632	0.0146067415730337	0.0167913945853632	1	0	"model216"
0.0550561797752809	0.0261904625274114	0.0550561797752809	0.0261904625274114	1	0	"model217"
0.0932584269662921	0.0259753421489134	0.0932584269662921	0.0259753421489134	1	0	"model218"
0.0382022471910112	0.0151673833193383	0.0382022471910112	0.0151673833193383	1	0	"model219"
0.00337078651685393	0.00758369165966913	0.00337078651685393	0.00758369165966913	1	0	"model220"
0.380898876404494	0.0357084237799342	0.380898876404494	0.0357084237799342	1	0	"model221"
0	0	0	0	1	0	"model222"
0.434831460674157	0.0494183367192382	0.479775280898876	0.0494183367192382	0.955056179775281	0	"model223"
0.00224719101123595	0.0047374946219751	0.00224719101123595	0.0047374946219751	1	0	"model224"
0.234831460674157	0.0460080004167099	0.279775280898876	0.0460080004167099	0.955056179775281	0	"model225"
0.00786516853932584	0.00758369165966913	0.00786516853932584	0.00758369165966913	1	0	"model226"
0.133707865168539	0.0287439458492133	0.133707865168539	0.0287439458492133	1	0	"model227"
0.150561797752809	0.023208888966037	0.150561797752809	0.023208888966037	1	0	"model228"
0.286516853932584	0.0618261199221692	0.308988764044944	0.0618261199221692	0.97752808988764	0	"model229"
0.326966292134831	0.0530858416176839	0.461797752808989	0.0530858416176839	0.865168539325843	0	"model230"
0.123595505617978	0.0304271101297227	0.123595505617978	0.0304271101297227	1	0	"model231"
0.0191011235955056	0.00758369165966913	0.0191011235955056	0.00758369165966913	1	0	"model232"
0.00337078651685393	0.00542748192741177	0.00337078651685393	0.00542748192741177	1	0	"model233"
0.237078651685393	0.0466137934583433	0.619101123595506	0.0466137934583433	0.617977528089888	0	"model234"
0	0	0	0	1	0	"model235"
0.27752808988764	0.0326724022285609	0.27752808988764	0.0326724022285609	1	0	"model236"
0.0101123595505618	0.00829061558845643	0.0101123595505618	0.00829061558845643	1	0	"model237"
0.0101123595505618	0.0098381464693361	0.0101123595505618	0.0098381464693361	1	0	"model238"
0.249438202247191	0.0467189996389893	0.249438202247191	0.0467189996389893	1	0	"model239"
-0.226966292134831	0.044251851648665	0.68314606741573	0.044251851648665	0.0898876404494382	0	"model240"
0.215730337078652	0.0377516199800874	0.238202247191011	0.0377516199800874	0.97752808988764	0	"model241"
0.267415730337079	0.0392097448039023	0.278651685393258	0.0392097448039023	0.98876404494382	0	"model242"
0.412359550561798	0.0482695838767001	0.412359550561798	0.0482695838767001	1	0	"model243"
0.00337078651685393	0.00542748192741177	0.00337078651685393	0.00542748192741177	1	0	"model244"
0.356179775280899	0.0458858820847694	0.356179775280899	0.0458858820847694	1	0	"model245"
0.230337078651685	0.0348334742279743	0.230337078651685	0.0348334742279743	1	0	"model246"
0.00561797752808989	0.00592186827746887	0.00561797752808989	0.00592186827746887	1	0	"model247"
0.442696629213483	0.0540676627194564	0.442696629213483	0.0540676627194564	1	0	"model248"
0.201123595505618	0.0495317467059524	0.201123595505618	0.0495317467059524	1	0	"model249"
0.160674157303371	0.0299859459194728	0.160674157303371	0.0299859459194728	1	0	"model250"
-0.20561797752809	0.0540287324400399	0.704494382022472	0.0540287324400399	0.0898876404494382	0	"model251"
0.196629213483146	0.0371712232982757	0.196629213483146	0.0371712232982757	1	0	"model252"
0.2	0.0373782020970027	0.2	0.0373782020970027	1	0	"model253"
0.246067415730337	0.0221259258243325	0.246067415730337	0.0221259258243325	1	0	"model254"
0.323595505617978	0.0507487181601628	0.323595505617978	0.0507487181601628	1	0	"model255"
0.176404494382022	0.0318021418956611	0.176404494382022	0.0318021418956611	1	0	"model256"
0.0955056179775281	0.028152240408938	0.0955056179775281	0.028152240408938	1	0	"model257"
0.315730337078652	0.0444574179047908	0.326966292134831	0.0444574179047908	0.98876404494382	0	"model258"
0.370786516853933	0.0330777560536623	0.393258426966292	0.0330777560536623	0.97752808988764	0	"model259"
0.0101123595505618	0.00829061558845643	0.0101123595505618	0.00829061558845643	1	0	"model260"
0.0123595505617978	0.00829061558845643	0.0123595505617978	0.00829061558845643	1	0	"model261"
0.00112359550561798	0.00355312096648132	0.00112359550561798	0.00355312096648132	1	0	"model262"
0.0921348314606742	0.0196762929386722	0.0921348314606742	0.0196762929386722	1	0	"model263"
0.0348314606741573	0.0194251722545168	0.0348314606741573	0.0194251722545168	1	0	"model264"
0.408988764044944	0.0519506842978268	0.431460674157303	0.0519506842978268	0.97752808988764	0	"model265"
0.143820224719101	0.044251851648665	0.143820224719101	0.044251851648665	1	0	"model266"
0.117977528089888	0.0352338721390015	0.117977528089888	0.0352338721390015	1	0	"model267"
0.469662921348315	0.0229658572535669	0.514606741573034	0.0229658572535669	0.955056179775281	0	"model268"
0	0	0	0	1	0	"model269"
-0.186516853932584	0.0276241032428251	0.757303370786517	0.0276241032428251	0.0561797752808989	0	"model270"
0.00561797752808989	0.0109193855708713	0.00561797752808989	0.0109193855708713	1	0	"model271"
0.00898876404494382	0.0127560946561246	0.00898876404494382	0.0127560946561246	1	0	"model272"
0.237078651685393	0.0457020927663868	0.237078651685393	0.0457020927663868	1	0	"model273"
0.00112359550561798	0.00355312096648132	0.00112359550561798	0.00355312096648132	1	0	"model274"
0.140449438202247	0.0348334742279743	0.140449438202247	0.0348334742279743	1	0	"model275"
0.10561797752809	0.0255121893122493	0.10561797752809	0.0255121893122493	1	0	"model276"
0.333707865168539	0.0537684769168782	0.389887640449438	0.0537684769168782	0.943820224719101	0	"model277"
0.00449438202247191	0.00580222224150924	0.00449438202247191	0.00580222224150924	1	0	"model278"
0.361797752808989	0.062401994306093	0.361797752808989	0.062401994306093	1	0	"model279"
0.304494382022472	0.0480949044718862	0.349438202247191	0.0480949044718862	0.955056179775281	0	"model280"
0.0775280898876404	0.0282517186002189	0.0775280898876404	0.0282517186002189	1	0	"model281"
0.101123595505618	0.0270078747225767	0.101123595505618	0.0270078747225767	1	0	"model282"
0.0191011235955056	0.0167913945853632	0.0191011235955056	0.0167913945853632	1	0	"model283"
0.270786516853933	0.0376213453298807	0.270786516853933	0.0376213453298807	1	0	"model284"
0.0224719101123595	0.0129741633525759	0.0224719101123595	0.0129741633525759	1	0	"model285"
0.307865168539326	0.0545840800067017	0.307865168539326	0.0545840800067017	1	0	"model286"
0.00449438202247191	0.0108549638548235	0.00449438202247191	0.0108549638548235	1	0	"model287"
0.0876404494382022	0.0293953810791739	0.0876404494382022	0.0293953810791739	1	0	"model288"
0.232584269662921	0.043046728129422	0.232584269662921	0.043046728129422	1	0	"model289"
0.178651685393258	0.0345098112353242	0.178651685393258	0.0345098112353242	1	0	"model290"
0.179775280898876	0.042373440071104	0.179775280898876	0.042373440071104	1	0	"model291"
0.110112359550562	0.0269037977469183	0.110112359550562	0.0269037977469183	1	0	"model292"
0.101123595505618	0.0330777560536623	0.101123595505618	0.0330777560536623	1	0	"model293"
0.00224719101123595	0.0047374946219751	0.00224719101123595	0.0047374946219751	1	0	"model294"
0.138202247191011	0.0440134668027643	0.138202247191011	0.0440134668027643	1	0	"model295"
0.375280898876404	0.0527545074506637	0.487640449438202	0.0527545074506637	0.887640449438202	0	"model296"
0.0337078651685393	0.0129741633525759	0.0337078651685393	0.0129741633525759	1	0	"model297"
0.182022471910112	0.0293953810791739	0.182022471910112	0.0293953810791739	1	0	"model298"
0.0168539325842697	0.0121362185363443	0.0168539325842697	0.0121362185363443	1	0	"model299"
0.380898876404494	0.0500949455531767	0.380898876404494	0.0500949455531767	1	0	"model300"
0	0	0	0	1	0	"model301"
0.120224719101124	0.0347528410776391	0.120224719101124	0.0347528410776391	1	0	"model302"
0.362921348314607	0.0335200761576995	0.419101123595506	0.0335200761576995	0.943820224719101	0	"model303"
0.4	0.0640438486885365	0.456179775280899	0.0640438486885365	0.943820224719101	0	"model304"
0.185393258426966	0.0379184582983457	0.196629213483146	0.0379184582983457	0.98876404494382	0	"model305"
0.293258426966292	0.0431768772642834	0.293258426966292	0.0431768772642834	1	0	"model306"
0.0213483146067416	0.0111733587192332	0.0213483146067416	0.0111733587192332	1	0	"model307"
0.134831460674157	0.0359238316353013	0.134831460674157	0.0359238316353013	1	0	"model308"
0.465168539325843	0.0414361548642377	0.521348314606742	0.0414361548642377	0.943820224719101	0	"model309"
0.37752808988764	0.0535462651705214	0.42247191011236	0.0535462651705214	0.955056179775281	0	"model310"
0.324719101123596	0.0332680419343857	0.324719101123596	0.0332680419343857	1	0	"model311"
0.00112359550561798	0.00355312096648132	0.00112359550561798	0.00355312096648132	1	0	"model312"
0	0	0	0	1	0	"model313"
-0.135955056179775	0.0536117171753613	0.661797752808989	0.0536117171753613	0.202247191011236	0	"model314"
0.406741573033708	0.0515712793350068	0.440449438202247	0.0515712793350068	0.966292134831461	0	"model315"
0.296629213483146	0.0543264849871723	0.341573033707865	0.0543264849871723	0.955056179775281	0	"model316"
0.00561797752808989	0.00794502001333199	0.00561797752808989	0.00794502001333199	1	0	"model317"
0.157303370786517	0.0313355815181302	0.157303370786517	0.0313355815181302	1	0	"model318"
0.00449438202247191	0.00580222224150924	0.00449438202247191	0.00580222224150924	1	0	"model319"
0.370786516853933	0.0259483267051517	0.415730337078652	0.0259483267051517	0.955056179775281	0	"model320"
0.00674157303370787	0.007856246053709	0.00674157303370787	0.007856246053709	1	0	"model321"
0.0101123595505618	0.0111733587192332	0.0101123595505618	0.0111733587192332	1	0	"model322"
0.00561797752808989	0.00592186827746887	0.00561797752808989	0.00592186827746887	1	0	"model323"
0.0202247191011236	0.0127560946561246	0.0202247191011236	0.0127560946561246	1	0	"model324"
0.168539325842697	0.021186720035552	0.168539325842697	0.021186720035552	1	0	"model325"
0.139325842696629	0.031424984214836	0.139325842696629	0.031424984214836	1	0	"model326"
0.0269662921348315	0.0199594196171899	0.0269662921348315	0.0199594196171899	1	0	"model327"
0.279775280898876	0.0306338652384697	0.279775280898876	0.0306338652384697	1	0	"model328"
0.0438202247191011	0.0201343521433942	0.0438202247191011	0.0201343521433942	1	0	"model329"
0.292134831460674	0.060158720615015	0.325842696629214	0.060158720615015	0.966292134831461	0	"model330"
0.0123595505617978	0.00829061558845643	0.0123595505617978	0.00829061558845643	1	0	"model331"
0.191011235955056	0.0355312096648132	0.191011235955056	0.0355312096648132	1	0	"model332"
-0.17752808988764	0.0531782452413449	0.82247191011236	0.0531782452413448	0	0	"model333"
0.220224719101124	0.0456252953792991	0.220224719101124	0.0456252953792991	1	0	"model334"
0.117977528089888	0.0336036674998621	0.117977528089888	0.0336036674998621	1	0	"model335"
0.202247191011236	0.0254019849555253	0.202247191011236	0.0254019849555253	1	0	"model336"
-0.140449438202247	0.0340185433044662	0.589887640449438	0.0340185433044662	0.269662921348315	0	"model337"
0.00898876404494382	0.00710624193296265	0.00898876404494382	0.00710624193296265	1	0	"model338"
0.160674157303371	0.0270338313597282	0.160674157303371	0.0270338313597282	1	0	"model339"
-0.178651685393258	0.0261904625274114	0.821348314606742	0.0261904625274114	0	0	"model340"
-0.167415730337079	0.0441407655987598	0.787640449438202	0.0441407655987598	0.0449438202247191	0	"model341"
0.115730337078652	0.0335200761576995	0.115730337078652	0.0335200761576995	1	0	"model342"
0.403370786516854	0.0408394294338097	0.414606741573034	0.0408394294338097	0.98876404494382	0	"model343"
0.0179775280898876	0.0142124838659253	0.0179775280898876	0.0142124838659253	1	0	"model344"
0.2	0.0569977899018631	0.2	0.0569977899018631	1	0	"model345"
0.217977528089888	0.0344080421808415	0.217977528089888	0.0344080421808415	1	0	"model346"
0.0910112359550562	0.0357084237799342	0.0910112359550562	0.0357084237799342	1	0	"model347"
0.0337078651685393	0.0149812734082397	0.0337078651685393	0.0149812734082397	1	0	"model348"
0.164044943820225	0.0400591519314485	0.164044943820225	0.0400591519314485	1	0	"model349"
0.00449438202247191	0.007856246053709	0.00449438202247191	0.007856246053709	1	0	"model350"
0.292134831460674	0.0378258611923673	0.292134831460674	0.0378258611923673	1	0	"model351"
-0.185393258426966	0.0400766564775893	0.814606741573034	0.0400766564775893	0	0	"model352"
0.31685393258427	0.0531782452413449	0.608988764044944	0.0531782452413449	0.707865168539326	0	"model353"
0.234831460674157	0.0250964278168554	0.246067415730337	0.0250964278168554	0.98876404494382	0	"model354"
0.0224719101123595	0.015890040026664	0.0224719101123595	0.015890040026664	1	0	"model355"
0.310112359550562	0.0356100803715497	0.332584269662921	0.0356100803715497	0.97752808988764	0	"model356"
0.186516853932584	0.0295856444316577	0.186516853932584	0.0295856444316577	1	0	"model357"
0.0258426966292135	0.0212197984632439	0.0258426966292135	0.0212197984632439	1	0	"model358"
0.221348314606742	0.0318021418956611	0.221348314606742	0.0318021418956611	1	0	"model359"
0.0146067415730337	0.0176069801850834	0.0146067415730337	0.0176069801850834	1	0	"model360"
0.00674157303370787	0.007856246053709	0.00674157303370787	0.007856246053709	1	0	"model361"
0.326966292134831	0.0701585206086855	0.338202247191011	0.0701585206086855	0.98876404494382	0	"model362"
0.291011235955056	0.046913756614597	0.335955056179775	0.046913756614597	0.955056179775281	0	"model363"
0.266292134831461	0.0577920947520136	0.266292134831461	0.0577920947520136	1	0	"model364"
0.435955056179775	0.0366199447537987	0.582022471910112	0.0366199447537987	0.853932584269663	0	"model365"
0.351685393258427	0.064229752849355	0.351685393258427	0.064229752849355	1	0	"model366"
0.168539325842697	0.0339153001428368	0.168539325842697	0.0339153001428368	1	0	"model367"
0.156179775280899	0.0353134069402941	0.156179775280899	0.0353134069402941	1	0	"model368"
0.20561797752809	0.0589932225887728	0.20561797752809	0.0589932225887728	1	0	"model369"
0	0	0	0	1	0	"model370"
0.00898876404494382	0.00886304087355748	0.00898876404494382	0.00886304087355748	1	0	"model371"
0.280898876404494	0.0427031994419153	0.325842696629214	0.0427031994419153	0.955056179775281	0	"model372"
0.476404494382022	0.0335827891707264	0.543820224719101	0.0335827891707264	0.932584269662921	0	"model373"
0.304494382022472	0.046913756614597	0.304494382022472	0.046913756614597	1	0	"model374"
0.0101123595505618	0.00829061558845643	0.0101123595505618	0.00829061558845643	1	0	"model375"
0.0303370786516854	0.0140636579442087	0.0303370786516854	0.0140636579442087	1	0	"model376"
0.0134831460674157	0.0116044444830185	0.0134831460674157	0.0116044444830185	1	0	"model377"
0.378651685393258	0.0497013764720109	0.423595505617978	0.0497013764720109	0.955056179775281	0	"model378"
0.0584269662921348	0.0165812311769129	0.0584269662921348	0.0165812311769129	1	0	"model379"
0.00674157303370787	0.0094749892439502	0.00674157303370787	0.0094749892439502	1	0	"model380"
0	0	0	0	1	0	"model381"
0.0528089887640449	0.0130281102104315	0.0528089887640449	0.0130281102104315	1	0	"model382"
0.00561797752808989	0.00592186827746887	0.00561797752808989	0.00592186827746887	1	0	"model383"
0.11123595505618	0.0272405940763568	0.11123595505618	0.0272405940763568	1	0	"model384"
0.0123595505617978	0.0098381464693361	0.0123595505617978	0.0098381464693361	1	0	"model385"
0.138202247191011	0.0318021418956611	0.138202247191011	0.0318021418956611	1	0	"model386"
0.3	0.0505409861455257	0.32247191011236	0.0505409861455257	0.97752808988764	0	"model387"
0.273033707865169	0.0494183367192382	0.273033707865169	0.0494183367192382	1	0	"model388"
0.0235955056179775	0.0171222913118539	0.0235955056179775	0.0171222913118539	1	0	"model389"
0.448314606741573	0.0297039401631436	0.526966292134831	0.0297039401631436	0.921348314606742	0	"model390"
0.191011235955056	0.0443152043677874	0.191011235955056	0.0443152043677874	1	0	"model391"
0.430337078651685	0.0420577738985162	0.486516853932584	0.0420577738985162	0.943820224719101	0	"model392"
0.00224719101123595	0.00710624193296265	0.00224719101123595	0.00710624193296265	1	0	"model393"
0.0606741573033708	0.0265891226206724	0.0606741573033708	0.0265891226206724	1	0	"model394"
0.195505617977528	0.0318682357845433	0.195505617977528	0.0318682357845433	1	0	"model395"
0.0123595505617978	0.0123652239844338	0.0123595505617978	0.0123652239844338	1	0	"model396"
0.051685393258427	0.0286216826584911	0.051685393258427	0.0286216826584911	1	0	"model397"
0.469662921348315	0.0493473231220992	0.570786516853933	0.0493473231220992	0.898876404494382	0	"model398"
0.201123595505618	0.0457020927663868	0.201123595505618	0.0457020927663868	1	0	"model399"
0.11123595505618	0.0357084237799342	0.11123595505618	0.0357084237799342	1	0	"model400"
0.0730337078651685	0.0244164884089987	0.0730337078651685	0.0244164884089987	1	0	"model401"
0.286516853932584	0.0421244265138651	0.286516853932584	0.0421244265138651	1	0	"model402"
0.296629213483146	0.0440612469508696	0.307865168539326	0.0440612469508696	0.98876404494382	0	"model403"
0.240449438202247	0.0331624623538257	0.240449438202247	0.0331624623538257	1	0	"model404"
0.201123595505618	0.0306338652384697	0.201123595505618	0.0306338652384697	1	0	"model405"
0.169662921348315	0.0383598131208071	0.169662921348315	0.0383598131208071	1	0	"model406"
0.0112359550561798	0.010593360017776	0.0112359550561798	0.010593360017776	1	0	"model407"
0.0202247191011236	0.0174066667245277	0.0202247191011236	0.0174066667245277	1	0	"model408"
0.0101123595505618	0.00829061558845643	0.0101123595505618	0.00829061558845643	1	0	"model409"
0.201123595505618	0.0301724854848282	0.234831460674157	0.0301724854848282	0.966292134831461	0	"model410"
0.176404494382022	0.0343468360093195	0.176404494382022	0.0343468360093195	1	0	"model411"
0.110112359550562	0.0325648915644706	0.110112359550562	0.0325648915644706	1	0	"model412"
0.00112359550561798	0.00355312096648132	0.00112359550561798	0.00355312096648132	1	0	"model413"
0.00674157303370787	0.0094749892439502	0.00674157303370787	0.0094749892439502	1	0	"model414"
0.237078651685393	0.0517477775819895	0.237078651685393	0.0517477775819895	1	0	"model415"
0.170786516853933	0.0325648915644706	0.170786516853933	0.0325648915644706	1	0	"model416"
0.151685393258427	0.0300793603075075	0.151685393258427	0.0300793603075075	1	0	"model417"
0.337078651685393	0.0389224900577276	0.337078651685393	0.0389224900577276	1	0	"model418"
0.379775280898876	0.0388503445090335	0.424719101123596	0.0388503445090335	0.955056179775281	0	"model419"
0.173033707865169	0.02259640918202	0.173033707865169	0.02259640918202	1	0	"model420"
0.121348314606742	0.0334152929186449	0.121348314606742	0.0334152929186449	1	0	"model421"
0.00112359550561798	0.00355312096648132	0.00112359550561798	0.00355312096648132	1	0	"model422"
0.175280898876404	0.0339979197540381	0.175280898876404	0.0339979197540381	1	0	"model423"
0.18876404494382	0.0210538866255509	0.18876404494382	0.0210538866255509	1	0	"model424"
0.161797752808989	0.0276241032428251	0.161797752808989	0.0276241032428251	1	0	"model425"
0.00561797752808989	0.00794502001333199	0.00561797752808989	0.00794502001333199	1	0	"model426"
0.0449438202247191	0.0183482377736568	0.0449438202247191	0.0183482377736568	1	0	"model427"
0.140449438202247	0.0371712232982757	0.140449438202247	0.0371712232982757	1	0	"model428"
0.0426966292134831	0.0165812311769129	0.0426966292134831	0.0165812311769129	1	0	"model429"
0.0112359550561798	0.010593360017776	0.0112359550561798	0.010593360017776	1	0	"model430"
0.0337078651685393	0.0242724370726886	0.0337078651685393	0.0242724370726886	1	0	"model431"
0.049438202247191	0.019243794125341	0.049438202247191	0.019243794125341	1	0	"model432"
0.28876404494382	0.0218708634017325	0.28876404494382	0.0218708634017325	1	0	"model433"
0.18876404494382	0.0258399824878807	0.21123595505618	0.0258399824878807	0.97752808988764	0	"model434"
0.155056179775281	0.0381213802247175	0.155056179775281	0.0381213802247175	1	0	"model435"
0.41685393258427	0.0744273070489826	0.473033707865169	0.0744273070489826	0.943820224719101	0	"model436"
0.00786516853932584	0.0119028079266447	0.00786516853932584	0.0119028079266447	1	0	"model437"
0.193258426966292	0.0426374515977759	0.193258426966292	0.0426374515977759	1	0	"model438"
0.0112359550561798	0.0118437365549377	0.0112359550561798	0.0118437365549377	1	0	"model439"
0.361797752808989	0.0436132633048978	0.395505617977528	0.0436132633048978	0.966292134831461	0	"model440"
0.0224719101123595	0.014013698077805	0.0224719101123595	0.014013698077805	1	0	"model441"
0.193258426966292	0.0338324787734418	0.193258426966292	0.0338324787734418	1	0	"model442"
0.442696629213483	0.0331624623538257	0.498876404494382	0.0331624623538257	0.943820224719101	0	"model443"
0.0550561797752809	0.0208193889283705	0.0550561797752809	0.0208193889283705	1	0	"model444"
0.0112359550561798	0.014013698077805	0.0112359550561798	0.014013698077805	1	0	"model445"
0.150561797752809	0.0474341279370414	0.150561797752809	0.0474341279370414	1	0	"model446"
0.00786516853932584	0.0119028079266447	0.00786516853932584	0.0119028079266447	1	0	"model447"
0.0797752808988764	0.0457020927663868	0.630337078651685	0.0457020927663868	0.449438202247191	0	"model448"
0.0853932584269663	0.0305191742134283	0.0853932584269663	0.0305191742134283	1	0	"model449"
0.00337078651685393	0.00542748192741177	0.00337078651685393	0.00542748192741177	1	0	"model450"
0.226966292134831	0.0373782020970027	0.631460674157303	0.0373782020970027	0.595505617977528	0	"model451"
0.464044943820225	0.048847337346706	0.531460674157303	0.048847337346706	0.932584269662921	0	"model452"
0.0438202247191011	0.0194251722545168	0.0438202247191011	0.0194251722545168	1	0	"model453"
0.173033707865169	0.0524879342063067	0.173033707865169	0.0524879342063067	1	0	"model454"
0.00337078651685393	0.010659362899444	0.00337078651685393	0.010659362899444	1	0	"model455"
0.175280898876404	0.0363893866711344	0.175280898876404	0.0363893866711344	1	0	"model456"
0.421348314606742	0.0421244265138651	0.47752808988764	0.0421244265138651	0.943820224719101	0	"model457"
0.0303370786516854	0.019134141984187	0.0303370786516854	0.019134141984187	1	0	"model458"
0.30561797752809	0.048487048187812	0.30561797752809	0.048487048187812	1	0	"model459"
0.458426966292135	0.0493473231220992	0.525842696629213	0.0493473231220992	0.932584269662921	0	"model460"
0.265168539325843	0.0352139603701668	0.265168539325843	0.0352139603701668	1	0	"model461"
0.104494382022472	0.0259753421489134	0.104494382022472	0.0259753421489134	1	0	"model462"
0.148314606741573	0.0501928556337107	0.148314606741573	0.0501928556337107	1	0	"model463"
0.18314606741573	0.0382132612454973	0.18314606741573	0.0382132612454973	1	0	"model464"
0.212359550561798	0.034913921157817	0.212359550561798	0.034913921157817	1	0	"model465"
0.0471910112359551	0.0217099277096471	0.0471910112359551	0.0217099277096471	1	0	"model466"
0.0191011235955056	0.0150280169645984	0.0191011235955056	0.0150280169645984	1	0	"model467"
-0.2	0.0426374515977759	0.78876404494382	0.0426374515977759	0.0112359550561798	0	"model468"
0.00224719101123595	0.0047374946219751	0.00224719101123595	0.0047374946219751	1	0	"model469"
0.189887640449438	0.034100912779296	0.189887640449438	0.034100912779296	1	0	"model470"
0.0595505617977528	0.0218708634017325	0.0595505617977528	0.0218708634017325	1	0	"model471"
0.349438202247191	0.0360991183820869	0.40561797752809	0.0360991183820869	0.943820224719101	0	"model472"
-0.274157303370787	0.0545840800067017	0.703370786516854	0.0545840800067017	0.0224719101123595	0	"model473"
0.0921348314606742	0.0241565775229919	0.0921348314606742	0.0241565775229919	1	0	"model474"
0.0101123595505618	0.0144571228955946	0.0101123595505618	0.0144571228955946	1	0	"model475"
0.167415730337079	0.0703581753111599	0.167415730337079	0.0703581753111599	1	0	"model476"
0.00561797752808989	0.00592186827746887	0.00561797752808989	0.00592186827746887	1	0	"model477"
0.0123595505617978	0.00829061558845643	0.0123595505617978	0.00829061558845643	1	0	"model478"
0.348314606741573	0.0482550514109555	0.393258426966292	0.0482550514109555	0.955056179775281	0	"model479"
0.143820224719101	0.0263772537253318	0.143820224719101	0.0263772537253318	1	0	"model480"
0.0247191011235955	0.0223467174384664	0.0247191011235955	0.0223467174384664	1	0	"model481"
0.00561797752808989	0.00794502001333199	0.00561797752808989	0.00794502001333199	1	0	"model482"
0.389887640449438	0.0400065923392557	0.434831460674157	0.0400065923392557	0.955056179775281	0	"model483"
0.158426966292135	0.0208193889283705	0.158426966292135	0.0208193889283705	1	0	"model484"
0.18876404494382	0.0381213802247175	0.18876404494382	0.0381213802247175	1	0	"model485"
0.0101123595505618	0.00829061558845643	0.0101123595505618	0.00829061558845643	1	0	"model486"
0.103370786516854	0.0366199447537987	0.103370786516854	0.0366199447537987	1	0	"model487"
0.171910112359551	0.0159341178922716	0.171910112359551	0.0159341178922716	1	0	"model488"
0.00674157303370787	0.0094749892439502	0.00674157303370787	0.0094749892439502	1	0	"model489"
0.161797752808989	0.040753469689095	0.161797752808989	0.040753469689095	1	0	"model490"
0.3	0.0458858820847694	0.31123595505618	0.0458858820847694	0.98876404494382	0	"model491"
0.361797752808989	0.0526480401222639	0.406741573033708	0.0526480401222639	0.955056179775281	0	"model492"
0.048314606741573	0.0198537202707095	0.048314606741573	0.0198537202707095	1	0	"model493"
0.441573033707865	0.0674261331965399	0.486516853932584	0.0674261331965399	0.955056179775281	0	"model494"
0	0	0	0	1	0	"model495"
0.00786516853932584	0.010659362899444	0.00786516853932584	0.010659362899444	1	0	"model496"
0.198876404494382	0.042389988964557	0.198876404494382	0.042389988964557	1	0	"model497"
0.0887640449438202	0.0310883984561006	0.0887640449438202	0.0310883984561006	1	0	"model498"
0.00449438202247191	0.00580222224150924	0.00449438202247191	0.00580222224150924	1	0	"model499"
0.0528089887640449	0.0205481149428393	0.0528089887640449	0.0205481149428393	1	0	"model500"
0.0764044943820225	0.0316916791030804	0.0764044943820225	0.0316916791030804	1	0	"model501"
0.0595505617977528	0.0280524094547925	0.0595505617977528	0.0280524094547925	1	0	"model502"
0.162921348314607	0.0371712232982757	0.162921348314607	0.0371712232982757	1	0	"model503"
0.0101123595505618	0.0153968575214191	0.0101123595505618	0.0153968575214191	1	0	"model504"
0.140449438202247	0.0437577582230259	0.140449438202247	0.0437577582230259	1	0	"model505"
0.369662921348315	0.0425221482531385	0.493258426966292	0.0425221482531385	0.876404494382023	0	"model506"
0.00786516853932584	0.00758369165966913	0.00786516853932584	0.00758369165966913	1	0	"model507"
0.00224719101123595	0.0047374946219751	0.00224719101123595	0.0047374946219751	1	0	"model508"
0.161797752808989	0.029107654273746	0.161797752808989	0.029107654273746	1	0	"model509"
0.00898876404494382	0.0116044444830185	0.00898876404494382	0.0116044444830185	1	0	"model510"
0.125842696629213	0.0464177779320739	0.125842696629213	0.0464177779320739	1	0	"model511"
0.358426966292135	0.0444574179047908	0.403370786516854	0.0444574179047908	0.955056179775281	0	"model512"
0.159550561797753	0.0518425662112308	0.159550561797753	0.0518425662112308	1	0	"model513"
0.00337078651685393	0.00758369165966913	0.00337078651685393	0.00758369165966913	1	0	"model514"
0.132584269662921	0.0531782452413449	0.132584269662921	0.0531782452413449	1	0	"model515"
0.140449438202247	0.029131740048884	0.140449438202247	0.029131740048884	1	0	"model516"
0.00561797752808989	0.00592186827746887	0.00561797752808989	0.00592186827746887	1	0	"model517"
0.273033707865169	0.065527017830728	0.273033707865169	0.065527017830728	1	0	"model518"
0.0101123595505618	0.0489620699471491	0.459550561797753	0.0489620699471491	0.550561797752809	0	"model519"
0.392134831460674	0.0588503816464988	0.437078651685393	0.0588503816464988	0.955056179775281	0	"model520"
0.202247191011236	0.0496872627768599	0.202247191011236	0.0496872627768599	1	0	"model521"
0.346067415730337	0.0370010158358905	0.379775280898876	0.0370010158358905	0.966292134831461	0	"model522"
0.150561797752809	0.0410962298856785	0.150561797752809	0.0410962298856785	1	0	"model523"
0.197752808988764	0.0524879342063067	0.197752808988764	0.0524879342063067	1	0	"model524"
0.0112359550561798	0.00749063670411985	0.0112359550561798	0.00749063670411985	1	0	"model525"
0.319101123595506	0.0511342267142352	0.319101123595506	0.0511342267142352	1	0	"model526"
0.142696629213483	0.0382132612454973	0.142696629213483	0.0382132612454973	1	0	"model527"
0.00786516853932584	0.010659362899444	0.00786516853932584	0.010659362899444	1	0	"model528"
0.18876404494382	0.0274202325359148	0.18876404494382	0.0274202325359148	1	0	"model529"
0.0595505617977528	0.0159341178922716	0.0595505617977528	0.0159341178922716	1	0	"model530"
0.00674157303370787	0.00580222224150924	0.00674157303370787	0.00580222224150924	1	0	"model531"
0.2	0.0338324787734418	0.2	0.0338324787734418	1	0	"model532"
0.0606741573033708	0.0255121893122493	0.0606741573033708	0.0255121893122493	1	0	"model533"
0.0404494382022472	0.017726081747115	0.0404494382022472	0.017726081747115	1	0	"model534"
0.212359550561798	0.0489620699471491	0.212359550561798	0.0489620699471491	1	0	"model535"
0.425842696629213	0.0486747313746359	0.560674157303371	0.0486747313746359	0.865168539325843	0	"model536"
0.17752808988764	0.0293953810791739	0.17752808988764	0.0293953810791739	1	0	"model537"
0.0876404494382022	0.0217099277096471	0.0876404494382022	0.0217099277096471	1	0	"model538"
0.0438202247191011	0.0144571228955946	0.0438202247191011	0.0144571228955946	1	0	"model539"
0.0584269662921348	0.0284249677318506	0.0584269662921348	0.0284249677318506	1	0	"model540"
0.112359550561798	0.0347326535411824	0.112359550561798	0.0347326535411824	1	0	"model541"
0.00674157303370787	0.00580222224150924	0.00674157303370787	0.00580222224150924	1	0	"model542"
0.0955056179775281	0.0255396660992244	0.0955056179775281	0.0255396660992244	1	0	"model543"
0.349438202247191	0.0438218252532697	0.40561797752809	0.0438218252532697	0.943820224719101	0	"model544"
0.407865168539326	0.0513668739355616	0.407865168539326	0.0513668739355616	1	0	"model545"
0.121348314606742	0.0293953810791739	0.121348314606742	0.0293953810791739	1	0	"model546"
0	0	0	0	1	0	"model547"
0.21123595505618	0.0312459230181486	0.21123595505618	0.0312459230181486	1	0	"model548"
0	0	0	0	1	0	"model549"
0.155056179775281	0.0307937150428381	0.155056179775281	0.0307937150428381	1	0	"model550"
0.215730337078652	0.0289142457911892	0.215730337078652	0.0289142457911892	1	0	"model551"
0.149438202247191	0.0351541573940294	0.149438202247191	0.0351541573940294	1	0	"model552"
0.171910112359551	0.0378443987387839	0.171910112359551	0.0378443987387839	1	0	"model553"
0.00224719101123595	0.0047374946219751	0.00224719101123595	0.0047374946219751	1	0	"model554"
0.164044943820225	0.0393525858773444	0.164044943820225	0.0393525858773444	1	0	"model555"
0.230337078651685	0.0367919151767575	0.230337078651685	0.0367919151767575	1	0	"model556"
0.348314606741573	0.0661555121073247	0.584269662921348	0.0661555121073247	0.764044943820225	0	"model557"
0.280898876404494	0.039281230268545	0.303370786516854	0.039281230268545	0.97752808988764	0	"model558"
0.0112359550561798	0.010593360017776	0.0112359550561798	0.010593360017776	1	0	"model559"
0.137078651685393	0.0303347666386765	0.137078651685393	0.0303347666386765	1	0	"model560"
0.0808988764044944	0.023568738161127	0.0808988764044944	0.023568738161127	1	0	"model561"
0.357303370786517	0.0518425662112308	0.368539325842697	0.0518425662112308	0.98876404494382	0	"model562"
0.367415730337079	0.0363315185401581	0.378651685393258	0.0363315185401581	0.98876404494382	0	"model563"
0.00674157303370787	0.0094749892439502	0.00674157303370787	0.0094749892439502	1	0	"model564"
0.174157303370787	0.0459469818216678	0.174157303370787	0.0459469818216678	1	0	"model565"
0.40561797752809	0.0578891021131987	0.439325842696629	0.0578891021131987	0.966292134831461	0	"model566"
0.212359550561798	0.0297039401631436	0.212359550561798	0.0297039401631436	1	0	"model567"
0.38314606741573	0.0379923734918824	0.428089887640449	0.0379923734918824	0.955056179775281	0	"model568"
0.367415730337079	0.0570592828422866	0.412359550561798	0.0570592828422866	0.955056179775281	0	"model569"
0.00561797752808989	0.00954872568088536	0.00561797752808989	0.00954872568088536	1	0	"model570"
0.0146067415730337	0.0140636579442087	0.0146067415730337	0.0140636579442087	1	0	"model571"
0.310112359550562	0.040753469689095	0.310112359550562	0.040753469689095	1	0	"model572"
0.38314606741573	0.0379923734918824	0.439325842696629	0.0379923734918824	0.943820224719101	0	"model573"
0.130337078651685	0.0131886268626659	0.130337078651685	0.0131886268626659	1	0	"model574"
0.167415730337079	0.0457020927663868	0.167415730337079	0.0457020927663868	1	0	"model575"
0.00449438202247191	0.007856246053709	0.00449438202247191	0.007856246053709	1	0	"model576"
0.256179775280899	0.047018291614907	0.256179775280899	0.047018291614907	1	0	"model577"
0.206741573033708	0.0483131550459838	0.217977528089888	0.0483131550459838	0.98876404494382	0	"model578"
0.0101123595505618	0.0123652239844338	0.0101123595505618	0.0123652239844338	1	0	"model579"
0.0112359550561798	0.0129741633525759	0.0112359550561798	0.0129741633525759	1	0	"model580"
0.179775280898876	0.0396367237612673	0.179775280898876	0.0396367237612673	1	0	"model581"
0.247191011235955	0.0667885936334345	0.247191011235955	0.0667885936334345	1	0	"model582"
0.397752808988764	0.0327367391511793	0.420224719101124	0.0327367391511793	0.97752808988764	0	"model583"
0.348314606741573	0.0378258611923673	0.595505617977528	0.0378258611923673	0.752808988764045	0	"model584"
0.137078651685393	0.041974309291751	0.631460674157303	0.041974309291751	0.50561797752809	0	"model585"
0.0146067415730337	0.00925025395897264	0.0146067415730337	0.00925025395897264	1	0	"model586"
0.131460674157303	0.0407018067023136	0.131460674157303	0.0407018067023136	1	0	"model587"
0.00674157303370787	0.00580222224150924	0.00674157303370787	0.00580222224150924	1	0	"model588"
0.0842696629213483	0.0213515997209576	0.0842696629213483	0.0213515997209576	1	0	"model589"
0.0764044943820225	0.0354521634942299	0.0764044943820225	0.0354521634942299	1	0	"model590"
0.196629213483146	0.045021780075548	0.196629213483146	0.045021780075548	1	0	"model591"
0.00898876404494382	0.0047374946219751	0.00898876404494382	0.0047374946219751	1	0	"model592"
0.2	0.0312459230181486	0.2	0.0312459230181486	1	0	"model593"
0.00674157303370787	0.007856246053709	0.00674157303370787	0.007856246053709	1	0	"model594"
0.00224719101123595	0.0047374946219751	0.00224719101123595	0.0047374946219751	1	0	"model595"
0.125842696629213	0.0338324787734418	0.125842696629213	0.0338324787734418	1	0	"model596"
0.165168539325843	0.0270338313597282	0.165168539325843	0.0270338313597282	1	0	"model597"
0.221348314606742	0.0446463312964363	0.221348314606742	0.0446463312964363	1	0	"model598"
0.314606741573034	0.02648340004444	0.573033707865168	0.02648340004444	0.741573033707865	0	"model599"
0.387640449438202	0.0561173185909052	0.432584269662921	0.0561173185909052	0.955056179775281	0	"model600"
0.31123595505618	0.044959423009506	0.356179775280899	0.044959423009506	0.955056179775281	0	"model601"
0.221348314606742	0.0295144394080083	0.221348314606742	0.0295144394080083	1	0	"model602"
0.39438202247191	0.0486747313746359	0.41685393258427	0.0486747313746359	0.97752808988764	0	"model603"
0.155056179775281	0.0303347666386765	0.155056179775281	0.0303347666386765	1	0	"model604"
0.166292134831461	0.0388503445090335	0.166292134831461	0.0388503445090335	1	0	"model605"
0.158426966292135	0.0404944956427731	0.158426966292135	0.0404944956427731	1	0	"model606"
0.00224719101123595	0.0047374946219751	0.00224719101123595	0.0047374946219751	1	0	"model607"
0.315730337078652	0.0530858416176839	0.315730337078652	0.0530858416176839	1	0	"model608"
0.248314606741573	0.0463118874746056	0.248314606741573	0.0463118874746056	1	0	"model609"
0.170786516853933	0.0388503445090335	0.170786516853933	0.0388503445090335	1	0	"model610"
0.00561797752808989	0.00954872568088536	0.00561797752808989	0.00954872568088536	1	0	"model611"
0.166292134831461	0.0436132633048978	0.166292134831461	0.0436132633048978	1	0	"model612"
0.0191011235955056	0.0140636579442087	0.0191011235955056	0.0140636579442087	1	0	"model613"
0.0910112359550562	0.0194251722545168	0.0910112359550562	0.0194251722545168	1	0	"model614"
0.197752808988764	0.0352139603701668	0.197752808988764	0.0352139603701668	1	0	"model615"
0.237078651685393	0.0566645748937515	0.259550561797753	0.0566645748937515	0.97752808988764	0	"model616"
0.440449438202247	0.0334152929186449	0.507865168539326	0.0334152929186449	0.932584269662921	0	"model617"
0.0426966292134831	0.0210538866255509	0.0426966292134831	0.0210538866255509	1	0	"model618"
0.348314606741573	0.0403383131620562	0.348314606741573	0.0403383131620562	1	0	"model619"
0.182022471910112	0.0223467174384664	0.182022471910112	0.0223467174384664	1	0	"model620"
0.20561797752809	0.0582755167635503	0.20561797752809	0.0582755167635503	1	0	"model621"
0.00674157303370787	0.007856246053709	0.00674157303370787	0.007856246053709	1	0	"model622"
0.0617977528089888	0.0169576500714184	0.0617977528089888	0.0169576500714184	1	0	"model623"
0.0460674157303371	0.0233594998194946	0.0460674157303371	0.0233594998194946	1	0	"model624"
0.00674157303370787	0.007856246053709	0.00674157303370787	0.007856246053709	1	0	"model625"
0	0	0	0	1	0	"model626"
0.157303370786517	0.0363122086697852	0.157303370786517	0.0363122086697852	1	0	"model627"
0.00449438202247191	0.007856246053709	0.00449438202247191	0.007856246053709	1	0	"model628"
0.00786516853932584	0.00925025395897264	0.00786516853932584	0.00925025395897264	1	0	"model629"
0.2	0.0358456512779188	0.2	0.0358456512779188	1	0	"model630"
0.137078651685393	0.0241565775229919	0.137078651685393	0.0241565775229919	1	0	"model631"
0.00112359550561798	0.00355312096648132	0.00112359550561798	0.00355312096648132	1	0	"model632"
0.0651685393258427	0.0274202325359148	0.0651685393258427	0.0274202325359148	1	0	"model633"
0.229213483146067	0.02259640918202	0.229213483146067	0.02259640918202	1	0	"model634"
0.317977528089888	0.0461905725642572	0.340449438202247	0.0461905725642572	0.97752808988764	0	"model635"
0.0741573033707865	0.0295856444316577	0.0741573033707865	0.0295856444316577	1	0	"model636"
0.208988764044944	0.040753469689095	0.208988764044944	0.040753469689095	1	0	"model637"
0.0876404494382022	0.0284249677318506	0.0876404494382022	0.0284249677318506	1	0	"model638"
-0.208988764044944	0.0271115521660732	0.746067415730337	0.0271115521660732	0.0449438202247191	0	"model639"
0.103370786516854	0.0350542590465845	0.103370786516854	0.0350542590465845	1	0	"model640"
0.304494382022472	0.0425221482531385	0.349438202247191	0.0425221482531385	0.955056179775281	0	"model641"
0.31685393258427	0.04519281836404	0.31685393258427	0.04519281836404	1	0	"model642"
0.048314606741573	0.010659362899444	0.048314606741573	0.010659362899444	1	0	"model643"
0.173033707865169	0.0430955801157828	0.173033707865169	0.0430955801157828	1	0	"model644"
0.379775280898876	0.041974309291751	0.379775280898876	0.041974309291751	1	0	"model645"
-0.0359550561797753	0.0458093928132454	0.638202247191011	0.0458093928132454	0.325842696629214	0	"model646"
0.169662921348315	0.0214825923591011	0.169662921348315	0.0214825923591011	1	0	"model647"
0	0	0	0	1	0	"model648"
0.201123595505618	0.0328436872934738	0.201123595505618	0.0328436872934738	1	0	"model649"
0.0741573033707865	0.0243877462113853	0.0741573033707865	0.0243877462113853	1	0	"model650"
0.230337078651685	0.0356297707686151	0.252808988764045	0.0356297707686151	0.97752808988764	0	"model651"
0.110112359550562	0.0307937150428381	0.671910112359551	0.0307937150428381	0.438202247191011	0	"model652"
0.198876404494382	0.0413853441095469	0.198876404494382	0.0413853441095469	1	0	"model653"
0.126966292134831	0.0370956719533015	0.126966292134831	0.0370956719533015	1	0	"model654"
0.174157303370786	0.0424561200327889	0.174157303370786	0.0424561200327889	1	0	"model655"
0.310112359550562	0.0352139603701668	0.310112359550562	0.0352139603701668	1	0	"model656"
0.12247191011236	0.0328436872934738	0.12247191011236	0.0328436872934738	1	0	"model657"
0.160674157303371	0.0280524094547925	0.160674157303371	0.0280524094547925	1	0	"model658"
0.366292134831461	0.045625295379299	0.42247191011236	0.0456252953792991	0.943820224719101	0	"model659"
0.135955056179775	0.0364856295968766	0.135955056179775	0.0364856295968766	1	0	"model660"
0.152808988764045	0.019243794125341	0.152808988764045	0.019243794125341	1	0	"model661"
0.195505617977528	0.0375280151307127	0.195505617977528	0.0375280151307127	1	0	"model662"
0.160674157303371	0.0205481149428393	0.160674157303371	0.0205481149428393	1	0	"model663"
0.0146067415730337	0.0150280169645984	0.0146067415730337	0.0150280169645984	1	0	"model664"
0.00674157303370787	0.0094749892439502	0.00674157303370787	0.0094749892439502	1	0	"model665"
0.143820224719101	0.0293953810791739	0.143820224719101	0.0293953810791739	1	0	"model666"
0.0224719101123595	0.0198183618806336	0.0224719101123595	0.0198183618806336	1	0	"model667"
0.144943820224719	0.0221259258243325	0.144943820224719	0.0221259258243325	1	0	"model668"
0.0438202247191011	0.0208193889283705	0.0438202247191011	0.0208193889283705	1	0	"model669"
0.00674157303370787	0.007856246053709	0.00674157303370787	0.007856246053709	1	0	"model670"
-0.11685393258427	0.0249563014965658	0.88314606741573	0.0249563014965658	0	0	"model671"
0.189887640449438	0.0319780886983319	0.189887640449438	0.0319780886983319	1	0	"model672"
0.106741573033708	0.023239089224702	0.106741573033708	0.023239089224702	1	0	"model673"
0.196629213483146	0.0309980250135709	0.196629213483146	0.0309980250135709	1	0	"model674"
0.00674157303370787	0.0094749892439502	0.00674157303370787	0.0094749892439502	1	0	"model675"
0.132584269662921	0.0284249677318506	0.132584269662921	0.0284249677318506	1	0	"model676"
0.00898876404494382	0.00710624193296265	0.00898876404494382	0.00710624193296265	1	0	"model677"
0.241573033707865	0.0424561200327889	0.264044943820225	0.0424561200327889	0.97752808988764	0	"model678"
0.0168539325842697	0.0169576500714184	0.0168539325842697	0.0169576500714184	1	0	"model679"
0.00337078651685393	0.00542748192741177	0.00337078651685393	0.00542748192741177	1	0	"model680"
0.0550561797752809	0.0267206876130891	0.0550561797752809	0.0267206876130891	1	0	"model681"
0.267415730337079	0.0354521634942299	0.267415730337079	0.0354521634942299	1	0	"model682"
0.0112359550561798	0.014013698077805	0.0112359550561798	0.014013698077805	1	0	"model683"
0.00674157303370787	0.007856246053709	0.00674157303370787	0.007856246053709	1	0	"model684"
0	0	0	0	1	0	"model685"
0.0247191011235955	0.0217099277096471	0.0247191011235955	0.0217099277096471	1	0	"model686"
0.376404494382023	0.061598817241193	0.421348314606742	0.061598817241193	0.955056179775281	0	"model687"
0.366292134831461	0.0483131550459838	0.41123595505618	0.0483131550459838	0.955056179775281	0	"model688"
0.444943820224719	0.031424984214836	0.512359550561798	0.031424984214836	0.932584269662921	0	"model689"
0.152808988764045	0.0417733138384979	0.152808988764045	0.0417733138384979	1	0	"model690"
0.0247191011235955	0.0196762929386722	0.0247191011235955	0.0196762929386722	1	0	"model691"
0	0	0	0	1	0	"model692"
0.334831460674157	0.0402687042867884	0.346067415730337	0.0402687042867883	0.98876404494382	0	"model693"
0.0640449438202247	0.0290352770686357	0.0640449438202247	0.0290352770686357	1	0	"model694"
0.266292134831461	0.0479780982169285	0.28876404494382	0.0479780982169285	0.97752808988764	0	"model695"
0.165168539325843	0.0290352770686357	0.165168539325843	0.0290352770686357	1	0	"model696"
0.00449438202247191	0.00580222224150924	0.00449438202247191	0.00580222224150924	1	0	"model697"
0.306741573033708	0.0458858820847694	0.351685393258427	0.0458858820847694	0.955056179775281	0	"model698"
0.151685393258427	0.0177656048324066	0.151685393258427	0.0177656048324066	1	0	"model699"
0.00224719101123595	0.0047374946219751	0.00224719101123595	0.0047374946219751	1	0	"model700"
-0.0808988764044944	0.0181946933355672	0.919101123595506	0.0181946933355672	0	0	"model701"
0.148314606741573	0.0429651847182022	0.148314606741573	0.0429651847182022	1	0	"model702"
0.347191011235955	0.0658260344586526	0.347191011235955	0.0658260344586526	1	0	"model703"
0	0	0	0	1	0	"model704"
0.191011235955056	0.041706100096105	0.191011235955056	0.041706100096105	1	0	"model705"
0.144943820224719	0.0336870514183803	0.144943820224719	0.0336870514183803	1	0	"model706"
0.301123595505618	0.0413005206055138	0.301123595505618	0.0413005206055138	1	0	"model707"
0.325842696629214	0.0577799573803053	0.325842696629214	0.0577799573803053	1	0	"model708"
0.159550561797753	0.0455021499580148	0.159550561797753	0.0455021499580148	1	0	"model709"
-0.202247191011236	0.052434456928839	0.730337078651685	0.0524344569288389	0.0674157303370786	0	"model710"
0.115730337078652	0.0299859459194728	0.115730337078652	0.0299859459194728	1	0	"model711"
0.103370786516854	0.0298687670971938	0.103370786516854	0.0298687670971938	1	0	"model712"
0.166292134831461	0.0432904367844191	0.166292134831461	0.0432904367844191	1	0	"model713"
0.179775280898876	0.0254019849555253	0.179775280898876	0.0254019849555253	1	0	"model714"
0.18314606741573	0.0443310284012743	0.18314606741573	0.0443310284012743	1	0	"model715"
0.0247191011235955	0.015712492107418	0.0247191011235955	0.015712492107418	1	0	"model716"
0.370786516853933	0.0485448741453772	0.415730337078652	0.0485448741453772	0.955056179775281	0	"model717"
0.398876404494382	0.0655698179775715	0.601123595505618	0.0655698179775715	0.797752808988764	0	"model718"
0.0325842696629213	0.0144571228955946	0.0325842696629213	0.0144571228955946	1	0	"model719"
0.0921348314606742	0.0196762929386722	0.0921348314606742	0.0196762929386722	1	0	"model720"
0.19438202247191	0.0505409861455257	0.19438202247191	0.0505409861455257	1	0	"model721"
0.103370786516854	0.0392097448039023	0.103370786516854	0.0392097448039023	1	0	"model722"
0.107865168539326	0.0286216826584911	0.107865168539326	0.0286216826584911	1	0	"model723"
0.00337078651685393	0.00758369165966913	0.00337078651685393	0.00758369165966913	1	0	"model724"
0.0123595505617978	0.0111733587192332	0.0123595505617978	0.0111733587192332	1	0	"model725"
0.0707865168539326	0.0218708634017325	0.0707865168539326	0.0218708634017325	1	0	"model726"
0.00898876404494382	0.00710624193296265	0.00898876404494382	0.00710624193296265	1	0	"model727"
0.174157303370786	0.0266154876471009	0.174157303370786	0.0266154876471009	1	0	"model728"
0.0539325842696629	0.0196762929386722	0.0539325842696629	0.0196762929386722	1	0	"model729"
0.00337078651685393	0.00542748192741177	0.00337078651685393	0.00542748192741177	1	0	"model730"
-0.228089887640449	0.0524478313601058	0.637078651685393	0.0524478313601058	0.134831460674157	0	"model731"
0.187640449438202	0.0299859459194728	0.187640449438202	0.0299859459194728	1	0	"model732"
0.20561797752809	0.036715583320307	0.20561797752809	0.036715583320307	1	0	"model733"
0.241573033707865	0.0360213184675493	0.241573033707865	0.0360213184675493	1	0	"model734"
0.342696629213483	0.0558667935961659	0.398876404494382	0.0558667935961659	0.943820224719101	0	"model735"
0.444943820224719	0.057341301000763	0.523595505617978	0.0573413010007629	0.921348314606742	0	"model736"
0.0213483146067416	0.0153968575214191	0.0213483146067416	0.0153968575214191	1	0	"model737"
0	0	0	0	1	0	"model738"
0.0752808988764045	0.0150280169645984	0.0752808988764045	0.0150280169645984	1	0	"model739"
0.306741573033708	0.0259753421489134	0.340449438202247	0.0259753421489134	0.966292134831461	0	"model740"
0.366292134831461	0.0271115521660732	0.41123595505618	0.0271115521660732	0.955056179775281	0	"model741"
0.0123595505617978	0.0123652239844338	0.0123595505617978	0.0123652239844338	1	0	"model742"
0.157303370786517	0.02802739615561	0.157303370786517	0.02802739615561	1	0	"model743"
0.00898876404494382	0.0103251301513784	0.00898876404494382	0.0103251301513784	1	0	"model744"
0.0719101123595506	0.023208888966037	0.0719101123595506	0.023208888966037	1	0	"model745"
0.00337078651685393	0.00542748192741177	0.00337078651685393	0.00542748192741177	1	0	"model746"
0.332584269662921	0.0378999569758008	0.332584269662921	0.0378999569758008	1	0	"model747"
0.31123595505618	0.0458858820847694	0.333707865168539	0.0458858820847694	0.97752808988764	0	"model748"
0.0797752808988764	0.0221259258243325	0.0797752808988764	0.0221259258243325	1	0	"model749"
-0.203370786516854	0.0387237663687276	0.796629213483146	0.0387237663687276	0	0	"model750"
0.169662921348315	0.0208193889283705	0.169662921348315	0.0208193889283705	1	0	"model751"
0.00449438202247191	0.00580222224150924	0.00449438202247191	0.00580222224150924	1	0	"model752"
0.0224719101123595	0.010593360017776	0.0224719101123595	0.010593360017776	1	0	"model753"
0.0224719101123595	0.014013698077805	0.0224719101123595	0.014013698077805	1	0	"model754"
-0.168539325842697	0.0363122086697852	0.831460674157303	0.0363122086697853	0	0	"model755"
0.0101123595505618	0.0111733587192332	0.0101123595505618	0.0111733587192332	1	0	"model756"
0.255056179775281	0.049133666512682	0.255056179775281	0.049133666512682	1	0	"model757"
0.267415730337079	0.0744932427892244	0.312359550561798	0.0744932427892244	0.955056179775281	0	"model758"
0.00786516853932584	0.00758369165966913	0.00786516853932584	0.00758369165966913	1	0	"model759"
0.0764044943820225	0.0702284643196058	0.514606741573034	0.0702284643196058	0.561797752808989	0	"model760"
0.0247191011235955	0.0103251301513784	0.0247191011235955	0.0103251301513784	1	0	"model761"
0.0955056179775281	0.0219987642780351	0.0955056179775281	0.0219987642780351	1	0	"model762"
0.00449438202247191	0.00580222224150924	0.00449438202247191	0.00580222224150924	1	0	"model763"
0.334831460674157	0.0512985578075324	0.334831460674157	0.0512985578075324	1	0	"model764"
0.368539325842697	0.0675819839319249	0.368539325842697	0.0675819839319249	1	0	"model765"
0.174157303370786	0.0336036674998621	0.174157303370786	0.0336036674998621	1	0	"model766"
0.0561797752808989	0.0224719101123595	0.0561797752808989	0.0224719101123595	1	0	"model767"
0.0179775280898876	0.0108549638548235	0.0179775280898876	0.0108549638548235	1	0	"model768"
0.106741573033708	0.0486170598717122	0.106741573033708	0.0486170598717122	1	0	"model769"
0.0123595505617978	0.0111733587192332	0.0123595505617978	0.0111733587192332	1	0	"model770"
0.141573033707865	0.0389945021268026	0.141573033707865	0.0389945021268026	1	0	"model771"
0.295505617977528	0.0410449983304793	0.295505617977528	0.0410449983304793	1	0	"model772"
0.386516853932584	0.0462361029573362	0.386516853932584	0.0462361029573362	1	0	"model773"
0.0235955056179775	0.0123652239844338	0.0235955056179775	0.0123652239844338	1	0	"model774"
0.176404494382022	0.0243013156516979	0.176404494382022	0.0243013156516979	1	0	"model775"
0.0438202247191011	0.0179228256389594	0.0438202247191011	0.0179228256389594	1	0	"model776"
0.166292134831461	0.0381213802247175	0.166292134831461	0.0381213802247175	1	0	"model777"
0.144943820224719	0.0319780886983319	0.144943820224719	0.0319780886983319	1	0	"model778"
0.137078651685393	0.0196762929386722	0.137078651685393	0.0196762929386722	1	0	"model779"
0.140449438202247	0.0348334742279743	0.140449438202247	0.0348334742279743	1	0	"model780"
0	0	0	0	1	0	"model781"
0.310112359550562	0.0543264849871723	0.310112359550562	0.0543264849871723	1	0	"model782"
0.150561797752809	0.0367728470670669	0.150561797752809	0.0367728470670669	1	0	"model783"
0.0269662921348315	0.0142124838659253	0.0269662921348315	0.0142124838659253	1	0	"model784"
0.0348314606741573	0.00829061558845643	0.0348314606741573	0.00829061558845643	1	0	"model785"
-0.157303370786517	0.046779011223958	0.831460674157303	0.046779011223958	0.0112359550561798	0	"model786"
0.156179775280899	0.0379923734918824	0.156179775280899	0.0379923734918824	1	0	"model787"
0.0168539325842697	0.00794502001333199	0.0168539325842697	0.00794502001333199	1	0	"model788"
0.1	0.0282517186002189	0.1	0.0282517186002189	1	0	"model789"
0.229213483146067	0.0688975717607006	0.274157303370787	0.0688975717607006	0.955056179775281	0	"model790"
0.17752808988764	0.0436132633048978	0.17752808988764	0.0436132633048978	1	0	"model791"
0.319101123595506	0.0651297831289413	0.319101123595506	0.0651297831289413	1	0	"model792"
0	0	0	0	1	0	"model793"
0.467415730337079	0.0417733138384979	0.534831460674157	0.0417733138384979	0.932584269662921	0	"model794"
0.159550561797753	0.0279271189248049	0.159550561797753	0.0279271189248049	1	0	"model795"
0.398876404494382	0.0551083856537909	0.398876404494382	0.0551083856537909	1	0	"model796"
0.00674157303370787	0.007856246053709	0.00674157303370787	0.007856246053709	1	0	"model797"
0	0	0	0	1	0	"model798"
0.261797752808989	0.048847337346706	0.261797752808989	0.048847337346706	1	0	"model799"
0.131460674157303	0.0392990813170777	0.603370786516854	0.0392990813170777	0.528089887640449	0	"model800"
0.0393258426966292	0.0161092233465218	0.0393258426966292	0.0161092233465218	1	0	"model801"
0.0112359550561798	0.0118437365549377	0.0112359550561798	0.0118437365549377	1	0	"model802"
0.138202247191011	0.0270338313597282	0.138202247191011	0.0270338313597282	1	0	"model803"
0.00898876404494382	0.0116044444830185	0.00898876404494382	0.0116044444830185	1	0	"model804"
0.169662921348315	0.0297039401631436	0.169662921348315	0.0297039401631436	1	0	"model805"
0.106741573033708	0.0348334742279743	0.106741573033708	0.0348334742279743	1	0	"model806"
0.0112359550561798	0.00917411888682838	0.0112359550561798	0.00917411888682838	1	0	"model807"
0.353932584269663	0.0323271095536181	0.376404494382023	0.0323271095536181	0.97752808988764	0	"model808"
0.10561797752809	0.0430955801157828	0.10561797752809	0.0430955801157828	1	0	"model809"
0.139325842696629	0.0260562204208631	0.139325842696629	0.0260562204208631	1	0	"model810"
0.312359550561798	0.0334152929186449	0.312359550561798	0.0334152929186449	1	0	"model811"
0.098876404494382	0.0316916791030804	0.098876404494382	0.0316916791030804	1	0	"model812"
0.1	0.0227510749790074	0.1	0.0227510749790074	1	0	"model813"
0.00449438202247191	0.00580222224150924	0.00449438202247191	0.00580222224150924	1	0	"model814"
0.00449438202247191	0.00580222224150924	0.00449438202247191	0.00580222224150924	1	0	"model815"
0.150561797752809	0.0446934348769327	0.150561797752809	0.0446934348769327	1	0	"model816"
0.315730337078652	0.0379923734918824	0.315730337078652	0.0379923734918824	1	0	"model817"
0.0876404494382022	0.0501928556337107	0.0876404494382022	0.0501928556337107	1	0	"model818"
0.0157303370786517	0.012078288761496	0.0157303370786517	0.012078288761496	1	0	"model819"
0.27752808988764	0.058515730134515	0.27752808988764	0.058515730134515	1	0	"model820"
0.0179775280898876	0.012078288761496	0.0179775280898876	0.012078288761496	1	0	"model821"
0.397752808988764	0.0453168043812859	0.453932584269663	0.0453168043812859	0.943820224719101	0	"model822"
0.185393258426966	0.029131740048884	0.185393258426966	0.029131740048884	1	0	"model823"
0.246067415730337	0.0571575339401787	0.246067415730337	0.0571575339401787	1	0	"model824"
0.155056179775281	0.0574878916984266	0.638202247191011	0.0574878916984266	0.51685393258427	0	"model825"
0.0786516853932584	0.0290111112075462	0.0786516853932584	0.0290111112075462	1	0	"model826"
0	0	0	0	1	0	"model827"
0.0393258426966292	0.0199945285618564	0.0393258426966292	0.0199945285618564	1	0	"model828"
0.178651685393258	0.0509280671862323	0.178651685393258	0.0509280671862323	1	0	"model829"
0.0202247191011236	0.015712492107418	0.0202247191011236	0.015712492107418	1	0	"model830"
0.112359550561798	0.0339153001428368	0.112359550561798	0.0339153001428368	1	0	"model831"
0.30561797752809	0.0619507809082707	0.30561797752809	0.0619507809082707	1	0	"model832"
0.156179775280899	0.0379923734918824	0.156179775280899	0.0379923734918824	1	0	"model833"
0.417977528089888	0.0362348662844879	0.462921348314607	0.0362348662844879	0.955056179775281	0	"model834"
0.444943820224719	0.0300560339291968	0.512359550561798	0.0300560339291968	0.932584269662921	0	"model835"
0.189887640449438	0.0332680419343857	0.201123595505618	0.0332680419343857	0.98876404494382	0	"model836"
0.113483146067416	0.0239524748394299	0.113483146067416	0.0239524748394299	1	0	"model837"
0.0112359550561798	0.00917411888682838	0.0112359550561798	0.00917411888682838	1	0	"model838"
0.00112359550561798	0.00355312096648132	0.00112359550561798	0.00355312096648132	1	0	"model839"
0.0269662921348315	0.0142124838659253	0.0269662921348315	0.0142124838659253	1	0	"model840"
0.138202247191011	0.0385785970990804	0.138202247191011	0.0385785970990804	1	0	"model841"
0.0359550561797753	0.0181946933355672	0.0359550561797753	0.0181946933355672	1	0	"model842"
0.169662921348315	0.0310883984561006	0.169662921348315	0.0310883984561006	1	0	"model843"
0.0123595505617978	0.0111733587192332	0.0123595505617978	0.0111733587192332	1	0	"model844"
0.206741573033708	0.0386330995003075	0.206741573033708	0.0386330995003075	1	0	"model845"
0.0707865168539326	0.0299859459194728	0.0707865168539326	0.0299859459194728	1	0	"model846"
0.21685393258427	0.0370956719533015	0.21685393258427	0.0370956719533015	1	0	"model847"
0.129213483146067	0.0255396660992244	0.129213483146067	0.0255396660992244	1	0	"model848"
0.18876404494382	0.0329928322779704	0.18876404494382	0.0329928322779704	1	0	"model849"
0.4	0.0519506842978268	0.4	0.0519506842978268	1	0	"model850"
0.0752808988764045	0.0183864235335334	0.0752808988764045	0.0183864235335334	1	0	"model851"
0.321348314606742	0.0642625036390329	0.37752808988764	0.0642625036390329	0.943820224719101	0	"model852"
0.262921348314607	0.0327367391511793	0.262921348314607	0.0327367391511793	1	0	"model853"
0.0719101123595506	0.0249563014965658	0.0719101123595506	0.0249563014965658	1	0	"model854"
0.225842696629213	0.0390843306312946	0.225842696629213	0.0390843306312946	1	0	"model855"
0.303370786516854	0.0294906661948008	0.303370786516854	0.0294906661948008	1	0	"model856"
0.0606741573033708	0.019243794125341	0.0606741573033708	0.019243794125341	1	0	"model857"
0.248314606741573	0.0277507618769179	0.248314606741573	0.0277507618769179	1	0	"model858"
0.123595505617978	0.0190974513617707	0.123595505617978	0.0190974513617707	1	0	"model859"
0.148314606741573	0.0247304479688677	0.148314606741573	0.0247304479688677	1	0	"model860"
0.0786516853932584	0.0322184466930435	0.0786516853932584	0.0322184466930435	1	0	"model861"
0.0955056179775281	0.0323271095536181	0.0955056179775281	0.0323271095536181	1	0	"model862"
0.347191011235955	0.0536117171753613	0.392134831460674	0.0536117171753613	0.955056179775281	0	"model863"
0.124719101123596	0.0394415988521371	0.124719101123596	0.0394415988521371	1	0	"model864"
0.257303370786517	0.0319780886983319	0.279775280898876	0.0319780886983319	0.97752808988764	0	"model865"
0.0561797752808989	0.0299625468164794	0.0561797752808989	0.0299625468164794	1	0	"model866"
0.291011235955056	0.0324137775631742	0.302247191011236	0.0324137775631742	0.98876404494382	0	"model867"
0.332584269662921	0.0724697325689757	0.355056179775281	0.0724697325689757	0.97752808988764	0	"model868"
0.124719101123596	0.0353134069402941	0.124719101123596	0.0353134069402941	1	0	"model869"
0.0134831460674157	0.00710624193296265	0.0134831460674157	0.00710624193296265	1	0	"model870"
0.142696629213483	0.0370956719533015	0.142696629213483	0.0370956719533015	1	0	"model871"
0.0685393258426966	0.0227510749790074	0.0685393258426966	0.0227510749790074	1	0	"model872"
0.176404494382022	0.037471905433051	0.176404494382022	0.037471905433051	1	0	"model873"
0.2	0.0362348662844879	0.22247191011236	0.0362348662844879	0.97752808988764	0	"model874"
0.00674157303370787	0.0094749892439502	0.00674157303370787	0.0094749892439502	1	0	"model875"
0.0966292134831461	0.0386330995003075	0.0966292134831461	0.0386330995003075	1	0	"model876"
0.0123595505617978	0.0111733587192332	0.0123595505617978	0.0111733587192332	1	0	"model877"
0.00786516853932584	0.00758369165966913	0.00786516853932584	0.00758369165966913	1	0	"model878"
0.0415730337078652	0.0212197984632439	0.0415730337078652	0.0212197984632439	1	0	"model879"
0.428089887640449	0.0463118874746056	0.574157303370787	0.0463118874746056	0.853932584269663	0	"model880"
0.126966292134831	0.0363315185401581	0.126966292134831	0.0363315185401581	1	0	"model881"
0.297752808988764	0.0379184582983457	0.297752808988764	0.0379184582983457	1	0	"model882"
0.343820224719101	0.029107654273746	0.343820224719101	0.029107654273746	1	0	"model883"
0.0752808988764045	0.0318021418956611	0.0752808988764045	0.0318021418956611	1	0	"model884"
0	0	0	0	1	0	"model885"
0.303370786516854	0.047374946219751	0.348314606741573	0.047374946219751	0.955056179775281	0	"model886"
0.00898876404494382	0.00886304087355748	0.00898876404494382	0.00886304087355748	1	0	"model887"
0.243820224719101	0.0446463312964363	0.28876404494382	0.0446463312964363	0.955056179775281	0	"model888"
0.424719101123596	0.0560047210262734	0.537078651685393	0.0560047210262734	0.887640449438202	0	"model889"
0.0168539325842697	0.0142617473892583	0.0168539325842697	0.0142617473892583	1	0	"model890"
0.00786516853932584	0.00758369165966913	0.00786516853932584	0.00758369165966913	1	0	"model891"
0.0101123595505618	0.00829061558845643	0.0101123595505618	0.00829061558845643	1	0	"model892"
0.114606741573034	0.0370010158358905	0.114606741573034	0.0370010158358905	1	0	"model893"
0.00898876404494382	0.00886304087355748	0.00898876404494382	0.00886304087355748	1	0	"model894"
0.444943820224719	0.0570961468169573	0.501123595505618	0.0570961468169573	0.943820224719101	0	"model895"
0.148314606741573	0.0298687670971938	0.148314606741573	0.0298687670971938	1	0	"model896"
0.197752808988764	0.0522200001735832	0.647191011235955	0.0522200001735832	0.550561797752809	0	"model897"
0.112359550561798	0.0259483267051517	0.112359550561798	0.0259483267051517	1	0	"model898"
0.210112359550562	0.0363315185401581	0.232584269662921	0.0363315185401581	0.97752808988764	0	"model899"
0.0101123595505618	0.00637804732806232	0.0101123595505618	0.00637804732806232	1	0	"model900"
0.0550561797752809	0.0277507618769179	0.0550561797752809	0.0277507618769179	1	0	"model901"
0.00561797752808989	0.00794502001333199	0.00561797752808989	0.00794502001333199	1	0	"model902"
0.329213483146067	0.0370956719533015	0.340449438202247	0.0370956719533015	0.98876404494382	0	"model903"
0.201123595505618	0.0525547042806324	0.201123595505618	0.0525547042806324	1	0	"model904"
0.0112359550561798	0.0129741633525759	0.0112359550561798	0.0129741633525759	1	0	"model905"
0.133707865168539	0.0522871123978764	0.133707865168539	0.0522871123978764	1	0	"model906"
0.313483146067416	0.0533494273575113	0.470786516853933	0.0533494273575113	0.842696629213483	0	"model907"
0.0696629213483146	0.0252913003987028	0.0696629213483146	0.0252913003987028	1	0	"model908"
0.167415730337079	0.0463118874746056	0.167415730337079	0.0463118874746056	1	0	"model909"
0.28876404494382	0.0403556966203775	0.32247191011236	0.0403556966203775	0.966292134831461	0	"model910"
0.20561797752809	0.0464932663181505	0.20561797752809	0.0464932663181505	1	0	"model911"
0.0640449438202247	0.0218708634017325	0.0640449438202247	0.0218708634017325	1	0	"model912"
0.17752808988764	0.0362348662844879	0.17752808988764	0.0362348662844879	1	0	"model913"
0.40561797752809	0.0450840508937952	0.551685393258427	0.0450840508937952	0.853932584269663	0	"model914"
0.159550561797753	0.0350542590465845	0.159550561797753	0.0350542590465845	1	0	"model915"
0.407865168539326	0.0322402085642807	0.407865168539326	0.0322402085642807	1	0	"model916"
0.189887640449438	0.0324137775631742	0.189887640449438	0.0324137775631742	1	0	"model917"
0.0235955056179775	0.0208193889283705	0.0235955056179775	0.0208193889283705	1	0	"model918"
0.0674157303370786	0.02484363138843	0.0674157303370786	0.02484363138843	1	0	"model919"
0.432584269662921	0.0500389109209265	0.48876404494382	0.0500389109209266	0.943820224719101	0	"model920"
0.0112359550561798	0.010593360017776	0.0112359550561798	0.010593360017776	1	0	"model921"
0.169662921348315	0.0328436872934738	0.169662921348315	0.0328436872934738	1	0	"model922"
0.110112359550562	0.0366199447537987	0.110112359550562	0.0366199447537987	1	0	"model923"
0.249438202247191	0.0673741028367606	0.249438202247191	0.0673741028367606	1	0	"model924"
0.11685393258427	0.0335827891707264	0.11685393258427	0.0335827891707264	1	0	"model925"
0.097752808988764	0.0440134668027643	0.097752808988764	0.0440134668027643	1	0	"model926"
0.231460674157303	0.0397074405414189	0.231460674157303	0.0397074405414189	1	0	"model927"
0.0674157303370786	0.0427031994419153	0.0674157303370786	0.0427031994419153	1	0	"model928"
0.235955056179775	0.0443152043677874	0.247191011235955	0.0443152043677874	0.98876404494382	0	"model929"
0.451685393258427	0.0637364715690866	0.507865168539326	0.0637364715690866	0.943820224719101	0	"model930"
0.112359550561798	0.041706100096105	0.112359550561798	0.041706100096105	1	0	"model931"
0.0842696629213483	0.026083124114577	0.0842696629213483	0.026083124114577	1	0	"model932"
0.00898876404494382	0.00886304087355748	0.00898876404494382	0.00886304087355748	1	0	"model933"
0.260674157303371	0.0312459230181486	0.260674157303371	0.0312459230181486	1	0	"model934"
0.00561797752808989	0.00592186827746887	0.00561797752808989	0.00592186827746887	1	0	"model935"
0.0101123595505618	0.0111733587192332	0.0101123595505618	0.0111733587192332	1	0	"model936"
0.00449438202247191	0.007856246053709	0.00449438202247191	0.007856246053709	1	0	"model937"
0.0146067415730337	0.0119028079266447	0.0146067415730337	0.0119028079266447	1	0	"model938"
0.282022471910112	0.0282517186002189	0.293258426966292	0.0282517186002189	0.98876404494382	0	"model939"
0.0359550561797753	0.0289142457911892	0.0359550561797753	0.0289142457911892	1	0	"model940"
0.238202247191011	0.0518425662112308	0.238202247191011	0.0518425662112308	1	0	"model941"
0.219101123595506	0.0276494813862049	0.219101123595506	0.0276494813862049	1	0	"model942"
0.0258426966292135	0.0205481149428393	0.0258426966292135	0.0205481149428393	1	0	"model943"
0.21685393258427	0.0309073873195172	0.21685393258427	0.0309073873195172	1	0	"model944"
0.380898876404494	0.0609578607891349	0.425842696629213	0.0609578607891348	0.955056179775281	0	"model945"
0.153932584269663	0.046794002094788	0.153932584269663	0.046794002094788	1	0	"model946"
0.0797752808988764	0.0144571228955946	0.0797752808988764	0.0144571228955946	1	0	"model947"
0.293258426966292	0.0509280671862323	0.338202247191011	0.0509280671862323	0.955056179775281	0	"model948"
0.0112359550561798	0.010593360017776	0.0112359550561798	0.010593360017776	1	0	"model949"
0.0112359550561798	0.0118437365549377	0.0112359550561798	0.0118437365549377	1	0	"model950"
0.0258426966292135	0.0130281102104315	0.0258426966292135	0.0130281102104315	1	0	"model951"
0.128089887640449	0.02259640918202	0.128089887640449	0.02259640918202	1	0	"model952"
0.276404494382022	0.0323054062214949	0.276404494382022	0.0323054062214949	1	0	"model953"
0.410112359550562	0.0516935346136414	0.466292134831461	0.0516935346136414	0.943820224719101	0	"model954"
0.441573033707865	0.036715583320307	0.508988764044944	0.036715583320307	0.932584269662921	0	"model955"
0.202247191011236	0.0339153001428368	0.202247191011236	0.0339153001428368	1	0	"model956"
0.275280898876405	0.0424561200327889	0.275280898876405	0.0424561200327889	1	0	"model957"
0.0235955056179775	0.0171222913118539	0.0235955056179775	0.0171222913118539	1	0	"model958"
0.271910112359551	0.049062240880338	0.271910112359551	0.049062240880338	1	0	"model959"
0.230337078651685	0.0491907323466805	0.252808988764045	0.0491907323466805	0.97752808988764	0	"model960"
0.123595505617978	0.031780080053328	0.123595505617978	0.031780080053328	1	0	"model961"
0.174157303370786	0.0305421468732211	0.174157303370786	0.0305421468732211	1	0	"model962"
0.339325842696629	0.0445677146985574	0.395505617977528	0.0445677146985574	0.943820224719101	0	"model963"
0.337078651685393	0.0420410942334151	0.382022471910112	0.0420410942334151	0.955056179775281	0	"model964"
0.39438202247191	0.0595611608121284	0.439325842696629	0.0595611608121284	0.955056179775281	0	"model965"
0.00224719101123595	0.0047374946219751	0.00224719101123595	0.0047374946219751	1	0	"model966"
0.195505617977528	0.0331624623538257	0.195505617977528	0.0331624623538257	1	0	"model967"
0.1	0.0368680889957295	0.1	0.0368680889957295	1	0	"model968"
0.243820224719101	0.0318021418956611	0.243820224719101	0.0318021418956611	1	0	"model969"
0.0876404494382022	0.0362348662844879	0.0876404494382022	0.0362348662844879	1	0	"model970"
0.337078651685393	0.0540157494451534	0.337078651685393	0.0540157494451534	1	0	"model971"
0.323595505617978	0.0574878916984266	0.323595505617978	0.0574878916984266	1	0	"model972"
0.292134831460674	0.053755431065196	0.292134831460674	0.053755431065196	1	0	"model973"
0.0573033707865169	0.0221259258243325	0.0573033707865169	0.0221259258243325	1	0	"model974"
0.186516853932584	0.047137476322254	0.186516853932584	0.047137476322254	1	0	"model975"
0.319101123595506	0.0430955801157828	0.341573033707865	0.0430955801157828	0.97752808988764	0	"model976"
0.0617977528089888	0.028152240408938	0.0617977528089888	0.028152240408938	1	0	"model977"
0	0	0	0	1	0	"model978"
0.121348314606742	0.0174066667245277	0.121348314606742	0.0174066667245277	1	0	"model979"
-0.18314606741573	0.0513668739355616	0.760674157303371	0.0513668739355616	0.0561797752808989	0	"model980"
0.00224719101123595	0.0047374946219751	0.00224719101123595	0.0047374946219751	1	0	"model981"
0.0213483146067416	0.0153968575214191	0.0213483146067416	0.0153968575214191	1	0	"model982"
0.0269662921348315	0.0160656259097582	0.0269662921348315	0.0160656259097582	1	0	"model983"
0.110112359550562	0.0196762929386722	0.110112359550562	0.0196762929386722	1	0	"model984"
0.0786516853932584	0.0236874731098755	0.0786516853932584	0.0236874731098755	1	0	"model985"
0.098876404494382	0.0217099277096471	0.098876404494382	0.0217099277096471	1	0	"model986"
0.11123595505618	0.0559169883893966	0.58314606741573	0.0559169883893966	0.528089887640449	0	"model987"
0.158426966292135	0.0336870514183803	0.158426966292135	0.0336870514183803	1	0	"model988"
0.168539325842697	0.0236874731098755	0.168539325842697	0.0236874731098755	1	0	"model989"
0.449438202247191	0.031780080053328	0.471910112359551	0.031780080053328	0.97752808988764	0	"model990"
0.170786516853933	0.0370010158358905	0.170786516853933	0.0370010158358905	1	0	"model991"
0.420224719101124	0.0592660387860748	0.476404494382022	0.0592660387860749	0.943820224719101	0	"model992"
0.0651685393258427	0.0316916791030804	0.0651685393258427	0.0316916791030804	1	0	"model993"
0.195505617977528	0.0375280151307127	0.195505617977528	0.0375280151307127	1	0	"model994"
0.149438202247191	0.0403556966203775	0.149438202247191	0.0403556966203775	1	0	"model995"
0.22247191011236	0.0284249677318506	0.22247191011236	0.0284249677318506	1	0	"model996"
0.0696629213483146	0.0284249677318506	0.0696629213483146	0.0284249677318506	1	0	"model997"
0.152808988764045	0.0255121893122493	0.152808988764045	0.0255121893122493	1	0	"model998"
0.159550561797753	0.0504715521435896	0.159550561797753	0.0504715521435896	1	0	"model999"
0.0101123595505618	0.00637804732806232	0.0101123595505618	0.00637804732806232	1	0	"model1000"
