"TSS.MN"	"TSS.sd"	"speci.MN"	"speci.sd"	"sensi.MN"	"sensi.sd"	"model"
0.146067415730337	0.0355312096648132	0.146067415730337	0.0355312096648132	1	0	"model1"
0.050561797752809	0.0276494813862049	0.050561797752809	0.0276494813862049	1	0	"model2"
0.173033707865169	0.0305191742134283	0.173033707865169	0.0305191742134283	1	0	"model3"
0.248314606741573	0.0528209405552502	0.248314606741573	0.0528209405552502	1	0	"model4"
0.380898876404494	0.041181474179486	0.437078651685393	0.041181474179486	0.943820224719101	0	"model5"
0.321348314606742	0.0477289357964764	0.321348314606742	0.0477289357964764	1	0	"model6"
0.0101123595505618	0.0098381464693361	0.0101123595505618	0.0098381464693361	1	0	"model7"
0	0	0	0	1	0	"model8"
0.2	0.0388503445090335	0.2	0.0388503445090335	1	0	"model9"
0.444943820224719	0.0580705541372713	0.489887640449438	0.0580705541372713	0.955056179775281	0	"model10"
0.196629213483146	0.0411132928840827	0.196629213483146	0.0411132928840827	1	0	"model11"
0.30561797752809	0.0493473231220992	0.30561797752809	0.0493473231220992	1	0	"model12"
0.10561797752809	0.0367728470670669	0.10561797752809	0.0367728470670669	1	0	"model13"
0.261797752808989	0.0537684769168782	0.261797752808989	0.0537684769168782	1	0	"model14"
0.0629213483146067	0.0271115521660732	0.0629213483146067	0.0271115521660732	1	0	"model15"
0.265168539325843	0.0393525858773444	0.310112359550562	0.0393525858773444	0.955056179775281	0	"model16"
0.274157303370787	0.0331624623538257	0.274157303370787	0.0331624623538257	1	0	"model17"
0.0685393258426966	0.0376213453298807	0.0685393258426966	0.0376213453298807	1	0	"model18"
0.275280898876405	0.0453322787899259	0.275280898876405	0.0453322787899259	1	0	"model19"
0.312359550561798	0.0608081011014304	0.312359550561798	0.0608081011014304	1	0	"model20"
0.443820224719101	0.0489047372928861	0.589887640449438	0.0489047372928861	0.853932584269663	0	"model21"
0.22247191011236	0.0499126029931316	0.604494382022472	0.0499126029931316	0.617977528089888	0	"model22"
0.00674157303370787	0.0142124838659253	0.00674157303370787	0.0142124838659253	1	0	"model23"
0.439325842696629	0.0782852172252921	0.484269662921348	0.0782852172252921	0.955056179775281	0	"model24"
0.00561797752808989	0.00794502001333199	0.00561797752808989	0.00794502001333199	1	0	"model25"
0.0202247191011236	0.0147928222158288	0.0202247191011236	0.0147928222158288	1	0	"model26"
0.210112359550562	0.0231180514786681	0.210112359550562	0.0231180514786681	1	0	"model27"
0.0247191011235955	0.0189499784879004	0.0247191011235955	0.0189499784879004	1	0	"model28"
0.3	0.0505409861455257	0.3	0.0505409861455257	1	0	"model29"
0.266292134831461	0.0783926535300413	0.266292134831461	0.0783926535300413	1	0	"model30"
0.246067415730337	0.0332680419343857	0.268539325842697	0.0332680419343857	0.97752808988764	0	"model31"
0.0325842696629213	0.0144571228955946	0.0325842696629213	0.0144571228955946	1	0	"model32"
-0.179775280898876	0.0347326535411824	0.786516853932584	0.0347326535411824	0.0337078651685393	0	"model33"
0	0	0	0	1	0	"model34"
0.0674157303370786	0.0242724370726886	0.0674157303370786	0.0242724370726886	1	0	"model35"
0.168539325842697	0.0406845711280907	0.168539325842697	0.0406845711280907	1	0	"model36"
0.339325842696629	0.0610383484268565	0.361797752808989	0.0610383484268565	0.97752808988764	0	"model37"
0.425842696629213	0.0616443448285178	0.448314606741573	0.0616443448285178	0.97752808988764	0	"model38"
0.169662921348315	0.0489620699471491	0.169662921348315	0.0489620699471491	1	0	"model39"
0.0179775280898876	0.0160656259097582	0.0179775280898876	0.0160656259097582	1	0	"model40"
0.00224719101123595	0.0047374946219751	0.00224719101123595	0.0047374946219751	1	0	"model41"
0.0438202247191011	0.0261904625274114	0.0438202247191011	0.0261904625274114	1	0	"model42"
0.192134831460674	0.0561672894989287	0.192134831460674	0.0561672894989287	1	0	"model43"
0.278651685393258	0.0377516199800874	0.278651685393258	0.0377516199800874	1	0	"model44"
0.00224719101123595	0.0047374946219751	0.00224719101123595	0.0047374946219751	1	0	"model45"
0.240449438202247	0.0535462651705214	0.251685393258427	0.0535462651705214	0.98876404494382	0	"model46"
0.156179775280899	0.0345098112353242	0.156179775280899	0.0345098112353242	1	0	"model47"
-0.195505617977528	0.0331624623538257	0.759550561797753	0.0331624623538257	0.0449438202247191	0	"model48"
0.161797752808989	0.0404078021251271	0.161797752808989	0.0404078021251271	1	0	"model49"
0.137078651685393	0.0439337177486597	0.137078651685393	0.0439337177486597	1	0	"model50"
0.00674157303370787	0.007856246053709	0.00674157303370787	0.007856246053709	1	0	"model51"
0.00674157303370787	0.007856246053709	0.00674157303370787	0.007856246053709	1	0	"model52"
0.212359550561798	0.047802353676815	0.212359550561798	0.047802353676815	1	0	"model53"
0.171910112359551	0.0440134668027643	0.171910112359551	0.0440134668027643	1	0	"model54"
-0.198876404494382	0.0479780982169285	0.756179775280899	0.0479780982169285	0.0449438202247191	0	"model55"
0.157303370786517	0.0378258611923673	0.157303370786517	0.0378258611923673	1	0	"model56"
0.0224719101123595	0.00917411888682838	0.0224719101123595	0.00917411888682838	1	0	"model57"
0.197752808988764	0.0491764720963891	0.197752808988764	0.0491764720963891	1	0	"model58"
0.160674157303371	0.0259753421489134	0.160674157303371	0.0259753421489134	1	0	"model59"
-0.184269662921348	0.0465385005753081	0.793258426966292	0.0465385005753081	0.0224719101123595	0	"model60"
0.0842696629213483	0.0271374096370589	0.0842696629213483	0.0271374096370589	1	0	"model61"
0.417977528089888	0.0481968777292746	0.474157303370787	0.0481968777292746	0.943820224719101	0	"model62"
0.11685393258427	0.0199594196171899	0.11685393258427	0.0199594196171899	1	0	"model63"
0.0112359550561798	0.00917411888682838	0.0112359550561798	0.00917411888682838	1	0	"model64"
0.333707865168539	0.044959423009506	0.580898876404494	0.044959423009506	0.752808988764045	0	"model65"
0.171910112359551	0.036715583320307	0.171910112359551	0.036715583320307	1	0	"model66"
0.195505617977528	0.0327367391511793	0.195505617977528	0.0327367391511793	1	0	"model67"
0.0584269662921348	0.0210538866255509	0.0584269662921348	0.0210538866255509	1	0	"model68"
0.330337078651685	0.058551677141162	0.386516853932584	0.058551677141162	0.943820224719101	0	"model69"
0.0269662921348315	0.017726081747115	0.0269662921348315	0.017726081747115	1	0	"model70"
0.366292134831461	0.0404078021251271	0.42247191011236	0.0404078021251271	0.943820224719101	0	"model71"
0.049438202247191	0.017726081747115	0.049438202247191	0.017726081747115	1	0	"model72"
0.315730337078652	0.0489620699471491	0.315730337078652	0.0489620699471491	1	0	"model73"
0.312359550561798	0.0552482064856503	0.323595505617978	0.0552482064856503	0.98876404494382	0	"model74"
0.0235955056179775	0.0144571228955946	0.0235955056179775	0.0144571228955946	1	0	"model75"
0.421348314606742	0.0505964647419711	0.48876404494382	0.0505964647419711	0.932584269662921	0	"model76"
0.257303370786517	0.0379923734918824	0.257303370786517	0.0379923734918824	1	0	"model77"
0.149438202247191	0.0309073873195172	0.149438202247191	0.0309073873195172	1	0	"model78"
0.179775280898876	0.0378258611923673	0.179775280898876	0.0378258611923673	1	0	"model79"
0.121348314606742	0.0307937150428381	0.121348314606742	0.0307937150428381	1	0	"model80"
0.00674157303370787	0.007856246053709	0.00674157303370787	0.007856246053709	1	0	"model81"
0.3	0.0505409861455257	0.32247191011236	0.0505409861455257	0.97752808988764	0	"model82"
0.397752808988764	0.0424395969264878	0.442696629213483	0.0424395969264878	0.955056179775281	0	"model83"
0.132584269662921	0.0406155556905647	0.132584269662921	0.0406155556905647	1	0	"model84"
0.00561797752808989	0.00592186827746887	0.00561797752808989	0.00592186827746887	1	0	"model85"
0.206741573033708	0.0397074405414189	0.206741573033708	0.0397074405414189	1	0	"model86"
0.341573033707865	0.0427688462130942	0.397752808988764	0.0427688462130942	0.943820224719101	0	"model87"
0.0101123595505618	0.0111733587192332	0.0101123595505618	0.0111733587192332	1	0	"model88"
0.00337078651685393	0.00758369165966913	0.00337078651685393	0.00758369165966913	1	0	"model89"
0.110112359550562	0.0252913003987028	0.110112359550562	0.0252913003987028	1	0	"model90"
0.225842696629213	0.0517477775819895	0.225842696629213	0.0517477775819895	1	0	"model91"
0	0	0	0	1	0	"model92"
0.0179775280898876	0.0131886268626659	0.0179775280898876	0.0131886268626659	1	0	"model93"
0.359550561797753	0.0669982914606679	0.393258426966292	0.0669982914606679	0.966292134831461	0	"model94"
0.150561797752809	0.0613592431948237	0.150561797752809	0.0613592431948237	1	0	"model95"
0.00449438202247191	0.007856246053709	0.00449438202247191	0.007856246053709	1	0	"model96"
0.238202247191011	0.044251851648665	0.238202247191011	0.044251851648665	1	0	"model97"
0.312359550561798	0.0510243786244986	0.357303370786517	0.0510243786244986	0.955056179775281	0	"model98"
0.049438202247191	0.0243877462113853	0.049438202247191	0.0243877462113853	1	0	"model99"
0.130337078651685	0.0382682839683739	0.130337078651685	0.0382682839683739	1	0	"model100"
0.0393258426966292	0.0109193855708713	0.0393258426966292	0.0109193855708713	1	0	"model101"
0.358426966292135	0.0306338652384697	0.358426966292135	0.0306338652384697	1	0	"model102"
-0.0370786516853933	0.0270338313597282	0.693258426966292	0.0270338313597282	0.269662921348315	0	"model103"
0.18314606741573	0.0436935972527038	0.18314606741573	0.0436935972527038	1	0	"model104"
0.410112359550562	0.0407706761368488	0.47752808988764	0.0407706761368488	0.932584269662921	0	"model105"
0.257303370786517	0.0364856295968766	0.257303370786517	0.0364856295968766	1	0	"model106"
0.425842696629213	0.0435005465415269	0.425842696629213	0.0435005465415269	1	0	"model107"
0.0258426966292135	0.00758369165966913	0.0258426966292135	0.00758369165966913	1	0	"model108"
0.0247191011235955	0.0116044444830185	0.0247191011235955	0.0116044444830185	1	0	"model109"
0.41685393258427	0.0503741837560897	0.484269662921348	0.0503741837560897	0.932584269662921	0	"model110"
0.285393258426966	0.050859161638256	0.307865168539326	0.050859161638256	0.97752808988764	0	"model111"
0.00112359550561798	0.00355312096648132	0.00112359550561798	0.00355312096648132	1	0	"model112"
0.178651685393258	0.024531120440169	0.178651685393258	0.024531120440169	1	0	"model113"
0.20561797752809	0.0309073873195172	0.20561797752809	0.0309073873195172	1	0	"model114"
0.098876404494382	0.023568738161127	0.098876404494382	0.023568738161127	1	0	"model115"
0.234831460674157	0.0466137934583433	0.234831460674157	0.0466137934583433	1	0	"model116"
-0.201123595505618	0.0538727299995785	0.753932584269663	0.0538727299995785	0.0449438202247191	0	"model117"
0.162921348314607	0.0318902366403116	0.162921348314607	0.0318902366403116	1	0	"model118"
0.110112359550562	0.0241565775229919	0.110112359550562	0.0241565775229919	1	0	"model119"
0.182022471910112	0.0377516199800874	0.182022471910112	0.0377516199800874	1	0	"model120"
0.189887640449438	0.0368680889957295	0.189887640449438	0.0368680889957295	1	0	"model121"
0.223595505617978	0.0549043742708511	0.268539325842697	0.0549043742708511	0.955056179775281	0	"model122"
0.143820224719101	0.0263772537253318	0.143820224719101	0.0263772537253318	1	0	"model123"
-0.255056179775281	0.0550574536783498	0.71123595505618	0.0550574536783498	0.0337078651685393	0	"model124"
0.0146067415730337	0.0130281102104315	0.0146067415730337	0.0130281102104315	1	0	"model125"
0.00561797752808989	0.00954872568088536	0.00561797752808989	0.00954872568088536	1	0	"model126"
0.308988764044944	0.0522334295167841	0.353932584269663	0.0522334295167841	0.955056179775281	0	"model127"
0.0786516853932584	0.0242724370726886	0.0786516853932584	0.0242724370726886	1	0	"model128"
0.179775280898876	0.0430304318092736	0.179775280898876	0.0430304318092736	1	0	"model129"
0.189887640449438	0.0368680889957295	0.189887640449438	0.0368680889957295	1	0	"model130"
0.173033707865169	0.0424395969264878	0.173033707865169	0.0424395969264878	1	0	"model131"
0.0393258426966292	0.0226274269168438	0.0393258426966292	0.0226274269168438	1	0	"model132"
0.130337078651685	0.0363893866711344	0.130337078651685	0.0363893866711344	1	0	"model133"
0.301123595505618	0.0399188392343797	0.301123595505618	0.0399188392343797	1	0	"model134"
0.189887640449438	0.0306338652384697	0.189887640449438	0.0306338652384697	1	0	"model135"
0.150561797752809	0.0497436935307385	0.150561797752809	0.0497436935307385	1	0	"model136"
0.0235955056179775	0.0134518988734592	0.0235955056179775	0.0134518988734592	1	0	"model137"
0.223595505617978	0.0383598131208071	0.223595505617978	0.0383598131208071	1	0	"model138"
-0.197752808988764	0.0516799649757613	0.701123595505618	0.0516799649757613	0.101123595505618	0	"model139"
0.367415730337079	0.0524478313601058	0.603370786516854	0.0524478313601058	0.764044943820225	0	"model140"
0.117977528089888	0.0305421468732211	0.117977528089888	0.0305421468732211	1	0	"model141"
0.259550561797753	0.0332680419343857	0.259550561797753	0.0332680419343857	1	0	"model142"
0.138202247191011	0.0370956719533015	0.138202247191011	0.0370956719533015	1	0	"model143"
0.0258426966292135	0.0130281102104315	0.0258426966292135	0.0130281102104315	1	0	"model144"
0.144943820224719	0.0250964278168554	0.144943820224719	0.0250964278168554	1	0	"model145"
0.235955056179775	0.0513532179805322	0.235955056179775	0.0513532179805322	1	0	"model146"
0.191011235955056	0.046779011223958	0.191011235955056	0.046779011223958	1	0	"model147"
0.160674157303371	0.0537684769168782	0.160674157303371	0.0537684769168782	1	0	"model148"
0.0325842696629213	0.0144571228955946	0.0325842696629213	0.0144571228955946	1	0	"model149"
0.364044943820225	0.0524879342063067	0.408988764044944	0.0524879342063067	0.955056179775281	0	"model150"
0.144943820224719	0.0201343521433942	0.144943820224719	0.0201343521433942	1	0	"model151"
0.00224719101123595	0.0047374946219751	0.00224719101123595	0.0047374946219751	1	0	"model152"
0.262921348314607	0.0488903936242119	0.307865168539326	0.0488903936242119	0.955056179775281	0	"model153"
0.0348314606741573	0.0201343521433942	0.0348314606741573	0.0201343521433942	1	0	"model154"
0.208988764044944	0.0295856444316577	0.208988764044944	0.0295856444316577	1	0	"model155"
0.0910112359550562	0.0310883984561006	0.0910112359550562	0.0310883984561006	1	0	"model156"
0.0629213483146067	0.0213187257988879	0.0629213483146067	0.0213187257988879	1	0	"model157"
0.00674157303370787	0.007856246053709	0.00674157303370787	0.007856246053709	1	0	"model158"
0.31685393258427	0.0338324787734418	0.328089887640449	0.0338324787734419	0.98876404494382	0	"model159"
0.0662921348314607	0.0194251722545168	0.0662921348314607	0.0194251722545168	1	0	"model160"
0.0202247191011236	0.0103251301513784	0.0202247191011236	0.0103251301513784	1	0	"model161"
0.0179775280898876	0.0108549638548235	0.0179775280898876	0.0108549638548235	1	0	"model162"
0.00561797752808989	0.00954872568088536	0.00561797752808989	0.00954872568088536	1	0	"model163"
0.229213483146067	0.0281273158884174	0.229213483146067	0.0281273158884174	1	0	"model164"
0.0539325842696629	0.0229658572535669	0.0539325842696629	0.0229658572535669	1	0	"model165"
0.00674157303370787	0.007856246053709	0.00674157303370787	0.007856246053709	1	0	"model166"
0.00337078651685393	0.00542748192741177	0.00337078651685393	0.00542748192741177	1	0	"model167"
0.0966292134831461	0.0371523498655798	0.0966292134831461	0.0371523498655798	1	0	"model168"
0.17752808988764	0.0557536900851787	0.17752808988764	0.0557536900851787	1	0	"model169"
0.195505617977528	0.0375280151307127	0.206741573033708	0.0375280151307127	0.98876404494382	0	"model170"
0.339325842696629	0.04519281836404	0.339325842696629	0.04519281836404	1	0	"model171"
0.106741573033708	0.0161092233465218	0.106741573033708	0.0161092233465218	1	0	"model172"
0.165168539325843	0.037471905433051	0.165168539325843	0.037471905433051	1	0	"model173"
0.0157303370786517	0.0142124838659253	0.0157303370786517	0.0142124838659253	1	0	"model174"
0.0797752808988764	0.0282517186002189	0.0797752808988764	0.0282517186002189	1	0	"model175"
0.0213483146067416	0.0134518988734592	0.0213483146067416	0.0134518988734592	1	0	"model176"
0.00337078651685393	0.00542748192741177	0.00337078651685393	0.00542748192741177	1	0	"model177"
0.393258426966292	0.0427031994419153	0.438202247191011	0.0427031994419153	0.955056179775281	0	"model178"
0.0314606741573034	0.0116044444830185	0.0314606741573034	0.0116044444830185	1	0	"model179"
0.446067415730337	0.0355509437455709	0.547191011235955	0.0355509437455709	0.898876404494382	0	"model180"
0.229213483146067	0.0456252953792991	0.229213483146067	0.0456252953792991	1	0	"model181"
0.0258426966292135	0.0130281102104315	0.0258426966292135	0.0130281102104315	1	0	"model182"
0.425842696629213	0.0753637720005196	0.482022471910112	0.0753637720005196	0.943820224719101	0	"model183"
0.196629213483146	0.0375466997298941	0.196629213483146	0.0375466997298941	1	0	"model184"
0.278651685393258	0.0406155556905647	0.278651685393258	0.0406155556905647	1	0	"model185"
0.148314606741573	0.0284249677318506	0.148314606741573	0.0284249677318506	1	0	"model186"
0.150561797752809	0.0421077732511017	0.150561797752809	0.0421077732511017	1	0	"model187"
0.174157303370786	0.0400766564775893	0.174157303370786	0.0400766564775893	1	0	"model188"
0.253932584269663	0.0465385005753081	0.287640449438202	0.0465385005753081	0.966292134831461	0	"model189"
0.28876404494382	0.0392990813170777	0.28876404494382	0.0392990813170777	1	0	"model190"
0.00112359550561798	0.00355312096648132	0.00112359550561798	0.00355312096648132	1	0	"model191"
0.12247191011236	0.0301724854848282	0.12247191011236	0.0301724854848282	1	0	"model192"
0.284269662921348	0.0688670252853527	0.329213483146067	0.0688670252853527	0.955056179775281	0	"model193"
0.119101123595506	0.0356100803715497	0.119101123595506	0.0356100803715497	1	0	"model194"
-0.187640449438202	0.0464932663181505	0.789887640449438	0.0464932663181505	0.0224719101123595	0	"model195"
0.37752808988764	0.0602053372207045	0.433707865168539	0.0602053372207045	0.943820224719101	0	"model196"
0.235955056179775	0.0633390806190553	0.235955056179775	0.0633390806190553	1	0	"model197"
0.00674157303370787	0.007856246053709	0.00674157303370787	0.007856246053709	1	0	"model198"
0.297752808988764	0.050318460084436	0.320224719101124	0.050318460084436	0.97752808988764	0	"model199"
0.0191011235955056	0.0119028079266447	0.0191011235955056	0.0119028079266447	1	0	"model200"
0.170786516853933	0.047018291614907	0.170786516853933	0.047018291614907	1	0	"model201"
0.00561797752808989	0.00794502001333199	0.00561797752808989	0.00794502001333199	1	0	"model202"
0.0674157303370786	0.0129741633525759	0.0674157303370786	0.0129741633525759	1	0	"model203"
0.1	0.0214825923591011	0.1	0.0214825923591011	1	0	"model204"
0.00224719101123595	0.0047374946219751	0.00224719101123595	0.0047374946219751	1	0	"model205"
0.0955056179775281	0.0390124843745312	0.0955056179775281	0.0390124843745312	1	0	"model206"
0.442696629213483	0.0249563014965658	0.498876404494382	0.0249563014965658	0.943820224719101	0	"model207"
0.144943820224719	0.0453941236737848	0.144943820224719	0.0453941236737848	1	0	"model208"
0.17752808988764	0.0269037977469183	0.17752808988764	0.0269037977469183	1	0	"model209"
0.176404494382022	0.0339359739028443	0.176404494382022	0.0339359739028443	1	0	"model210"
0.0134831460674157	0.00886304087355748	0.0134831460674157	0.00886304087355748	1	0	"model211"
0.349438202247191	0.041181474179486	0.585393258426966	0.041181474179486	0.764044943820225	0	"model212"
-0.201123595505618	0.0364856295968766	0.798876404494382	0.0364856295968766	0	0	"model213"
0.234831460674157	0.041181474179486	0.234831460674157	0.041181474179486	1	0	"model214"
0.21685393258427	0.0378443987387839	0.21685393258427	0.0378443987387839	1	0	"model215"
0.370786516853933	0.0446306190554793	0.415730337078652	0.0446306190554793	0.955056179775281	0	"model216"
0.417977528089888	0.0529138067788745	0.440449438202247	0.0529138067788745	0.97752808988764	0	"model217"
0.0112359550561798	0.005296680008888	0.0112359550561798	0.005296680008888	1	0	"model218"
0.275280898876405	0.044709125042372	0.275280898876405	0.044709125042372	1	0	"model219"
0.0292134831460674	0.0199594196171899	0.0292134831460674	0.0199594196171899	1	0	"model220"
0.0797752808988764	0.0239524748394299	0.0797752808988764	0.0239524748394299	1	0	"model221"
0.343820224719101	0.0488903936242119	0.343820224719101	0.0488903936242119	1	0	"model222"
0.0269662921348315	0.019243794125341	0.0269662921348315	0.019243794125341	1	0	"model223"
0.423595505617978	0.0565654675596601	0.479775280898876	0.0565654675596601	0.943820224719101	0	"model224"
0.137078651685393	0.0307937150428381	0.137078651685393	0.0307937150428381	1	0	"model225"
0.426966292134831	0.039281230268545	0.49438202247191	0.039281230268545	0.932584269662921	0	"model226"
0.303370786516854	0.0427031994419153	0.303370786516854	0.0427031994419153	1	0	"model227"
0.226966292134831	0.062401994306093	0.226966292134831	0.062401994306093	1	0	"model228"
0.0471910112359551	0.015712492107418	0.0471910112359551	0.015712492107418	1	0	"model229"
0.0146067415730337	0.0140636579442087	0.0146067415730337	0.0140636579442087	1	0	"model230"
0.0426966292134831	0.0223467174384664	0.0426966292134831	0.0223467174384664	1	0	"model231"
0.0224719101123595	0.00749063670411985	0.0224719101123595	0.00749063670411985	1	0	"model232"
0.00449438202247191	0.007856246053709	0.00449438202247191	0.007856246053709	1	0	"model233"
0.0191011235955056	0.00758369165966913	0.0191011235955056	0.00758369165966913	1	0	"model234"
0.18314606741573	0.042389988964557	0.18314606741573	0.042389988964557	1	0	"model235"
0.21685393258427	0.0624581667851115	0.464044943820225	0.0624581667851115	0.752808988764045	0	"model236"
0.180898876404494	0.0328436872934738	0.180898876404494	0.0328436872934738	1	0	"model237"
0.146067415730337	0.0385604125130599	0.651685393258427	0.0385604125130599	0.49438202247191	0	"model238"
0.126966292134831	0.0458858820847694	0.126966292134831	0.0458858820847694	1	0	"model239"
-0.240449438202247	0.0480219338571524	0.703370786516854	0.0480219338571524	0.0561797752808989	0	"model240"
0.480898876404494	0.0316916791030804	0.525842696629213	0.0316916791030804	0.955056179775281	0	"model241"
0.00449438202247191	0.00580222224150924	0.00449438202247191	0.00580222224150924	1	0	"model242"
0.0617977528089888	0.0142617473892583	0.0617977528089888	0.0142617473892583	1	0	"model243"
0.167415730337079	0.0221259258243325	0.167415730337079	0.0221259258243325	1	0	"model244"
0.225842696629213	0.0357084237799342	0.259550561797753	0.0357084237799342	0.966292134831461	0	"model245"
0.176404494382022	0.0359433501543373	0.176404494382022	0.0359433501543373	1	0	"model246"
0.159550561797753	0.042307179764623	0.159550561797753	0.042307179764623	1	0	"model247"
0.0303370786516854	0.0183864235335334	0.0303370786516854	0.0183864235335334	1	0	"model248"
0.0921348314606742	0.0189499784879004	0.0921348314606742	0.0189499784879004	1	0	"model249"
0.187640449438202	0.0378443987387839	0.187640449438202	0.0378443987387839	1	0	"model250"
0.126966292134831	0.037471905433051	0.126966292134831	0.037471905433051	1	0	"model251"
0.0449438202247191	0.0129741633525759	0.0449438202247191	0.0129741633525759	1	0	"model252"
0.280898876404494	0.0606232736188713	0.280898876404494	0.0606232736188713	1	0	"model253"
0.22247191011236	0.0258399824878807	0.22247191011236	0.0258399824878807	1	0	"model254"
0.049438202247191	0.0185005079179453	0.049438202247191	0.0185005079179453	1	0	"model255"
0.0764044943820225	0.0174066667245277	0.0764044943820225	0.0174066667245277	1	0	"model256"
0.00449438202247191	0.007856246053709	0.00449438202247191	0.007856246053709	1	0	"model257"
0.10561797752809	0.0255121893122493	0.10561797752809	0.0255121893122493	1	0	"model258"
0.0617977528089888	0.0177656048324066	0.0617977528089888	0.0177656048324066	1	0	"model259"
0.423595505617978	0.0385785970990804	0.524719101123596	0.0385785970990804	0.898876404494382	0	"model260"
0.231460674157303	0.0375280151307127	0.231460674157303	0.0375280151307127	1	0	"model261"
0.113483146067416	0.0379923734918824	0.113483146067416	0.0379923734918824	1	0	"model262"
0.379775280898876	0.0635160057698879	0.435955056179775	0.0635160057698879	0.943820224719101	0	"model263"
0.0898876404494382	0.041706100096105	0.0898876404494382	0.041706100096105	1	0	"model264"
0.0550561797752809	0.0221259258243325	0.0550561797752809	0.0221259258243325	1	0	"model265"
0.169662921348315	0.0336870514183803	0.169662921348315	0.0336870514183803	1	0	"model266"
0.0337078651685393	0.0198183618806336	0.0337078651685393	0.0198183618806336	1	0	"model267"
0.374157303370787	0.0573045947336914	0.374157303370787	0.0573045947336914	1	0	"model268"
0.0359550561797753	0.0127560946561246	0.0359550561797753	0.0127560946561246	1	0	"model269"
0.19438202247191	0.0330989529517389	0.19438202247191	0.0330989529517389	1	0	"model270"
0.18314606741573	0.0403556966203775	0.18314606741573	0.0403556966203775	1	0	"model271"
0.162921348314607	0.0226274269168438	0.162921348314607	0.0226274269168438	1	0	"model272"
0.0101123595505618	0.00829061558845643	0.0101123595505618	0.00829061558845643	1	0	"model273"
0.0134831460674157	0.0116044444830185	0.0134831460674157	0.0116044444830185	1	0	"model274"
0.165168539325843	0.0322402085642807	0.165168539325843	0.0322402085642807	1	0	"model275"
-0.1	0.0463118874746056	0.720224719101124	0.0463118874746056	0.179775280898876	0	"model276"
0.119101123595506	0.0300560339291968	0.119101123595506	0.0300560339291968	1	0	"model277"
0.148314606741573	0.0402687042867884	0.148314606741573	0.0402687042867884	1	0	"model278"
0	0	0	0	1	0	"model279"
0.00561797752808989	0.00592186827746887	0.00561797752808989	0.00592186827746887	1	0	"model280"
0.434831460674157	0.0275478285369787	0.434831460674157	0.0275478285369787	1	0	"model281"
0.0101123595505618	0.0098381464693361	0.0101123595505618	0.0098381464693361	1	0	"model282"
0.0719101123595506	0.0243877462113853	0.0719101123595506	0.0243877462113853	1	0	"model283"
0.282022471910112	0.034100912779296	0.282022471910112	0.034100912779296	1	0	"model284"
0.168539325842697	0.0374531835205993	0.168539325842697	0.0374531835205993	1	0	"model285"
0.379775280898876	0.0455021499580148	0.435955056179775	0.0455021499580148	0.943820224719101	0	"model286"
0.0449438202247191	0.0218387711417427	0.0449438202247191	0.0218387711417427	1	0	"model287"
0.196629213483146	0.0571084295205128	0.196629213483146	0.0571084295205128	1	0	"model288"
0.442696629213483	0.0443784666474865	0.57752808988764	0.0443784666474865	0.865168539325843	0	"model289"
0.233707865168539	0.041638777856741	0.256179775280899	0.041638777856741	0.97752808988764	0	"model290"
0.180898876404494	0.0328436872934738	0.180898876404494	0.0328436872934738	1	0	"model291"
0.00224719101123595	0.0047374946219751	0.00224719101123595	0.0047374946219751	1	0	"model292"
0.382022471910112	0.0359238316353013	0.438202247191011	0.0359238316353013	0.943820224719101	0	"model293"
0.00674157303370787	0.0108549638548235	0.00674157303370787	0.0108549638548235	1	0	"model294"
0.151685393258427	0.0331836051435756	0.151685393258427	0.0331836051435756	1	0	"model295"
0.150561797752809	0.02259640918202	0.150561797752809	0.02259640918202	1	0	"model296"
0.159550561797753	0.041638777856741	0.159550561797753	0.041638777856741	1	0	"model297"
0.203370786516854	0.0387237663687276	0.203370786516854	0.0387237663687276	1	0	"model298"
0.333707865168539	0.049133666512682	0.333707865168539	0.049133666512682	1	0	"model299"
0.180898876404494	0.0310883984561006	0.180898876404494	0.0310883984561006	1	0	"model300"
0.0382022471910112	0.012078288761496	0.0382022471910112	0.012078288761496	1	0	"model301"
0.164044943820225	0.040753469689095	0.164044943820225	0.040753469689095	1	0	"model302"
0.285393258426966	0.0335827891707264	0.498876404494382	0.0335827891707264	0.786516853932584	0	"model303"
0.337078651685393	0.0518966534103034	0.337078651685393	0.0518966534103034	1	0	"model304"
0.457303370786517	0.0563169361837662	0.457303370786517	0.0563169361837662	1	0	"model305"
0.048314606741573	0.0326724022285609	0.048314606741573	0.0326724022285609	1	0	"model306"
0.270786516853933	0.0297039401631436	0.270786516853933	0.0297039401631436	1	0	"model307"
0.0123595505617978	0.00829061558845643	0.0123595505617978	0.00829061558845643	1	0	"model308"
0.303370786516854	0.0479634774339539	0.325842696629214	0.0479634774339539	0.97752808988764	0	"model309"
0.30561797752809	0.0652588809426951	0.30561797752809	0.0652588809426951	1	0	"model310"
0.375280898876404	0.0400591519314485	0.386516853932584	0.0400591519314485	0.98876404494382	0	"model311"
-0.212359550561798	0.0364856295968766	0.731460674157303	0.0364856295968765	0.0561797752808989	0	"model312"
0.140449438202247	0.0480365368478676	0.140449438202247	0.0480365368478676	1	0	"model313"
0.220224719101124	0.0393525858773444	0.220224719101124	0.0393525858773444	1	0	"model314"
0.285393258426966	0.0344080421808415	0.285393258426966	0.0344080421808415	1	0	"model315"
0.364044943820225	0.050859161638256	0.408988764044944	0.050859161638256	0.955056179775281	0	"model316"
0.162921348314607	0.028152240408938	0.162921348314607	0.028152240408938	1	0	"model317"
0.0247191011235955	0.0174066667245277	0.0247191011235955	0.0174066667245277	1	0	"model318"
0.00786516853932584	0.00758369165966913	0.00786516853932584	0.00758369165966913	1	0	"model319"
0.352808988764045	0.0440612469508696	0.352808988764045	0.0440612469508696	1	0	"model320"
0.182022471910112	0.0392097448039023	0.182022471910112	0.0392097448039023	1	0	"model321"
0.289887640449438	0.0577313823760231	0.312359550561798	0.0577313823760231	0.97752808988764	0	"model322"
0.114606741573034	0.0174066667245277	0.114606741573034	0.0174066667245277	1	0	"model323"
0.0887640449438202	0.0328436872934738	0.0887640449438202	0.0328436872934738	1	0	"model324"
0.0426966292134831	0.0247304479688677	0.0426966292134831	0.0247304479688677	1	0	"model325"
0.050561797752809	0.0169576500714184	0.050561797752809	0.0169576500714184	1	0	"model326"
0.175280898876404	0.0488903936242119	0.175280898876404	0.0488903936242119	1	0	"model327"
0.124719101123596	0.0397956598026651	0.124719101123596	0.0397956598026651	1	0	"model328"
0.289887640449438	0.0354521634942299	0.289887640449438	0.0354521634942299	1	0	"model329"
-0.159550561797753	0.0147928222158288	0.840449438202247	0.0147928222158288	0	0	"model330"
0.429213483146067	0.0274202325359148	0.564044943820225	0.0274202325359148	0.865168539325843	0	"model331"
0.00786516853932584	0.00925025395897264	0.00786516853932584	0.00925025395897264	1	0	"model332"
0.438202247191011	0.046779011223958	0.48314606741573	0.046779011223958	0.955056179775281	0	"model333"
0.176404494382022	0.0330989529517389	0.176404494382022	0.0330989529517389	1	0	"model334"
0.0584269662921348	0.0210538866255509	0.0584269662921348	0.0210538866255509	1	0	"model335"
0.442696629213483	0.0430955801157828	0.498876404494382	0.0430955801157828	0.943820224719101	0	"model336"
0.150561797752809	0.0540676627194564	0.150561797752809	0.0540676627194564	1	0	"model337"
0.21685393258427	0.0473897485779375	0.21685393258427	0.0473897485779375	1	0	"model338"
0.106741573033708	0.0152135550648613	0.106741573033708	0.0152135550648613	1	0	"model339"
-0.167415730337079	0.0435005465415269	0.697752808988764	0.0435005465415269	0.134831460674157	0	"model340"
0.433707865168539	0.0459317145071338	0.591011235955056	0.0459317145071338	0.842696629213483	0	"model341"
0.166292134831461	0.0312459230181486	0.166292134831461	0.0312459230181486	1	0	"model342"
0.0685393258426966	0.0194251722545168	0.0685393258426966	0.0194251722545168	1	0	"model343"
0.17752808988764	0.0252913003987028	0.17752808988764	0.0252913003987028	1	0	"model344"
0.147191011235955	0.0315363811760613	0.147191011235955	0.0315363811760613	1	0	"model345"
0.39438202247191	0.0360991183820869	0.439325842696629	0.0360991183820869	0.955056179775281	0	"model346"
0.325842696629214	0.0299625468164794	0.325842696629214	0.0299625468164794	1	0	"model347"
0.0123595505617978	0.0144571228955946	0.0123595505617978	0.0144571228955946	1	0	"model348"
0.298876404494382	0.0375280151307127	0.298876404494382	0.0375280151307127	1	0	"model349"
0.115730337078652	0.0225030994543817	0.115730337078652	0.0225030994543817	1	0	"model350"
0.297752808988764	0.034428420057772	0.342696629213483	0.034428420057772	0.955056179775281	0	"model351"
0.00561797752808989	0.00592186827746887	0.00561797752808989	0.00592186827746887	1	0	"model352"
0.0123595505617978	0.0111733587192332	0.0123595505617978	0.0111733587192332	1	0	"model353"
0.361797752808989	0.0464177779320739	0.406741573033708	0.0464177779320739	0.955056179775281	0	"model354"
0.0303370786516854	0.0167913945853632	0.0303370786516854	0.0167913945853632	1	0	"model355"
0.29438202247191	0.0467189996389893	0.29438202247191	0.0467189996389893	1	0	"model356"
0.376404494382023	0.0296093413873444	0.398876404494382	0.0296093413873444	0.97752808988764	0	"model357"
0.297752808988764	0.0494750742083255	0.342696629213483	0.0494750742083255	0.955056179775281	0	"model358"
0.444943820224719	0.0371523498655798	0.591011235955056	0.0371523498655798	0.853932584269663	0	"model359"
0.157303370786517	0.0270078747225767	0.157303370786517	0.0270078747225767	1	0	"model360"
0.230337078651685	0.0390124843745312	0.230337078651685	0.0390124843745312	1	0	"model361"
0.246067415730337	0.041181474179486	0.246067415730337	0.041181474179486	1	0	"model362"
0.0528089887640449	0.0218708634017325	0.0528089887640449	0.0218708634017325	1	0	"model363"
0.239325842696629	0.060170378152304	0.239325842696629	0.060170378152304	1	0	"model364"
0.150561797752809	0.0344080421808415	0.150561797752809	0.0344080421808415	1	0	"model365"
0.119101123595506	0.0276241032428251	0.119101123595506	0.0276241032428251	1	0	"model366"
-0.240449438202247	0.0339979197540381	0.680898876404494	0.0339979197540381	0.0786516853932584	0	"model367"
0.0662921348314607	0.0171222913118539	0.0662921348314607	0.0171222913118539	1	0	"model368"
0.180898876404494	0.0368680889957295	0.180898876404494	0.0368680889957295	1	0	"model369"
0.0314606741573034	0.015712492107418	0.0314606741573034	0.015712492107418	1	0	"model370"
0.380898876404494	0.041181474179486	0.425842696629213	0.041181474179486	0.955056179775281	0	"model371"
-0.210112359550562	0.0519101664045203	0.744943820224719	0.0519101664045203	0.0449438202247191	0	"model372"
0.0707865168539326	0.0205481149428393	0.0707865168539326	0.0205481149428393	1	0	"model373"
0.00786516853932584	0.00925025395897264	0.00786516853932584	0.00925025395897264	1	0	"model374"
0.150561797752809	0.0295856444316577	0.150561797752809	0.0295856444316577	1	0	"model375"
0.247191011235955	0.0508039699110507	0.258426966292135	0.0508039699110507	0.98876404494382	0	"model376"
0.129213483146067	0.03972510006666	0.129213483146067	0.03972510006666	1	0	"model377"
0.182022471910112	0.0455021499580148	0.182022471910112	0.0455021499580148	1	0	"model378"
0.114606741573034	0.0321312518195164	0.114606741573034	0.0321312518195164	1	0	"model379"
0.106741573033708	0.0331836051435756	0.106741573033708	0.0331836051435756	1	0	"model380"
0.11123595505618	0.0282517186002189	0.11123595505618	0.0282517186002189	1	0	"model381"
-0.219101123595506	0.0421244265138651	0.713483146067416	0.0421244265138651	0.0674157303370786	0	"model382"
0.235955056179775	0.0399890571237128	0.235955056179775	0.0399890571237128	1	0	"model383"
0.00898876404494382	0.00710624193296265	0.00898876404494382	0.00710624193296265	1	0	"model384"
0.28876404494382	0.0778539894297745	0.3	0.0778539894297745	0.98876404494382	0	"model385"
0.444943820224719	0.0480219338571524	0.512359550561798	0.0480219338571524	0.932584269662921	0	"model386"
0.241573033707865	0.0371712232982757	0.241573033707865	0.0371712232982757	1	0	"model387"
0.235955056179775	0.0550447133209703	0.235955056179775	0.0550447133209703	1	0	"model388"
-0.153932584269663	0.0473897485779375	0.846067415730337	0.0473897485779375	0	0	"model389"
0.112359550561798	0.02648340004444	0.112359550561798	0.02648340004444	1	0	"model390"
0.0269662921348315	0.0213187257988879	0.0269662921348315	0.0213187257988879	1	0	"model391"
0.12247191011236	0.0267206876130891	0.12247191011236	0.0267206876130891	1	0	"model392"
0.29438202247191	0.0370010158358905	0.339325842696629	0.0370010158358905	0.955056179775281	0	"model393"
0.0224719101123595	0.014013698077805	0.0224719101123595	0.014013698077805	1	0	"model394"
0.338202247191011	0.0404944956427731	0.371910112359551	0.0404944956427731	0.966292134831461	0	"model395"
0.291011235955056	0.0428507632508272	0.291011235955056	0.0428507632508272	1	0	"model396"
0.396629213483146	0.044959423009506	0.396629213483146	0.044959423009506	1	0	"model397"
0.140449438202247	0.028152240408938	0.140449438202247	0.028152240408938	1	0	"model398"
0.00337078651685393	0.00758369165966913	0.00337078651685393	0.00758369165966913	1	0	"model399"
0.149438202247191	0.0396544147792252	0.149438202247191	0.0396544147792252	1	0	"model400"
0.0269662921348315	0.012078288761496	0.0269662921348315	0.012078288761496	1	0	"model401"
0.375280898876404	0.0382682839683739	0.420224719101124	0.0382682839683739	0.955056179775281	0	"model402"
0.11685393258427	0.0323054062214949	0.11685393258427	0.0323054062214949	1	0	"model403"
0.42247191011236	0.0590288788160166	0.512359550561798	0.0590288788160166	0.910112359550562	0	"model404"
0.171910112359551	0.0413853441095469	0.171910112359551	0.0413853441095469	1	0	"model405"
0.115730337078652	0.0309073873195172	0.115730337078652	0.0309073873195172	1	0	"model406"
0.187640449438202	0.0322402085642807	0.187640449438202	0.0322402085642807	1	0	"model407"
0.137078651685393	0.0279271189248049	0.137078651685393	0.0279271189248049	1	0	"model408"
0.0202247191011236	0.0138120516214126	0.0202247191011236	0.0138120516214126	1	0	"model409"
0.00561797752808989	0.00592186827746887	0.00561797752808989	0.00592186827746887	1	0	"model410"
0.00898876404494382	0.0103251301513784	0.00898876404494382	0.0103251301513784	1	0	"model411"
0.334831460674157	0.0560047210262734	0.379775280898876	0.0560047210262734	0.955056179775281	0	"model412"
0.138202247191011	0.048847337346706	0.138202247191011	0.048847337346706	1	0	"model413"
0.00112359550561798	0.00355312096648132	0.00112359550561798	0.00355312096648132	1	0	"model414"
0.303370786516854	0.0378258611923673	0.337078651685393	0.0378258611923673	0.966292134831461	0	"model415"
0.307865168539326	0.0276241032428251	0.352808988764045	0.0276241032428251	0.955056179775281	0	"model416"
0.135955056179775	0.0306338652384697	0.135955056179775	0.0306338652384697	1	0	"model417"
0.00786516853932584	0.0119028079266447	0.00786516853932584	0.0119028079266447	1	0	"model418"
0.28314606741573	0.0643933402257302	0.28314606741573	0.0643933402257302	1	0	"model419"
0.0157303370786517	0.0131886268626659	0.0157303370786517	0.0131886268626659	1	0	"model420"
0.00337078651685393	0.00758369165966913	0.00337078651685393	0.00758369165966913	1	0	"model421"
0.41123595505618	0.0450061989087635	0.467415730337079	0.0450061989087635	0.943820224719101	0	"model422"
0.144943820224719	0.0239524748394299	0.144943820224719	0.0239524748394299	1	0	"model423"
0.120224719101124	0.0318021418956611	0.120224719101124	0.0318021418956611	1	0	"model424"
0.00224719101123595	0.0047374946219751	0.00224719101123595	0.0047374946219751	1	0	"model425"
0.134831460674157	0.0236874731098755	0.134831460674157	0.0236874731098755	1	0	"model426"
0.323595505617978	0.0338324787734418	0.604494382022472	0.0338324787734419	0.719101123595506	0	"model427"
0.323595505617978	0.0621767969122011	0.323595505617978	0.0621767969122011	1	0	"model428"
0.0898876404494382	0.0304271101297227	0.0898876404494382	0.0304271101297227	1	0	"model429"
0.21123595505618	0.0289142457911892	0.21123595505618	0.0289142457911892	1	0	"model430"
0.051685393258427	0.0142124838659253	0.051685393258427	0.0142124838659253	1	0	"model431"
0.156179775280899	0.0390843306312946	0.156179775280899	0.0390843306312946	1	0	"model432"
0.351685393258427	0.0290352770686357	0.396629213483146	0.0290352770686357	0.955056179775281	0	"model433"
0.00112359550561798	0.00355312096648132	0.00112359550561798	0.00355312096648132	1	0	"model434"
0.168539325842697	0.0254019849555253	0.168539325842697	0.0254019849555253	1	0	"model435"
0.113483146067416	0.0336870514183803	0.113483146067416	0.0336870514183803	1	0	"model436"
0.00112359550561798	0.00355312096648132	0.00112359550561798	0.00355312096648132	1	0	"model437"
0.262921348314607	0.0480219338571524	0.285393258426966	0.0480219338571524	0.97752808988764	0	"model438"
0.0752808988764045	0.0212197984632439	0.0752808988764045	0.0212197984632439	1	0	"model439"
0.156179775280899	0.041857179238797	0.156179775280899	0.041857179238797	1	0	"model440"
0.0146067415730337	0.0119028079266447	0.0146067415730337	0.0119028079266447	1	0	"model441"
0.404494382022472	0.0230876928950149	0.449438202247191	0.0230876928950149	0.955056179775281	0	"model442"
0.420224719101124	0.0386330995003075	0.476404494382022	0.0386330995003075	0.943820224719101	0	"model443"
0.192134831460674	0.0559169883893966	0.192134831460674	0.0559169883893966	1	0	"model444"
0.0853932584269663	0.0300560339291968	0.0853932584269663	0.0300560339291968	1	0	"model445"
0.192134831460674	0.034100912779296	0.192134831460674	0.034100912779296	1	0	"model446"
0.00898876404494382	0.0103251301513784	0.00898876404494382	0.0103251301513784	1	0	"model447"
0.134831460674157	0.0275223566604851	0.134831460674157	0.0275223566604851	1	0	"model448"
0.31123595505618	0.048847337346706	0.31123595505618	0.048847337346706	1	0	"model449"
0.432584269662921	0.0375466997298941	0.48876404494382	0.037546699729894	0.943820224719101	0	"model450"
0.0730337078651685	0.0323271095536181	0.0730337078651685	0.0323271095536181	1	0	"model451"
0.387640449438202	0.0522334295167841	0.410112359550562	0.0522334295167841	0.97752808988764	0	"model452"
0.378651685393258	0.0443310284012743	0.423595505617978	0.0443310284012743	0.955056179775281	0	"model453"
0.0820224719101124	0.0225030994543817	0.0820224719101124	0.0225030994543817	1	0	"model454"
0.0213483146067416	0.0098381464693361	0.0213483146067416	0.0098381464693361	1	0	"model455"
0.287640449438202	0.0360018422193196	0.287640449438202	0.0360018422193196	1	0	"model456"
0.00674157303370787	0.007856246053709	0.00674157303370787	0.007856246053709	1	0	"model457"
0.171910112359551	0.0295144394080083	0.171910112359551	0.0295144394080083	1	0	"model458"
0.0921348314606742	0.0284249677318506	0.0921348314606742	0.0284249677318506	1	0	"model459"
0.353932584269663	0.0629503232733019	0.410112359550562	0.0629503232733019	0.943820224719101	0	"model460"
0.00786516853932584	0.00758369165966913	0.00786516853932584	0.00758369165966913	1	0	"model461"
0.306741573033708	0.0343468360093195	0.329213483146067	0.0343468360093195	0.97752808988764	0	"model462"
0.0247191011235955	0.0174066667245277	0.0247191011235955	0.0174066667245277	1	0	"model463"
0.0921348314606742	0.0269037977469183	0.0921348314606742	0.0269037977469183	1	0	"model464"
0.00898876404494382	0.00886304087355748	0.00898876404494382	0.00886304087355748	1	0	"model465"
0.276404494382022	0.0503045195217403	0.276404494382022	0.0503045195217403	1	0	"model466"
0.0146067415730337	0.0140636579442087	0.0146067415730337	0.0140636579442087	1	0	"model467"
0.284269662921348	0.0573045947336914	0.284269662921348	0.0573045947336914	1	0	"model468"
0.11123595505618	0.0387237663687276	0.11123595505618	0.0387237663687276	1	0	"model469"
0.00561797752808989	0.00794502001333199	0.00561797752808989	0.00794502001333199	1	0	"model470"
0.255056179775281	0.0510930613566591	0.255056179775281	0.0510930613566591	1	0	"model471"
0.0393258426966292	0.0142617473892583	0.0393258426966292	0.0142617473892583	1	0	"model472"
0.00786516853932584	0.00758369165966913	0.00786516853932584	0.00758369165966913	1	0	"model473"
0.234831460674157	0.052018143986417	0.234831460674157	0.052018143986417	1	0	"model474"
0.00561797752808989	0.00592186827746887	0.00561797752808989	0.00592186827746887	1	0	"model475"
0.148314606741573	0.0258399824878807	0.148314606741573	0.0258399824878807	1	0	"model476"
0.148314606741573	0.0329928322779704	0.148314606741573	0.0329928322779704	1	0	"model477"
0.162921348314607	0.0244164884089987	0.162921348314607	0.0244164884089987	1	0	"model478"
0.115730337078652	0.0259753421489134	0.115730337078652	0.0259753421489134	1	0	"model479"
0.0550561797752809	0.0194251722545168	0.0550561797752809	0.0194251722545168	1	0	"model480"
0.162921348314607	0.0348334742279743	0.162921348314607	0.0348334742279743	1	0	"model481"
0.238202247191011	0.04519281836404	0.238202247191011	0.04519281836404	1	0	"model482"
0.166292134831461	0.0377516199800874	0.166292134831461	0.0377516199800874	1	0	"model483"
0.0179775280898876	0.0142124838659253	0.0179775280898876	0.0142124838659253	1	0	"model484"
0.140449438202247	0.023835060039996	0.140449438202247	0.023835060039996	1	0	"model485"
0.238202247191011	0.0512985578075324	0.238202247191011	0.0512985578075324	1	0	"model486"
0.269662921348315	0.0406845711280907	0.314606741573034	0.0406845711280907	0.955056179775281	0	"model487"
0.051685393258427	0.0286216826584911	0.051685393258427	0.0286216826584911	1	0	"model488"
0.0213483146067416	0.0111733587192332	0.0213483146067416	0.0111733587192332	1	0	"model489"
0.0224719101123595	0.0479634774339539	0.640449438202247	0.0479634774339539	0.382022471910112	0	"model490"
0.162921348314607	0.038651249888671	0.162921348314607	0.038651249888671	1	0	"model491"
0.182022471910112	0.0464177779320739	0.182022471910112	0.0464177779320739	1	0	"model492"
0.182022471910112	0.0147928222158288	0.182022471910112	0.0147928222158288	1	0	"model493"
0.0606741573033708	0.02259640918202	0.0606741573033708	0.02259640918202	1	0	"model494"
0.00898876404494382	0.0103251301513784	0.00898876404494382	0.0103251301513784	1	0	"model495"
-0.142696629213483	0.0299859459194728	0.857303370786517	0.0299859459194728	0	0	"model496"
0.232584269662921	0.0343468360093195	0.27752808988764	0.0343468360093195	0.955056179775281	0	"model497"
0.310112359550562	0.0378999569758008	0.321348314606742	0.0378999569758008	0.98876404494382	0	"model498"
0.396629213483146	0.0476848308101925	0.396629213483146	0.0476848308101925	1	0	"model499"
0.148314606741573	0.0354521634942299	0.148314606741573	0.0354521634942299	1	0	"model500"
0.00224719101123595	0.0047374946219751	0.00224719101123595	0.0047374946219751	1	0	"model501"
0.0101123595505618	0.0098381464693361	0.0101123595505618	0.0098381464693361	1	0	"model502"
0.186516853932584	0.0494608959377354	0.186516853932584	0.0494608959377354	1	0	"model503"
0.41685393258427	0.0566645748937515	0.41685393258427	0.0566645748937515	1	0	"model504"
-0.304494382022472	0.0549043742708511	0.60561797752809	0.0549043742708511	0.0898876404494382	0	"model505"
0.0123595505617978	0.0111733587192332	0.0123595505617978	0.0111733587192332	1	0	"model506"
0.387640449438202	0.03972510006666	0.443820224719101	0.03972510006666	0.943820224719101	0	"model507"
0.28876404494382	0.0519101664045203	0.28876404494382	0.0519101664045203	1	0	"model508"
0.238202247191011	0.0481968777292746	0.238202247191011	0.0481968777292746	1	0	"model509"
0.0426966292134831	0.015712492107418	0.0426966292134831	0.015712492107418	1	0	"model510"
0.292134831460674	0.0378258611923673	0.325842696629214	0.0378258611923673	0.966292134831461	0	"model511"
0.0191011235955056	0.0150280169645984	0.0191011235955056	0.0150280169645984	1	0	"model512"
0.0685393258426966	0.0239524748394299	0.0685393258426966	0.0239524748394299	1	0	"model513"
0.0112359550561798	0.0118437365549377	0.0112359550561798	0.0118437365549377	1	0	"model514"
0.00561797752808989	0.00592186827746887	0.00561797752808989	0.00592186827746887	1	0	"model515"
0.0640449438202247	0.0198537202707095	0.0640449438202247	0.0198537202707095	1	0	"model516"
0.0898876404494382	0.0242724370726886	0.0898876404494382	0.0242724370726886	1	0	"model517"
0.185393258426966	0.0414530779422821	0.230337078651685	0.0414530779422821	0.955056179775281	0	"model518"
0.358426966292135	0.0533494273575113	0.392134831460674	0.0533494273575113	0.966292134831461	0	"model519"
0.129213483146067	0.0414530779422821	0.129213483146067	0.0414530779422821	1	0	"model520"
0.00449438202247191	0.00580222224150924	0.00449438202247191	0.00580222224150924	1	0	"model521"
0.452808988764045	0.0378443987387839	0.475280898876405	0.0378443987387839	0.97752808988764	0	"model522"
0.0966292134831461	0.0213187257988879	0.0966292134831461	0.0213187257988879	1	0	"model523"
0.0808988764044944	0.0241565775229919	0.0808988764044944	0.0241565775229919	1	0	"model524"
0.0797752808988764	0.0179228256389594	0.0797752808988764	0.0179228256389594	1	0	"model525"
0.320224719101124	0.0465535688938429	0.365168539325843	0.0465535688938429	0.955056179775281	0	"model526"
0.369662921348315	0.0541324843021641	0.425842696629213	0.0541324843021641	0.943820224719101	0	"model527"
0.0280898876404494	0.0169576500714184	0.0280898876404494	0.0169576500714184	1	0	"model528"
0.0707865168539326	0.019134141984187	0.0707865168539326	0.019134141984187	1	0	"model529"
0.138202247191011	0.0313579560882914	0.138202247191011	0.0313579560882914	1	0	"model530"
0.144943820224719	0.0390843306312946	0.144943820224719	0.0390843306312946	1	0	"model531"
0.00786516853932584	0.0119028079266447	0.00786516853932584	0.0119028079266447	1	0	"model532"
0.251685393258427	0.0276241032428251	0.251685393258427	0.0276241032428251	1	0	"model533"
0.176404494382022	0.0280524094547925	0.176404494382022	0.0280524094547925	1	0	"model534"
0.293258426966292	0.0379923734918824	0.293258426966292	0.0379923734918824	1	0	"model535"
0.407865168539326	0.0494183367192382	0.464044943820225	0.0494183367192382	0.943820224719101	0	"model536"
-0.0269662921348315	0.0430955801157828	0.624719101123596	0.0430955801157829	0.348314606741573	0	"model537"
0.00674157303370787	0.007856246053709	0.00674157303370787	0.007856246053709	1	0	"model538"
-0.18314606741573	0.0427196205920865	0.80561797752809	0.0427196205920865	0.0112359550561798	0	"model539"
0.251685393258427	0.0527545074506637	0.285393258426966	0.0527545074506637	0.966292134831461	0	"model540"
0.38314606741573	0.0457020927663868	0.439325842696629	0.0457020927663868	0.943820224719101	0	"model541"
0.197752808988764	0.0535462651705214	0.197752808988764	0.0535462651705214	1	0	"model542"
0.1	0.0297039401631436	0.1	0.0297039401631436	1	0	"model543"
0.140449438202247	0.0471523532285175	0.140449438202247	0.0471523532285175	1	0	"model544"
0.380898876404494	0.041181474179486	0.425842696629213	0.041181474179486	0.955056179775281	0	"model545"
0.180898876404494	0.0383598131208071	0.180898876404494	0.0383598131208071	1	0	"model546"
0.00898876404494382	0.0103251301513784	0.00898876404494382	0.0103251301513784	1	0	"model547"
0.185393258426966	0.0161092233465218	0.185393258426966	0.0161092233465218	1	0	"model548"
0.185393258426966	0.026083124114577	0.185393258426966	0.026083124114577	1	0	"model549"
0.307865168539326	0.0430955801157828	0.364044943820225	0.0430955801157828	0.943820224719101	0	"model550"
0.175280898876404	0.043741726803465	0.175280898876404	0.043741726803465	1	0	"model551"
0.3	0.0694754030503104	0.344943820224719	0.0694754030503104	0.955056179775281	0	"model552"
0.18876404494382	0.0395658805879978	0.18876404494382	0.0395658805879978	1	0	"model553"
0.158426966292135	0.0328436872934738	0.158426966292135	0.0328436872934738	1	0	"model554"
-0.2	0.0223467174384664	0.8	0.0223467174384664	0	0	"model555"
0.189887640449438	0.0441407655987598	0.189887640449438	0.0441407655987598	1	0	"model556"
0.147191011235955	0.0214825923591011	0.147191011235955	0.0214825923591011	1	0	"model557"
0.00224719101123595	0.0047374946219751	0.00224719101123595	0.0047374946219751	1	0	"model558"
0.0235955056179775	0.0179228256389594	0.0235955056179775	0.0179228256389594	1	0	"model559"
-0.178651685393258	0.0435005465415269	0.821348314606742	0.0435005465415269	0	0	"model560"
0.329213483146067	0.0433713686867838	0.329213483146067	0.0433713686867838	1	0	"model561"
0.0157303370786517	0.0094749892439502	0.0157303370786517	0.0094749892439502	1	0	"model562"
0.344943820224719	0.042389988964557	0.356179775280899	0.042389988964557	0.98876404494382	0	"model563"
0.0752808988764045	0.019134141984187	0.0752808988764045	0.019134141984187	1	0	"model564"
0.166292134831461	0.0560047210262734	0.166292134831461	0.0560047210262734	1	0	"model565"
0.395505617977528	0.0696266668981109	0.451685393258427	0.0696266668981109	0.943820224719101	0	"model566"
0.176404494382022	0.0370956719533015	0.176404494382022	0.0370956719533015	1	0	"model567"
0.176404494382022	0.0285480734084787	0.176404494382022	0.0285480734084787	1	0	"model568"
0.298876404494382	0.0344080421808415	0.343820224719101	0.0344080421808415	0.955056179775281	0	"model569"
0.0606741573033708	0.023208888966037	0.0606741573033708	0.023208888966037	1	0	"model570"
0.0101123595505618	0.00829061558845643	0.0101123595505618	0.00829061558845643	1	0	"model571"
0.414606741573034	0.0450840508937952	0.470786516853933	0.0450840508937952	0.943820224719101	0	"model572"
0.21685393258427	0.043046728129422	0.21685393258427	0.043046728129422	1	0	"model573"
0.143820224719101	0.0263772537253318	0.143820224719101	0.0263772537253318	1	0	"model574"
0.0179775280898876	0.012078288761496	0.0179775280898876	0.012078288761496	1	0	"model575"
0.0674157303370786	0.0236874731098755	0.0674157303370786	0.0236874731098755	1	0	"model576"
0.097752808988764	0.0259753421489134	0.097752808988764	0.0259753421489134	1	0	"model577"
0.265168539325843	0.0443784666474865	0.310112359550562	0.0443784666474865	0.955056179775281	0	"model578"
0.0786516853932584	0.02802739615561	0.0786516853932584	0.02802739615561	1	0	"model579"
0.0595505617977528	0.0248718467653693	0.0595505617977528	0.0248718467653693	1	0	"model580"
0.329213483146067	0.0587549614270313	0.374157303370787	0.0587549614270313	0.955056179775281	0	"model581"
0.140449438202247	0.028152240408938	0.140449438202247	0.028152240408938	1	0	"model582"
0.00561797752808989	0.00794502001333199	0.00561797752808989	0.00794502001333199	1	0	"model583"
-0.213483146067416	0.0410279069292259	0.741573033707865	0.0410279069292259	0.0449438202247191	0	"model584"
0.121348314606742	0.0409594700059695	0.121348314606742	0.0409594700059695	1	0	"model585"
0.0112359550561798	0.010593360017776	0.0112359550561798	0.010593360017776	1	0	"model586"
0.1	0.0267206876130891	0.1	0.0267206876130891	1	0	"model587"
0.235955056179775	0.046478178449404	0.235955056179775	0.046478178449404	1	0	"model588"
0.364044943820225	0.0540676627194564	0.61123595505618	0.0540676627194564	0.752808988764045	0	"model589"
0.00674157303370787	0.007856246053709	0.00674157303370787	0.007856246053709	1	0	"model590"
0.203370786516854	0.047211813975002	0.203370786516854	0.047211813975002	1	0	"model591"
0.378651685393258	0.0461905725642572	0.434831460674157	0.0461905725642572	0.943820224719101	0	"model592"
0.171910112359551	0.036715583320307	0.171910112359551	0.036715583320307	1	0	"model593"
0.00898876404494382	0.00886304087355748	0.00898876404494382	0.00886304087355748	1	0	"model594"
0.00449438202247191	0.00580222224150924	0.00449438202247191	0.00580222224150924	1	0	"model595"
0.217977528089888	0.0459317145071338	0.217977528089888	0.0459317145071338	1	0	"model596"
0.00224719101123595	0.0047374946219751	0.00224719101123595	0.0047374946219751	1	0	"model597"
0.00786516853932584	0.00758369165966913	0.00786516853932584	0.00758369165966913	1	0	"model598"
0.0404494382022472	0.0108549638548235	0.0404494382022472	0.0108549638548235	1	0	"model599"
0.153932584269663	0.043046728129422	0.153932584269663	0.043046728129422	1	0	"model600"
0.117977528089888	0.0305421468732211	0.117977528089888	0.0305421468732211	1	0	"model601"
0.049438202247191	0.0249563014965658	0.049438202247191	0.0249563014965658	1	0	"model602"
0.117977528089888	0.0352338721390015	0.117977528089888	0.0352338721390015	1	0	"model603"
0.0123595505617978	0.0123652239844338	0.0123595505617978	0.0123652239844338	1	0	"model604"
0.0741573033707865	0.031424984214836	0.0741573033707865	0.031424984214836	1	0	"model605"
0.326966292134831	0.0546482890396135	0.326966292134831	0.0546482890396135	1	0	"model606"
0.315730337078652	0.0319780886983319	0.338202247191011	0.0319780886983319	0.97752808988764	0	"model607"
0.18314606741573	0.0440134668027643	0.18314606741573	0.0440134668027643	1	0	"model608"
0.156179775280899	0.0267206876130891	0.156179775280899	0.0267206876130891	1	0	"model609"
0.108988764044944	0.0335200761576995	0.108988764044944	0.0335200761576995	1	0	"model610"
0.174157303370787	0.0393704045723383	0.174157303370787	0.0393704045723383	1	0	"model611"
0	0	0	0	1	0	"model612"
0.371910112359551	0.0495317467059524	0.371910112359551	0.0495317467059524	1	0	"model613"
0.258426966292135	0.0351342004481156	0.258426966292135	0.0351342004481156	1	0	"model614"
0.158426966292135	0.0292278846668564	0.158426966292135	0.0292278846668564	1	0	"model615"
0.287640449438202	0.0532836531648801	0.332584269662921	0.0532836531648801	0.955056179775281	0	"model616"
0.260674157303371	0.0521124408417261	0.260674157303371	0.0521124408417261	1	0	"model617"
0.0561797752808989	0.015890040026664	0.0561797752808989	0.015890040026664	1	0	"model618"
0.201123595505618	0.0319780886983319	0.212359550561798	0.0319780886983319	0.98876404494382	0	"model619"
0.0101123595505618	0.0111733587192332	0.0101123595505618	0.0111733587192332	1	0	"model620"
0.179775280898876	0.042373440071104	0.651685393258427	0.042373440071104	0.528089887640449	0	"model621"
0.235955056179775	0.0488329768179974	0.258426966292135	0.0488329768179974	0.97752808988764	0	"model622"
0.38876404494382	0.0434198554192942	0.433707865168539	0.0434198554192942	0.955056179775281	0	"model623"
0.214606741573034	0.042190973832626	0.214606741573034	0.042190973832626	1	0	"model624"
0.00674157303370787	0.00580222224150924	0.00674157303370787	0.00580222224150924	1	0	"model625"
0.462921348314607	0.0429651847182022	0.485393258426966	0.0429651847182022	0.97752808988764	0	"model626"
0.273033707865169	0.0290352770686357	0.295505617977528	0.0290352770686357	0.97752808988764	0	"model627"
0.38314606741573	0.0376213453298807	0.39438202247191	0.0376213453298807	0.98876404494382	0	"model628"
0.342696629213483	0.0414530779422821	0.342696629213483	0.0414530779422821	1	0	"model629"
0.291011235955056	0.0315363811760612	0.313483146067416	0.0315363811760612	0.97752808988764	0	"model630"
0.157303370786517	0.0479634774339539	0.157303370786517	0.0479634774339539	1	0	"model631"
0.112359550561798	0.0304271101297227	0.112359550561798	0.0304271101297227	1	0	"model632"
0.00898876404494382	0.00886304087355748	0.00898876404494382	0.00886304087355748	1	0	"model633"
0.0393258426966292	0.0226274269168438	0.0393258426966292	0.0226274269168438	1	0	"model634"
0.256179775280899	0.0565034372004378	0.256179775280899	0.0565034372004378	1	0	"model635"
0.396629213483146	0.0718574245182898	0.452808988764045	0.0718574245182898	0.943820224719101	0	"model636"
0.434831460674157	0.066166113102843	0.491011235955056	0.066166113102843	0.943820224719101	0	"model637"
0.326966292134831	0.0379923734918824	0.585393258426966	0.0379923734918824	0.741573033707865	0	"model638"
0.421348314606742	0.0505964647419711	0.533707865168539	0.0505964647419711	0.887640449438202	0	"model639"
0.00786516853932584	0.00925025395897264	0.00786516853932584	0.00925025395897264	1	0	"model640"
0.141573033707865	0.0309753904541353	0.141573033707865	0.0309753904541353	1	0	"model641"
0.210112359550562	0.0389405055597604	0.210112359550562	0.0389405055597604	1	0	"model642"
0.0539325842696629	0.0338324787734418	0.0539325842696629	0.0338324787734418	1	0	"model643"
0.132584269662921	0.0284249677318506	0.132584269662921	0.0284249677318506	1	0	"model644"
0.219101123595506	0.0266154876471009	0.219101123595506	0.0266154876471009	1	0	"model645"
0	0	0	0	1	0	"model646"
-0.231460674157303	0.0430955801157828	0.757303370786517	0.0430955801157828	0.0112359550561798	0	"model647"
0.148314606741573	0.0350542590465845	0.653932584269663	0.0350542590465845	0.49438202247191	0	"model648"
0.157303370786517	0.0378258611923673	0.157303370786517	0.0378258611923673	1	0	"model649"
0.0629213483146067	0.019243794125341	0.0629213483146067	0.019243794125341	1	0	"model650"
0.0910112359550562	0.0282517186002189	0.0910112359550562	0.0282517186002189	1	0	"model651"
0.00898876404494382	0.00710624193296265	0.00898876404494382	0.00710624193296265	1	0	"model652"
0.00337078651685393	0.00542748192741177	0.00337078651685393	0.00542748192741177	1	0	"model653"
0.193258426966292	0.0334152929186449	0.193258426966292	0.0334152929186449	1	0	"model654"
0.217977528089888	0.0335827891707264	0.217977528089888	0.0335827891707264	1	0	"model655"
0.398876404494382	0.0527678007625669	0.443820224719101	0.0527678007625669	0.955056179775281	0	"model656"
0.3	0.0265098702160096	0.3	0.0265098702160096	1	0	"model657"
0.0213483146067416	0.0171222913118539	0.0213483146067416	0.0171222913118539	1	0	"model658"
0.165168539325843	0.0343468360093195	0.165168539325843	0.0343468360093195	1	0	"model659"
0.414606741573034	0.0658260344586526	0.470786516853933	0.0658260344586526	0.943820224719101	0	"model660"
0.0370786516853933	0.0248718467653693	0.0370786516853933	0.0248718467653693	1	0	"model661"
0.359550561797753	0.0510793321984489	0.359550561797753	0.0510793321984489	1	0	"model662"
0.267415730337079	0.0406155556905647	0.312359550561798	0.0406155556905647	0.955056179775281	0	"model663"
0.242696629213483	0.0500248924556225	0.242696629213483	0.0500248924556225	1	0	"model664"
0.101123595505618	0.0347326535411824	0.101123595505618	0.0347326535411824	1	0	"model665"
0.00449438202247191	0.00580222224150924	0.00449438202247191	0.00580222224150924	1	0	"model666"
0.173033707865169	0.0578284915823784	0.173033707865169	0.0578284915823784	1	0	"model667"
0.00786516853932584	0.00542748192741177	0.00786516853932584	0.00542748192741177	1	0	"model668"
0.128089887640449	0.0323054062214949	0.128089887640449	0.0323054062214949	1	0	"model669"
0.00112359550561798	0.00355312096648132	0.00112359550561798	0.00355312096648132	1	0	"model670"
0.41685393258427	0.0632171573479311	0.484269662921348	0.0632171573479311	0.932584269662921	0	"model671"
0.358426966292135	0.0360991183820869	0.392134831460674	0.0360991183820869	0.966292134831461	0	"model672"
0.0393258426966292	0.0121362185363443	0.0393258426966292	0.0121362185363443	1	0	"model673"
0.00112359550561798	0.00355312096648132	0.00112359550561798	0.00355312096648132	1	0	"model674"
0.439325842696629	0.0336870514183803	0.484269662921348	0.0336870514183803	0.955056179775281	0	"model675"
0.162921348314607	0.023239089224702	0.162921348314607	0.023239089224702	1	0	"model676"
0.151685393258427	0.0305421468732211	0.151685393258427	0.0305421468732211	1	0	"model677"
0.0112359550561798	0.00749063670411985	0.0112359550561798	0.00749063670411985	1	0	"model678"
0.0258426966292135	0.0167913945853632	0.0258426966292135	0.0167913945853632	1	0	"model679"
0.0247191011235955	0.023568738161127	0.0247191011235955	0.023568738161127	1	0	"model680"
0.00337078651685393	0.00542748192741177	0.00337078651685393	0.00542748192741177	1	0	"model681"
0.107865168539326	0.0255121893122493	0.107865168539326	0.0255121893122493	1	0	"model682"
0.0606741573033708	0.0243877462113853	0.0606741573033708	0.0243877462113853	1	0	"model683"
0.393258426966292	0.0555520485924769	0.438202247191011	0.0555520485924769	0.955056179775281	0	"model684"
0.317977528089888	0.0436935972527038	0.317977528089888	0.0436935972527038	1	0	"model685"
0.330337078651685	0.0393525858773444	0.330337078651685	0.0393525858773444	1	0	"model686"
0.152808988764045	0.0386330995003075	0.152808988764045	0.0386330995003075	1	0	"model687"
0.373033707865169	0.0512985578075324	0.373033707865169	0.0512985578075324	1	0	"model688"
0.0258426966292135	0.0150280169645984	0.0258426966292135	0.0150280169645984	1	0	"model689"
0.331460674157303	0.0331836051435756	0.331460674157303	0.0331836051435756	1	0	"model690"
0.140449438202247	0.0421244265138651	0.140449438202247	0.0421244265138651	1	0	"model691"
0.141573033707865	0.0305191742134283	0.141573033707865	0.0305191742134283	1	0	"model692"
0.137078651685393	0.0274202325359148	0.137078651685393	0.0274202325359148	1	0	"model693"
0.402247191011236	0.0555015237538358	0.447191011235955	0.0555015237538358	0.955056179775281	0	"model694"
0.0101123595505618	0.0134518988734592	0.0101123595505618	0.0134518988734592	1	0	"model695"
0.160674157303371	0.0378443987387839	0.160674157303371	0.0378443987387839	1	0	"model696"
-0.214606741573034	0.0480949044718862	0.751685393258427	0.0480949044718862	0.0337078651685393	0	"model697"
0.121348314606742	0.0223467174384664	0.121348314606742	0.0223467174384664	1	0	"model698"
0.0101123595505618	0.0098381464693361	0.0101123595505618	0.0098381464693361	1	0	"model699"
0.291011235955056	0.0379923734918824	0.291011235955056	0.0379923734918824	1	0	"model700"
0.138202247191011	0.0318021418956611	0.138202247191011	0.0318021418956611	1	0	"model701"
0.31123595505618	0.0259753421489134	0.333707865168539	0.0259753421489134	0.97752808988764	0	"model702"
0.143820224719101	0.0608081011014304	0.143820224719101	0.0608081011014304	1	0	"model703"
0.165168539325843	0.0516392346673383	0.165168539325843	0.0516392346673383	1	0	"model704"
0.107865168539326	0.0339979197540381	0.107865168539326	0.0339979197540381	1	0	"model705"
0.101123595505618	0.0313355815181302	0.101123595505618	0.0313355815181302	1	0	"model706"
0.275280898876405	0.0545969278543567	0.297752808988764	0.0545969278543567	0.97752808988764	0	"model707"
0.451685393258427	0.0388503445090335	0.451685393258427	0.0388503445090335	1	0	"model708"
0.00561797752808989	0.00592186827746887	0.00561797752808989	0.00592186827746887	1	0	"model709"
0.0842696629213483	0.0305421468732211	0.0842696629213483	0.0305421468732211	1	0	"model710"
0.428089887640449	0.0324137775631742	0.473033707865169	0.0324137775631742	0.955056179775281	0	"model711"
0.256179775280899	0.0395658805879978	0.256179775280899	0.0395658805879978	1	0	"model712"
0.440449438202247	0.0572433653169822	0.485393258426966	0.0572433653169822	0.955056179775281	0	"model713"
0.0157303370786517	0.0131886268626659	0.0157303370786517	0.0131886268626659	1	0	"model714"
0.347191011235955	0.0324137775631742	0.347191011235955	0.0324137775631742	1	0	"model715"
0.385393258426966	0.0558165536637053	0.430337078651685	0.0558165536637053	0.955056179775281	0	"model716"
0.171910112359551	0.0650974686724103	0.610112359550562	0.0650974686724103	0.561797752808989	0	"model717"
0.0853932584269663	0.0151673833193383	0.0853932584269663	0.0151673833193383	1	0	"model718"
0.334831460674157	0.0515712793350068	0.368539325842697	0.0515712793350068	0.966292134831461	0	"model719"
0.343820224719101	0.0352139603701668	0.355056179775281	0.0352139603701668	0.98876404494382	0	"model720"
0.312359550561798	0.0467189996389893	0.312359550561798	0.0467189996389893	1	0	"model721"
0	0	0	0	1	0	"model722"
0.0224719101123595	0.016749572865167	0.0224719101123595	0.016749572865167	1	0	"model723"
0.00337078651685393	0.00758369165966913	0.00337078651685393	0.00758369165966913	1	0	"model724"
0.337078651685393	0.0496872627768599	0.382022471910112	0.0496872627768599	0.955056179775281	0	"model725"
0.307865168539326	0.0389945021268026	0.319101123595506	0.0389945021268026	0.98876404494382	0	"model726"
0.171910112359551	0.0343468360093195	0.171910112359551	0.0343468360093195	1	0	"model727"
0.164044943820225	0.0486026313033958	0.164044943820225	0.0486026313033958	1	0	"model728"
0.00449438202247191	0.00580222224150924	0.00449438202247191	0.00580222224150924	1	0	"model729"
0	0	0	0	1	0	"model730"
0.157303370786517	0.0527013006721734	0.157303370786517	0.0527013006721734	1	0	"model731"
0.1	0.0233594998194946	0.1	0.0233594998194946	1	0	"model732"
0.147191011235955	0.0435005465415269	0.147191011235955	0.0435005465415269	1	0	"model733"
0.151685393258427	0.0411132928840827	0.151685393258427	0.0411132928840827	1	0	"model734"
0.00786516853932584	0.00542748192741177	0.00786516853932584	0.00542748192741177	1	0	"model735"
-0.179775280898876	0.0322184466930435	0.764044943820225	0.0322184466930436	0.0561797752808989	0	"model736"
0.213483146067416	0.0304271101297227	0.258426966292135	0.0304271101297227	0.955056179775281	0	"model737"
0.0876404494382022	0.0263772537253318	0.0876404494382022	0.0263772537253318	1	0	"model738"
0.00561797752808989	0.0109193855708713	0.00561797752808989	0.0109193855708713	1	0	"model739"
0.38876404494382	0.0595022535078217	0.444943820224719	0.0595022535078217	0.943820224719101	0	"model740"
0	0	0	0	1	0	"model741"
-0.197752808988764	0.0344080421808415	0.746067415730337	0.0344080421808415	0.0561797752808989	0	"model742"
0.251685393258427	0.0367728470670669	0.274157303370787	0.0367728470670669	0.97752808988764	0	"model743"
0.107865168539326	0.0348133334490554	0.107865168539326	0.0348133334490554	1	0	"model744"
0.338202247191011	0.0310883984561006	0.338202247191011	0.0310883984561006	1	0	"model745"
0.0112359550561798	0.010593360017776	0.0112359550561798	0.010593360017776	1	0	"model746"
0.160674157303371	0.0458858820847694	0.160674157303371	0.0458858820847694	1	0	"model747"
0.164044943820225	0.0468389459201902	0.624719101123596	0.0468389459201902	0.539325842696629	0	"model748"
0.244943820224719	0.0298687670971938	0.244943820224719	0.0298687670971938	1	0	"model749"
0.114606741573034	0.0321312518195164	0.114606741573034	0.0321312518195164	1	0	"model750"
0.161797752808989	0.0543264849871723	0.161797752808989	0.0543264849871723	1	0	"model751"
0.00561797752808989	0.0121362185363443	0.00561797752808989	0.0121362185363443	1	0	"model752"
0.278651685393258	0.0413005206055138	0.278651685393258	0.0413005206055138	1	0	"model753"
0.153932584269663	0.0473897485779375	0.153932584269663	0.0473897485779375	1	0	"model754"
0.231460674157303	0.0443784666474865	0.231460674157303	0.0443784666474865	1	0	"model755"
0.0910112359550562	0.034100912779296	0.0910112359550562	0.034100912779296	1	0	"model756"
0.00449438202247191	0.00580222224150924	0.00449438202247191	0.00580222224150924	1	0	"model757"
-0.225842696629213	0.0543909981140316	0.684269662921348	0.0543909981140316	0.0898876404494382	0	"model758"
0.135955056179775	0.0214825923591011	0.135955056179775	0.0214825923591011	1	0	"model759"
0.213483146067416	0.0399890571237128	0.213483146067416	0.0399890571237128	1	0	"model760"
0.193258426966292	0.0388503445090335	0.193258426966292	0.0388503445090335	1	0	"model761"
0.161797752808989	0.0348133334490554	0.161797752808989	0.0348133334490554	1	0	"model762"
0.0258426966292135	0.0140636579442087	0.0258426966292135	0.0140636579442087	1	0	"model763"
0.0101123595505618	0.00355312096648132	0.0101123595505618	0.00355312096648132	1	0	"model764"
0.00224719101123595	0.0047374946219751	0.00224719101123595	0.0047374946219751	1	0	"model765"
0.0101123595505618	0.0098381464693361	0.0101123595505618	0.0098381464693361	1	0	"model766"
0.176404494382022	0.0270338313597282	0.176404494382022	0.0270338313597282	1	0	"model767"
0.284269662921348	0.0359433501543373	0.329213483146067	0.0359433501543373	0.955056179775281	0	"model768"
-0.198876404494382	0.065527017830728	0.744943820224719	0.065527017830728	0.0561797752808989	0	"model769"
0.250561797752809	0.0403556966203775	0.261797752808989	0.0403556966203775	0.98876404494382	0	"model770"
0.101123595505618	0.037076760062216	0.101123595505618	0.037076760062216	1	0	"model771"
0.113483146067416	0.0425221482531385	0.607865168539326	0.0425221482531385	0.50561797752809	0	"model772"
0.110112359550562	0.0298687670971938	0.110112359550562	0.0298687670971938	1	0	"model773"
0.0123595505617978	0.0123652239844338	0.0123595505617978	0.0123652239844338	1	0	"model774"
0.444943820224719	0.0609003044919186	0.501123595505618	0.0609003044919186	0.943820224719101	0	"model775"
-0.0415730337078652	0.0150280169645984	0.958426966292135	0.0150280169645984	0	0	"model776"
0.0179775280898876	0.0169162393867209	0.0179775280898876	0.0169162393867209	1	0	"model777"
-0.208988764044944	0.0503045195217403	0.746067415730337	0.0503045195217403	0.0449438202247191	0	"model778"
0.269662921348315	0.0413683933227987	0.269662921348315	0.0413683933227987	1	0	"model779"
0.0157303370786517	0.0108549638548235	0.0157303370786517	0.0108549638548235	1	0	"model780"
0.11685393258427	0.0276241032428251	0.11685393258427	0.0276241032428251	1	0	"model781"
0.131460674157303	0.0318021418956611	0.131460674157303	0.0318021418956611	1	0	"model782"
0.460674157303371	0.047374946219751	0.539325842696629	0.047374946219751	0.921348314606742	0	"model783"
0.168539325842697	0.0334991457303339	0.168539325842697	0.0334991457303339	1	0	"model784"
0.298876404494382	0.0462361029573362	0.298876404494382	0.0462361029573362	1	0	"model785"
0.149438202247191	0.0326724022285609	0.149438202247191	0.0326724022285609	1	0	"model786"
0.0134831460674157	0.0103251301513784	0.0134831460674157	0.0103251301513784	1	0	"model787"
0.161797752808989	0.0468389459201902	0.161797752808989	0.0468389459201902	1	0	"model788"
0.00786516853932584	0.0150280169645984	0.00786516853932584	0.0150280169645984	1	0	"model789"
-0.226966292134831	0.0258399824878807	0.71685393258427	0.0258399824878807	0.0561797752808989	0	"model790"
0.310112359550562	0.0421077732511017	0.310112359550562	0.0421077732511017	1	0	"model791"
0.2	0.041974309291751	0.2	0.041974309291751	1	0	"model792"
0.00112359550561798	0.00355312096648132	0.00112359550561798	0.00355312096648132	1	0	"model793"
0.191011235955056	0.0505271069783972	0.191011235955056	0.0505271069783972	1	0	"model794"
0.151685393258427	0.0390124843745312	0.151685393258427	0.0390124843745312	1	0	"model795"
0.146067415730337	0.0230876928950149	0.146067415730337	0.0230876928950149	1	0	"model796"
0.262921348314607	0.0434198554192942	0.307865168539326	0.0434198554192942	0.955056179775281	0	"model797"
0.212359550561798	0.0336870514183803	0.212359550561798	0.0336870514183803	1	0	"model798"
0.452808988764045	0.0427196205920865	0.598876404494382	0.0427196205920865	0.853932584269663	0	"model799"
0.121348314606742	0.041974309291751	0.121348314606742	0.041974309291751	1	0	"model800"
0.104494382022472	0.0343468360093195	0.104494382022472	0.0343468360093195	1	0	"model801"
0.455056179775281	0.0483276700395653	0.51123595505618	0.0483276700395653	0.943820224719101	0	"model802"
0.0730337078651685	0.0286461770426561	0.0730337078651685	0.0286461770426561	1	0	"model803"
0.00449438202247191	0.00580222224150924	0.00449438202247191	0.00580222224150924	1	0	"model804"
0.268539325842697	0.0144571228955946	0.268539325842697	0.0144571228955946	1	0	"model805"
0.0370786516853933	0.0167913945853632	0.0370786516853933	0.0167913945853632	1	0	"model806"
0.0101123595505618	0.00829061558845643	0.0101123595505618	0.00829061558845643	1	0	"model807"
0.251685393258427	0.0500248924556225	0.251685393258427	0.0500248924556225	1	0	"model808"
0.275280898876405	0.0471523532285175	0.275280898876405	0.0471523532285175	1	0	"model809"
0.180898876404494	0.0695561180389597	0.619101123595506	0.0695561180389597	0.561797752808989	0	"model810"
0.332584269662921	0.0344080421808415	0.568539325842697	0.0344080421808415	0.764044943820225	0	"model811"
0.0112359550561798	0.014013698077805	0.0112359550561798	0.014013698077805	1	0	"model812"
0.185393258426966	0.0505964647419712	0.185393258426966	0.0505964647419712	1	0	"model813"
0.21123595505618	0.023568738161127	0.21123595505618	0.023568738161127	1	0	"model814"
-0.124719101123596	0.0297039401631436	0.875280898876404	0.0297039401631436	0	0	"model815"
0.0247191011235955	0.0147928222158288	0.0247191011235955	0.0147928222158288	1	0	"model816"
0.298876404494382	0.057341301000763	0.298876404494382	0.057341301000763	1	0	"model817"
0.158426966292135	0.0360991183820869	0.158426966292135	0.0360991183820869	1	0	"model818"
0.0617977528089888	0.0286461770426561	0.0617977528089888	0.0286461770426561	1	0	"model819"
0.0101123595505618	0.00637804732806232	0.0101123595505618	0.00637804732806232	1	0	"model820"
0.361797752808989	0.0436132633048978	0.395505617977528	0.0436132633048978	0.966292134831461	0	"model821"
0.207865168539326	0.0427852421677748	0.207865168539326	0.0427852421677748	1	0	"model822"
0.0134831460674157	0.0103251301513784	0.0134831460674157	0.0103251301513784	1	0	"model823"
0.00898876404494382	0.00886304087355748	0.00898876404494382	0.00886304087355748	1	0	"model824"
0.0573033707865169	0.0267206876130891	0.0573033707865169	0.0267206876130891	1	0	"model825"
0.153932584269663	0.0410449983304793	0.153932584269663	0.0410449983304793	1	0	"model826"
0.0123595505617978	0.00355312096648132	0.0123595505617978	0.00355312096648132	1	0	"model827"
0.0123595505617978	0.00829061558845643	0.0123595505617978	0.00829061558845643	1	0	"model828"
0.360674157303371	0.0495317467059524	0.360674157303371	0.0495317467059524	1	0	"model829"
0.432584269662921	0.0417901003828116	0.48876404494382	0.0417901003828116	0.943820224719101	0	"model830"
0.0674157303370786	0.0183482377736568	0.0674157303370786	0.0183482377736568	1	0	"model831"
0	0	0	0	1	0	"model832"
0.2	0.0366199447537987	0.2	0.0366199447537987	1	0	"model833"
0.237078651685393	0.0390843306312946	0.237078651685393	0.0390843306312946	1	0	"model834"
0.0146067415730337	0.00925025395897264	0.0146067415730337	0.00925025395897264	1	0	"model835"
0.0898876404494382	0.020513953464613	0.0898876404494382	0.020513953464613	1	0	"model836"
0.0146067415730337	0.010659362899444	0.0146067415730337	0.010659362899444	1	0	"model837"
-0.143820224719101	0.015712492107418	0.856179775280899	0.015712492107418	0	0	"model838"
0.385393258426966	0.0610957746776115	0.576404494382022	0.0610957746776115	0.808988764044944	0	"model839"
0.00786516853932584	0.010659362899444	0.00786516853932584	0.010659362899444	1	0	"model840"
0.0101123595505618	0.00829061558845643	0.0101123595505618	0.00829061558845643	1	0	"model841"
0.426966292134831	0.0399890571237128	0.471910112359551	0.0399890571237128	0.955056179775281	0	"model842"
0.0123595505617978	0.00829061558845643	0.0123595505617978	0.00829061558845643	1	0	"model843"
0.162921348314607	0.0352338721390015	0.162921348314607	0.0352338721390015	1	0	"model844"
0.268539325842697	0.0566645748937515	0.268539325842697	0.0566645748937515	1	0	"model845"
0.00786516853932584	0.0119028079266447	0.00786516853932584	0.0119028079266447	1	0	"model846"
0.0247191011235955	0.0196762929386722	0.0247191011235955	0.0196762929386722	1	0	"model847"
0.176404494382022	0.0318021418956611	0.176404494382022	0.0318021418956611	1	0	"model848"
0.0258426966292135	0.0167913945853632	0.0258426966292135	0.0167913945853632	1	0	"model849"
0.0617977528089888	0.0340185433044662	0.0617977528089888	0.0340185433044662	1	0	"model850"
0.0719101123595506	0.0295856444316577	0.0719101123595506	0.0295856444316577	1	0	"model851"
-0.214606741573034	0.0543909981140316	0.684269662921348	0.0543909981140316	0.101123595505618	0	"model852"
0.0966292134831461	0.0434198554192942	0.0966292134831461	0.0434198554192942	1	0	"model853"
0.198876404494382	0.0455791548361837	0.198876404494382	0.0455791548361837	1	0	"model854"
0.207865168539326	0.0414530779422821	0.230337078651685	0.0414530779422821	0.97752808988764	0	"model855"
0.141573033707865	0.0344080421808415	0.141573033707865	0.0344080421808415	1	0	"model856"
0.192134831460674	0.0435005465415269	0.192134831460674	0.0435005465415269	1	0	"model857"
0.107865168539326	0.0276241032428251	0.107865168539326	0.0276241032428251	1	0	"model858"
0.221348314606742	0.0370956719533015	0.221348314606742	0.0370956719533015	1	0	"model859"
0.11123595505618	0.0319780886983319	0.11123595505618	0.0319780886983319	1	0	"model860"
0.164044943820225	0.0522200001735832	0.164044943820225	0.0522200001735832	1	0	"model861"
0.0101123595505618	0.0098381464693361	0.0101123595505618	0.0098381464693361	1	0	"model862"
0.362921348314607	0.0700784994584839	0.407865168539326	0.0700784994584839	0.955056179775281	0	"model863"
-0.160674157303371	0.0482695838767001	0.80561797752809	0.0482695838767001	0.0337078651685393	0	"model864"
0.00786516853932584	0.00542748192741177	0.00786516853932584	0.00542748192741177	1	0	"model865"
0.22247191011236	0.0560047210262734	0.22247191011236	0.0560047210262734	1	0	"model866"
0.130337078651685	0.0393525858773444	0.130337078651685	0.0393525858773444	1	0	"model867"
0.28876404494382	0.0461905725642572	0.637078651685393	0.0461905725642572	0.651685393258427	0	"model868"
0.102247191011236	0.0221259258243325	0.102247191011236	0.0221259258243325	1	0	"model869"
0.0943820224719101	0.0331624623538257	0.0943820224719101	0.0331624623538257	1	0	"model870"
0.378651685393258	0.0653125963859346	0.423595505617978	0.0653125963859346	0.955056179775281	0	"model871"
0.120224719101124	0.0225030994543817	0.120224719101124	0.0225030994543817	1	0	"model872"
0.326966292134831	0.052018143986417	0.349438202247191	0.052018143986417	0.97752808988764	0	"model873"
0	0	0	0	1	0	"model874"
0.174157303370786	0.037546699729894	0.174157303370786	0.037546699729894	1	0	"model875"
0.275280898876405	0.0465535688938429	0.286516853932584	0.0465535688938429	0.98876404494382	0	"model876"
0.151685393258427	0.0276494813862049	0.151685393258427	0.0276494813862049	1	0	"model877"
0.132584269662921	0.038487588250682	0.132584269662921	0.038487588250682	1	0	"model878"
0.471910112359551	0.0430304318092736	0.539325842696629	0.0430304318092736	0.932584269662921	0	"model879"
0.139325842696629	0.0386330995003075	0.139325842696629	0.0386330995003075	1	0	"model880"
0.192134831460674	0.0447718307184078	0.192134831460674	0.0447718307184078	1	0	"model881"
0.348314606741573	0.041706100096105	0.348314606741573	0.041706100096105	1	0	"model882"
0.158426966292135	0.0376213453298807	0.158426966292135	0.0376213453298807	1	0	"model883"
0.0831460674157303	0.02259640918202	0.0831460674157303	0.02259640918202	1	0	"model884"
0.20561797752809	0.037471905433051	0.20561797752809	0.037471905433051	1	0	"model885"
0.197752808988764	0.0352139603701668	0.197752808988764	0.0352139603701668	1	0	"model886"
0.287640449438202	0.0427688462130942	0.287640449438202	0.0427688462130942	1	0	"model887"
0.00786516853932584	0.010659362899444	0.00786516853932584	0.010659362899444	1	0	"model888"
0.29438202247191	0.0504715521435896	0.29438202247191	0.0504715521435896	1	0	"model889"
0.379775280898876	0.058215308547492	0.435955056179775	0.058215308547492	0.943820224719101	0	"model890"
0.0808988764044944	0.0316916791030804	0.0808988764044944	0.0316916791030804	1	0	"model891"
0.108988764044944	0.019134141984187	0.108988764044944	0.019134141984187	1	0	"model892"
-0.0831460674157303	0.0527545074506637	0.714606741573034	0.0527545074506637	0.202247191011236	0	"model893"
0.0112359550561798	0.00917411888682838	0.0112359550561798	0.00917411888682838	1	0	"model894"
0.197752808988764	0.0389945021268026	0.197752808988764	0.0389945021268026	1	0	"model895"
0.140449438202247	0.0404251557021028	0.140449438202247	0.0404251557021028	1	0	"model896"
0.143820224719101	0.042307179764623	0.143820224719101	0.042307179764623	1	0	"model897"
0.0112359550561798	0.0129741633525759	0.0112359550561798	0.0129741633525759	1	0	"model898"
0.256179775280899	0.0504715521435896	0.278651685393258	0.0504715521435896	0.97752808988764	0	"model899"
0.126966292134831	0.019134141984187	0.126966292134831	0.019134141984187	1	0	"model900"
0.458426966292135	0.0496307678606066	0.492134831460674	0.0496307678606066	0.966292134831461	0	"model901"
0.164044943820225	0.0545840800067017	0.164044943820225	0.0545840800067017	1	0	"model902"
0.192134831460674	0.0514759911566402	0.192134831460674	0.0514759911566402	1	0	"model903"
0.265168539325843	0.0417733138384979	0.276404494382022	0.0417733138384979	0.98876404494382	0	"model904"
0.0629213483146067	0.0260562204208631	0.0629213483146067	0.0260562204208631	1	0	"model905"
0.106741573033708	0.0348334742279743	0.106741573033708	0.0348334742279743	1	0	"model906"
0.404494382022472	0.0343264097000437	0.449438202247191	0.0343264097000437	0.955056179775281	0	"model907"
0.370786516853933	0.0322184466930435	0.415730337078652	0.0322184466930435	0.955056179775281	0	"model908"
0.0584269662921348	0.0165812311769129	0.0584269662921348	0.0165812311769129	1	0	"model909"
0.139325842696629	0.0286216826584911	0.139325842696629	0.0286216826584911	1	0	"model910"
-0.357303370786517	0.0458093928132454	0.642696629213483	0.0458093928132454	0	0	"model911"
0.147191011235955	0.0394415988521371	0.147191011235955	0.0394415988521371	1	0	"model912"
0.0741573033707865	0.0281273158884174	0.0741573033707865	0.0281273158884174	1	0	"model913"
0.00112359550561798	0.00355312096648132	0.00112359550561798	0.00355312096648132	1	0	"model914"
0.141573033707865	0.0393525858773444	0.141573033707865	0.0393525858773444	1	0	"model915"
0.410112359550562	0.050318460084436	0.421348314606742	0.050318460084436	0.98876404494382	0	"model916"
0.00898876404494382	0.00886304087355748	0.00898876404494382	0.00886304087355748	1	0	"model917"
0.0202247191011236	0.015712492107418	0.0202247191011236	0.015712492107418	1	0	"model918"
0.00898876404494382	0.0116044444830185	0.00898876404494382	0.0116044444830185	1	0	"model919"
0.0730337078651685	0.0271374096370589	0.0730337078651685	0.0271374096370589	1	0	"model920"
0.156179775280899	0.0256492789037662	0.156179775280899	0.0256492789037662	1	0	"model921"
0.198876404494382	0.0351541573940294	0.198876404494382	0.0351541573940294	1	0	"model922"
0.167415730337079	0.0397956598026651	0.167415730337079	0.0397956598026651	1	0	"model923"
0.202247191011236	0.0351342004481156	0.202247191011236	0.0351342004481156	1	0	"model924"
0.00561797752808989	0.00592186827746887	0.00561797752808989	0.00592186827746887	1	0	"model925"
0.21123595505618	0.047018291614907	0.21123595505618	0.047018291614907	1	0	"model926"
0.125842696629213	0.0258399824878807	0.125842696629213	0.0258399824878807	1	0	"model927"
0.265168539325843	0.0386330995003075	0.265168539325843	0.0386330995003075	1	0	"model928"
0.287640449438202	0.0477289357964764	0.287640449438202	0.0477289357964764	1	0	"model929"
-0.178651685393258	0.0453941236737848	0.810112359550562	0.0453941236737849	0.0112359550561798	0	"model930"
0.215730337078652	0.0381213802247175	0.215730337078652	0.0381213802247175	1	0	"model931"
0.303370786516854	0.02484363138843	0.303370786516854	0.02484363138843	1	0	"model932"
0.00337078651685393	0.00758369165966913	0.00337078651685393	0.00758369165966913	1	0	"model933"
0.0134831460674157	0.0116044444830185	0.0134831460674157	0.0116044444830185	1	0	"model934"
0.258426966292135	0.0642188322077987	0.258426966292135	0.0642188322077987	1	0	"model935"
0.00786516853932584	0.010659362899444	0.00786516853932584	0.010659362899444	1	0	"model936"
0.332584269662921	0.031424984214836	0.332584269662921	0.031424984214836	1	0	"model937"
0.0191011235955056	0.0130281102104315	0.0191011235955056	0.0130281102104315	1	0	"model938"
0.295505617977528	0.0299859459194728	0.329213483146067	0.0299859459194728	0.966292134831461	0	"model939"
0.335955056179775	0.0438218252532697	0.380898876404494	0.0438218252532697	0.955056179775281	0	"model940"
0.171910112359551	0.0370956719533015	0.171910112359551	0.0370956719533015	1	0	"model941"
0.38314606741573	0.0649680501176194	0.40561797752809	0.0649680501176194	0.97752808988764	0	"model942"
0.00449438202247191	0.007856246053709	0.00449438202247191	0.007856246053709	1	0	"model943"
0.0303370786516854	0.0499828134695228	0.648314606741573	0.0499828134695228	0.382022471910112	0	"model944"
0.120224719101124	0.0363315185401581	0.120224719101124	0.0363315185401581	1	0	"model945"
-0.204494382022472	0.0289142457911892	0.728089887640449	0.0289142457911892	0.0674157303370786	0	"model946"
0.0146067415730337	0.010659362899444	0.0146067415730337	0.010659362899444	1	0	"model947"
0.339325842696629	0.0402687042867883	0.339325842696629	0.0402687042867883	1	0	"model948"
0.00337078651685393	0.00542748192741177	0.00337078651685393	0.00542748192741177	1	0	"model949"
0.402247191011236	0.0406155556905647	0.447191011235955	0.0406155556905647	0.955056179775281	0	"model950"
0.165168539325843	0.0205481149428393	0.165168539325843	0.0205481149428393	1	0	"model951"
0.0101123595505618	0.00829061558845643	0.0101123595505618	0.00829061558845643	1	0	"model952"
0.407865168539326	0.0521796914063464	0.430337078651685	0.0521796914063464	0.97752808988764	0	"model953"
0.207865168539326	0.0379184582983457	0.207865168539326	0.0379184582983457	1	0	"model954"
0.360674157303371	0.0353134069402941	0.41685393258427	0.0353134069402941	0.943820224719101	0	"model955"
0.0146067415730337	0.0183864235335334	0.0146067415730337	0.0183864235335334	1	0	"model956"
0.358426966292135	0.0435005465415269	0.59438202247191	0.0435005465415269	0.764044943820225	0	"model957"
0.123595505617978	0.0218387711417427	0.123595505617978	0.0218387711417427	1	0	"model958"
0.391011235955056	0.0303347666386765	0.435955056179775	0.0303347666386765	0.955056179775281	0	"model959"
0.348314606741573	0.02484363138843	0.348314606741573	0.02484363138843	1	0	"model960"
0.196629213483146	0.050318460084436	0.196629213483146	0.050318460084436	1	0	"model961"
0.424719101123596	0.0342445826237077	0.615730337078652	0.0342445826237077	0.808988764044944	0	"model962"
0.00674157303370787	0.007856246053709	0.00674157303370787	0.007856246053709	1	0	"model963"
0.159550561797753	0.0325648915644706	0.159550561797753	0.0325648915644706	1	0	"model964"
0.153932584269663	0.0280524094547925	0.153932584269663	0.0280524094547925	1	0	"model965"
0.191011235955056	0.0527013006721734	0.191011235955056	0.0527013006721734	1	0	"model966"
-0.2	0.0448813548432816	0.78876404494382	0.0448813548432816	0.0112359550561798	0	"model967"
0.424719101123596	0.0436132633048978	0.537078651685393	0.0436132633048978	0.887640449438202	0	"model968"
0.00786516853932584	0.00925025395897264	0.00786516853932584	0.00925025395897264	1	0	"model969"
0.159550561797753	0.0293953810791739	0.159550561797753	0.0293953810791739	1	0	"model970"
0.00224719101123595	0.0047374946219751	0.00224719101123595	0.0047374946219751	1	0	"model971"
0.0629213483146067	0.0199594196171899	0.0629213483146067	0.0199594196171899	1	0	"model972"
0.304494382022472	0.0390843306312946	0.326966292134831	0.0390843306312946	0.97752808988764	0	"model973"
0.234831460674157	0.0620977848845699	0.234831460674157	0.0620977848845699	1	0	"model974"
0.131460674157303	0.0343468360093195	0.131460674157303	0.0343468360093195	1	0	"model975"
0.346067415730337	0.0342445826237077	0.346067415730337	0.0342445826237077	1	0	"model976"
0.404494382022472	0.0617693726684294	0.404494382022472	0.0617693726684294	1	0	"model977"
0.198876404494382	0.0389405055597604	0.198876404494382	0.0389405055597604	1	0	"model978"
0.147191011235955	0.0397956598026651	0.147191011235955	0.0397956598026651	1	0	"model979"
0.143820224719101	0.0303347666386765	0.143820224719101	0.0303347666386765	1	0	"model980"
0.129213483146067	0.0206841966613994	0.129213483146067	0.0206841966613994	1	0	"model981"
0.325842696629214	0.0661555121073247	0.337078651685393	0.0661555121073247	0.98876404494382	0	"model982"
0.289887640449438	0.0552482064856503	0.334831460674157	0.0552482064856503	0.955056179775281	0	"model983"
0.359550561797753	0.0294906661948008	0.415730337078652	0.0294906661948008	0.943820224719101	0	"model984"
0.048314606741573	0.0290352770686357	0.048314606741573	0.0290352770686357	1	0	"model985"
0.00898876404494382	0.0116044444830185	0.00898876404494382	0.0116044444830185	1	0	"model986"
0.00786516853932584	0.00758369165966913	0.00786516853932584	0.00758369165966913	1	0	"model987"
0.159550561797753	0.0223467174384664	0.159550561797753	0.0223467174384664	1	0	"model988"
0.38314606741573	0.0435005465415269	0.428089887640449	0.0435005465415269	0.955056179775281	0	"model989"
0.298876404494382	0.0545840800067017	0.343820224719101	0.0545840800067017	0.955056179775281	0	"model990"
0.273033707865169	0.049133666512682	0.273033707865169	0.049133666512682	1	0	"model991"
0.220224719101124	0.0430955801157829	0.231460674157303	0.0430955801157828	0.98876404494382	0	"model992"
0.0146067415730337	0.00925025395897264	0.0146067415730337	0.00925025395897264	1	0	"model993"
0.00112359550561798	0.00355312096648132	0.00112359550561798	0.00355312096648132	1	0	"model994"
0.049438202247191	0.0199594196171899	0.049438202247191	0.0199594196171899	1	0	"model995"
0.0921348314606742	0.0252913003987028	0.0921348314606742	0.0252913003987028	1	0	"model996"
0.0123595505617978	0.0123652239844338	0.0123595505617978	0.0123652239844338	1	0	"model997"
0	0	0	0	1	0	"model998"
0.00561797752808989	0.00794502001333199	0.00561797752808989	0.00794502001333199	1	0	"model999"
0.310112359550562	0.0295856444316577	0.332584269662921	0.0295856444316577	0.97752808988764	0	"model1000"
