"TSS.MN"	"TSS.sd"	"speci.MN"	"speci.sd"	"sensi.MN"	"sensi.sd"	"model"
0	0	0	0	1	0	"model1"
0.00674157303370787	0.0108549638548235	0.00674157303370787	0.0108549638548235	1	0	"model2"
0.162921348314607	0.037546699729894	0.162921348314607	0.037546699729894	1	0	"model3"
0	0	0	0	1	0	"model4"
-0.161797752808989	0.0410962298856785	0.714606741573034	0.0410962298856785	0.123595505617978	0	"model5"
0.0853932584269663	0.0367728470670669	0.0853932584269663	0.0367728470670669	1	0	"model6"
0.307865168539326	0.0453168043812859	0.307865168539326	0.0453168043812859	1	0	"model7"
0.423595505617978	0.0751027388540733	0.491011235955056	0.0751027388540733	0.932584269662921	0	"model8"
0.0101123595505618	0.0134518988734592	0.0101123595505618	0.0134518988734592	1	0	"model9"
-0.0910112359550562	0.0453941236737848	0.628089887640449	0.0453941236737848	0.280898876404494	0	"model10"
0.176404494382022	0.0513668739355616	0.176404494382022	0.0513668739355616	1	0	"model11"
0.0123595505617978	0.0111733587192332	0.0123595505617978	0.0111733587192332	1	0	"model12"
0.00449438202247191	0.00580222224150924	0.00449438202247191	0.00580222224150924	1	0	"model13"
0.00674157303370787	0.0094749892439502	0.00674157303370787	0.0094749892439502	1	0	"model14"
0	0	0	0	1	0	"model15"
0.00786516853932584	0.00758369165966913	0.00786516853932584	0.00758369165966913	1	0	"model16"
0.139325842696629	0.0335827891707264	0.139325842696629	0.0335827891707264	1	0	"model17"
0.202247191011236	0.042373440071104	0.202247191011236	0.042373440071104	1	0	"model18"
0	0	0	0	1	0	"model19"
0.170786516853933	0.0334152929186449	0.170786516853933	0.0334152929186449	1	0	"model20"
0.419101123595506	0.058515730134515	0.475280898876404	0.058515730134515	0.943820224719101	0	"model21"
0.192134831460674	0.0394415988521371	0.192134831460674	0.0394415988521371	1	0	"model22"
0.108988764044944	0.0318021418956611	0.108988764044944	0.0318021418956611	1	0	"model23"
0.174157303370786	0.0300793603075075	0.174157303370786	0.0300793603075075	1	0	"model24"
0.164044943820225	0.0255121893122493	0.164044943820225	0.0255121893122493	1	0	"model25"
0.234831460674157	0.042190973832626	0.234831460674157	0.042190973832626	1	0	"model26"
0.00449438202247191	0.007856246053709	0.00449438202247191	0.007856246053709	1	0	"model27"
0.0426966292134831	0.0174066667245277	0.0426966292134831	0.0174066667245277	1	0	"model28"
0.107865168539326	0.0238056158532894	0.107865168539326	0.0238056158532894	1	0	"model29"
0.0797752808988764	0.0364856295968766	0.0797752808988764	0.0364856295968766	1	0	"model30"
0.319101123595506	0.0344080421808415	0.341573033707865	0.0344080421808415	0.97752808988764	0	"model31"
0.00337078651685393	0.00542748192741177	0.00337078651685393	0.00542748192741177	1	0	"model32"
0.106741573033708	0.0309980250135709	0.106741573033708	0.0309980250135709	1	0	"model33"
0.141573033707865	0.0243877462113853	0.141573033707865	0.0243877462113853	1	0	"model34"
0.0292134831460674	0.0131886268626659	0.0292134831460674	0.0131886268626659	1	0	"model35"
0.173033707865169	0.0511342267142352	0.173033707865169	0.0511342267142352	1	0	"model36"
0.174157303370786	0.045640665194584	0.174157303370786	0.045640665194584	1	0	"model37"
0.370786516853933	0.0496872627768599	0.382022471910112	0.0496872627768599	0.98876404494382	0	"model38"
0.21685393258427	0.0529800401341034	0.21685393258427	0.0529800401341034	1	0	"model39"
0.00112359550561798	0.00355312096648132	0.00112359550561798	0.00355312096648132	1	0	"model40"
0.00337078651685393	0.00542748192741177	0.00337078651685393	0.00542748192741177	1	0	"model41"
0	0	0	0	1	0	"model42"
0.307865168539326	0.0587907621583478	0.352808988764045	0.0587907621583478	0.955056179775281	0	"model43"
0	0	0	0	1	0	"model44"
0.375280898876404	0.0486026313033958	0.420224719101124	0.0486026313033958	0.955056179775281	0	"model45"
0	0	0	0	1	0	"model46"
0	0	0	0	1	0	"model47"
0.144943820224719	0.0332680419343857	0.144943820224719	0.0332680419343857	1	0	"model48"
0.169662921348315	0.0376213453298807	0.169662921348315	0.0376213453298807	1	0	"model49"
0.0235955056179775	0.0134518988734592	0.0235955056179775	0.0134518988734592	1	0	"model50"
0	0	0	0	1	0	"model51"
0.237078651685393	0.0357084237799342	0.237078651685393	0.0357084237799342	1	0	"model52"
0	0	0	0	1	0	"model53"
0.366292134831461	0.0410962298856785	0.38876404494382	0.0410962298856785	0.97752808988764	0	"model54"
0.0101123595505618	0.0123652239844338	0.0101123595505618	0.0123652239844338	1	0	"model55"
0.302247191011236	0.0447718307184078	0.358426966292135	0.0447718307184078	0.943820224719101	0	"model56"
0	0	0	0	1	0	"model57"
0	0	0	0	1	0	"model58"
0.286516853932584	0.0611416768438746	0.308988764044944	0.0611416768438746	0.97752808988764	0	"model59"
0.182022471910112	0.0381213802247175	0.182022471910112	0.0381213802247175	1	0	"model60"
0.161797752808989	0.0371523498655798	0.161797752808989	0.0371523498655798	1	0	"model61"
0	0	0	0	1	0	"model62"
0.0202247191011236	0.015712492107418	0.0202247191011236	0.015712492107418	1	0	"model63"
0.204494382022472	0.0350542590465845	0.204494382022472	0.0350542590465845	1	0	"model64"
0.00786516853932584	0.00542748192741177	0.00786516853932584	0.00542748192741177	1	0	"model65"
0.221348314606742	0.037471905433051	0.221348314606742	0.037471905433051	1	0	"model66"
0.197752808988764	0.0339979197540381	0.197752808988764	0.0339979197540381	1	0	"model67"
0.108988764044944	0.051093061356659	0.108988764044944	0.051093061356659	1	0	"model68"
0	0	0	0	1	0	"model69"
0.142696629213483	0.0335200761576995	0.142696629213483	0.0335200761576995	1	0	"model70"
0	0	0	0	1	0	"model71"
0.343820224719101	0.058551677141162	0.37752808988764	0.058551677141162	0.966292134831461	0	"model72"
0.048314606741573	0.0183864235335334	0.048314606741573	0.0183864235335334	1	0	"model73"
0	0	0	0	1	0	"model74"
0.0112359550561798	0.010593360017776	0.0112359550561798	0.010593360017776	1	0	"model75"
0.126966292134831	0.0270338313597282	0.126966292134831	0.0270338313597282	1	0	"model76"
0.00224719101123595	0.0047374946219751	0.00224719101123595	0.0047374946219751	1	0	"model77"
0.0112359550561798	0.00749063670411985	0.0112359550561798	0.00749063670411985	1	0	"model78"
0.050561797752809	0.0199945285618564	0.050561797752809	0.0199945285618564	1	0	"model79"
0.331460674157303	0.028152240408938	0.331460674157303	0.028152240408938	1	0	"model80"
0.0157303370786517	0.012078288761496	0.0157303370786517	0.012078288761496	1	0	"model81"
0.00674157303370787	0.00580222224150924	0.00674157303370787	0.00580222224150924	1	0	"model82"
0.171910112359551	0.0225030994543817	0.171910112359551	0.0225030994543817	1	0	"model83"
0.170786516853933	0.0217099277096471	0.170786516853933	0.0217099277096471	1	0	"model84"
0.00337078651685393	0.00758369165966913	0.00337078651685393	0.00758369165966913	1	0	"model85"
0	0	0	0	1	0	"model86"
0	0	0	0	1	0	"model87"
0.148314606741573	0.047018291614907	0.148314606741573	0.047018291614907	1	0	"model88"
0.0898876404494382	0.0218387711417427	0.0898876404494382	0.0218387711417427	1	0	"model89"
0	0	0	0	1	0	"model90"
0	0	0	0	1	0	"model91"
0.0820224719101124	0.0335200761576995	0.0820224719101124	0.0335200761576995	1	0	"model92"
0.31123595505618	0.0413853441095469	0.32247191011236	0.0413853441095469	0.98876404494382	0	"model93"
0.00786516853932584	0.010659362899444	0.00786516853932584	0.010659362899444	1	0	"model94"
0.268539325842697	0.0509280671862323	0.268539325842697	0.0509280671862323	1	0	"model95"
0.0134831460674157	0.0116044444830185	0.0134831460674157	0.0116044444830185	1	0	"model96"
0	0	0	0	1	0	"model97"
0.29438202247191	0.0501928556337107	0.339325842696629	0.0501928556337107	0.955056179775281	0	"model98"
0.342696629213483	0.0486170598717122	0.365168539325843	0.0486170598717122	0.97752808988764	0	"model99"
0.0674157303370786	0.021186720035552	0.0674157303370786	0.021186720035552	1	0	"model100"
0.00561797752808989	0.00794502001333199	0.00561797752808989	0.00794502001333199	1	0	"model101"
0	0	0	0	1	0	"model102"
0	0	0	0	1	0	"model103"
0.0168539325842697	0.0142617473892583	0.0168539325842697	0.0142617473892583	1	0	"model104"
0.396629213483146	0.049133666512682	0.396629213483146	0.049133666512682	1	0	"model105"
0.00898876404494382	0.0116044444830185	0.00898876404494382	0.0116044444830185	1	0	"model106"
0	0	0	0	1	0	"model107"
0	0	0	0	1	0	"model108"
0.0438202247191011	0.0153968575214191	0.0438202247191011	0.0153968575214191	1	0	"model109"
0	0	0	0	1	0	"model110"
0	0	0	0	1	0	"model111"
0.144943820224719	0.0272405940763568	0.144943820224719	0.0272405940763568	1	0	"model112"
0.428089887640449	0.0581309122807212	0.562921348314607	0.0581309122807212	0.865168539325843	0	"model113"
0.0235955056179775	0.0111733587192332	0.0235955056179775	0.0111733587192332	1	0	"model114"
0.0674157303370786	0.021186720035552	0.0674157303370786	0.021186720035552	1	0	"model115"
0	0	0	0	1	0	"model116"
0.00898876404494382	0.0103251301513784	0.00898876404494382	0.0103251301513784	1	0	"model117"
0.408988764044944	0.0474341279370414	0.555056179775281	0.0474341279370414	0.853932584269663	0	"model118"
0.162921348314607	0.0300793603075075	0.162921348314607	0.0300793603075075	1	0	"model119"
0.00112359550561798	0.00355312096648132	0.00112359550561798	0.00355312096648132	1	0	"model120"
0.0910112359550562	0.0261904625274114	0.0910112359550562	0.0261904625274114	1	0	"model121"
0	0	0	0	1	0	"model122"
0.286516853932584	0.0340185433044662	0.286516853932584	0.0340185433044662	1	0	"model123"
0.20561797752809	0.042389988964557	0.632584269662921	0.0423899889645571	0.573033707865168	0	"model124"
0.197752808988764	0.0430955801157829	0.197752808988764	0.0430955801157829	1	0	"model125"
0.00337078651685393	0.00542748192741177	0.00337078651685393	0.00542748192741177	1	0	"model126"
0.0157303370786517	0.012078288761496	0.0157303370786517	0.012078288761496	1	0	"model127"
0.00674157303370787	0.00580222224150924	0.00674157303370787	0.00580222224150924	1	0	"model128"
0.332584269662921	0.0414361548642377	0.37752808988764	0.0414361548642377	0.955056179775281	0	"model129"
0.0325842696629213	0.0098381464693361	0.0325842696629213	0.0098381464693361	1	0	"model130"
0.0179775280898876	0.0160656259097582	0.0179775280898876	0.0160656259097582	1	0	"model131"
0.0123595505617978	0.0098381464693361	0.0123595505617978	0.0098381464693361	1	0	"model132"
0.351685393258427	0.0519101664045203	0.407865168539326	0.0519101664045203	0.943820224719101	0	"model133"
0	0	0	0	1	0	"model134"
0.0269662921348315	0.0185005079179453	0.0269662921348315	0.0185005079179453	1	0	"model135"
0	0	0	0	1	0	"model136"
0.156179775280899	0.0310883984561006	0.156179775280899	0.0310883984561006	1	0	"model137"
0.0797752808988764	0.034100912779296	0.0797752808988764	0.034100912779296	1	0	"model138"
0.320224719101124	0.0553623426932378	0.353932584269663	0.0553623426932378	0.966292134831461	0	"model139"
0.00561797752808989	0.00592186827746887	0.00561797752808989	0.00592186827746887	1	0	"model140"
0.164044943820225	0.0249563014965658	0.164044943820225	0.0249563014965658	1	0	"model141"
0	0	0	0	1	0	"model142"
0.0247191011235955	0.0147928222158288	0.0247191011235955	0.0147928222158288	1	0	"model143"
0.00898876404494382	0.00710624193296265	0.00898876404494382	0.00710624193296265	1	0	"model144"
0.143820224719101	0.0247304479688677	0.143820224719101	0.0247304479688677	1	0	"model145"
0	0	0	0	1	0	"model146"
0.098876404494382	0.00886304087355748	0.098876404494382	0.00886304087355748	1	0	"model147"
0	0	0	0	1	0	"model148"
0	0	0	0	1	0	"model149"
0.00224719101123595	0.0047374946219751	0.00224719101123595	0.0047374946219751	1	0	"model150"
0.239325842696629	0.0499828134695228	0.239325842696629	0.0499828134695228	1	0	"model151"
0.00898876404494382	0.00710624193296265	0.00898876404494382	0.00710624193296265	1	0	"model152"
0	0	0	0	1	0	"model153"
0.433707865168539	0.0327367391511793	0.534831460674157	0.0327367391511792	0.898876404494382	0	"model154"
0.0112359550561798	0.014013698077805	0.0112359550561798	0.014013698077805	1	0	"model155"
0.0134831460674157	0.0127560946561246	0.0134831460674157	0.0127560946561246	1	0	"model156"
0.0134831460674157	0.0127560946561246	0.0134831460674157	0.0127560946561246	1	0	"model157"
0	0	0	0	1	0	"model158"
0	0	0	0	1	0	"model159"
0.371910112359551	0.0480949044718862	0.41685393258427	0.0480949044718862	0.955056179775281	0	"model160"
0.135955056179775	0.0345098112353242	0.135955056179775	0.0345098112353242	1	0	"model161"
0.00449438202247191	0.0108549638548235	0.00449438202247191	0.0108549638548235	1	0	"model162"
0.0865168539325843	0.0248718467653693	0.0865168539325843	0.0248718467653693	1	0	"model163"
0.0359550561797753	0.0138120516214126	0.0359550561797753	0.0138120516214126	1	0	"model164"
0.176404494382022	0.0440134668027643	0.176404494382022	0.0440134668027643	1	0	"model165"
0.0730337078651685	0.0177656048324066	0.0730337078651685	0.0177656048324066	1	0	"model166"
0.191011235955056	0.0436775422834854	0.191011235955056	0.0436775422834854	1	0	"model167"
0.124719101123596	0.0297039401631436	0.124719101123596	0.0297039401631436	1	0	"model168"
0.0640449438202247	0.0243013156516979	0.0640449438202247	0.0243013156516979	1	0	"model169"
0	0	0	0	1	0	"model170"
0.162921348314607	0.0404251557021028	0.162921348314607	0.0404251557021028	1	0	"model171"
0.126966292134831	0.0339359739028443	0.126966292134831	0.0339359739028443	1	0	"model172"
0.144943820224719	0.0227510749790074	0.144943820224719	0.0227510749790074	1	0	"model173"
0.00449438202247191	0.00580222224150924	0.00449438202247191	0.00580222224150924	1	0	"model174"
0.0168539325842697	0.0121362185363443	0.0168539325842697	0.0121362185363443	1	0	"model175"
0.252808988764045	0.0538206287011233	0.275280898876405	0.0538206287011233	0.97752808988764	0	"model176"
0	0	0	0	1	0	"model177"
0	0	0	0	1	0	"model178"
0.220224719101124	0.0580705541372713	0.231460674157303	0.0580705541372713	0.98876404494382	0	"model179"
0.00786516853932584	0.00758369165966913	0.00786516853932584	0.00758369165966913	1	0	"model180"
0.00449438202247191	0.00580222224150924	0.00449438202247191	0.00580222224150924	1	0	"model181"
0	0	0	0	1	0	"model182"
0.0112359550561798	0.00749063670411985	0.0112359550561798	0.00749063670411985	1	0	"model183"
0.315730337078652	0.0364856295968766	0.315730337078652	0.0364856295968766	1	0	"model184"
0.11685393258427	0.0318682357845433	0.11685393258427	0.0318682357845433	1	0	"model185"
0	0	0	0	1	0	"model186"
0	0	0	0	1	0	"model187"
0.212359550561798	0.0387237663687276	0.212359550561798	0.0387237663687276	1	0	"model188"
0.0258426966292135	0.010659362899444	0.0258426966292135	0.010659362899444	1	0	"model189"
0.167415730337079	0.0324137775631742	0.167415730337079	0.0324137775631742	1	0	"model190"
0.00337078651685393	0.00758369165966913	0.00337078651685393	0.00758369165966913	1	0	"model191"
0.00561797752808989	0.00592186827746887	0.00561797752808989	0.00592186827746887	1	0	"model192"
0	0	0	0	1	0	"model193"
0.00224719101123595	0.0047374946219751	0.00224719101123595	0.0047374946219751	1	0	"model194"
0.0348314606741573	0.0162824457822353	0.0348314606741573	0.0162824457822353	1	0	"model195"
0.00561797752808989	0.00794502001333199	0.00561797752808989	0.00794502001333199	1	0	"model196"
0	0	0	0	1	0	"model197"
0.0213483146067416	0.0144571228955946	0.0213483146067416	0.0144571228955946	1	0	"model198"
0.226966292134831	0.0223467174384664	0.226966292134831	0.0223467174384664	1	0	"model199"
0	0	0	0	1	0	"model200"
-0.138202247191011	0.0231180514786681	0.861797752808989	0.0231180514786681	0	0	"model201"
0.128089887640449	0.0378999569758008	0.128089887640449	0.0378999569758008	1	0	"model202"
0.42247191011236	0.0604378809106946	0.478651685393258	0.0604378809106946	0.943820224719101	0	"model203"
0.238202247191011	0.0269037977469183	0.238202247191011	0.0269037977469183	1	0	"model204"
0.238202247191011	0.0346517857864281	0.238202247191011	0.0346517857864281	1	0	"model205"
0.0910112359550562	0.0297039401631436	0.0910112359550562	0.0297039401631436	1	0	"model206"
0.106741573033708	0.0340185433044662	0.106741573033708	0.0340185433044662	1	0	"model207"
0	0	0	0	1	0	"model208"
0.131460674157303	0.0370956719533015	0.131460674157303	0.0370956719533015	1	0	"model209"
0.00112359550561798	0.00355312096648132	0.00112359550561798	0.00355312096648132	1	0	"model210"
0.225842696629213	0.0186891010485013	0.225842696629213	0.0186891010485013	1	0	"model211"
0.00224719101123595	0.0047374946219751	0.00224719101123595	0.0047374946219751	1	0	"model212"
0.252808988764045	0.0489047372928861	0.297752808988764	0.0489047372928861	0.955056179775281	0	"model213"
0.230337078651685	0.0371712232982757	0.230337078651685	0.0371712232982757	1	0	"model214"
0.112359550561798	0.0198183618806336	0.112359550561798	0.0198183618806336	1	0	"model215"
0.0123595505617978	0.0111733587192332	0.0123595505617978	0.0111733587192332	1	0	"model216"
0.174157303370787	0.045021780075548	0.174157303370787	0.045021780075548	1	0	"model217"
0.129213483146067	0.028152240408938	0.129213483146067	0.028152240408938	1	0	"model218"
0.0235955056179775	0.0186891010485013	0.0235955056179775	0.0186891010485013	1	0	"model219"
0	0	0	0	1	0	"model220"
0	0	0	0	1	0	"model221"
0	0	0	0	1	0	"model222"
0	0	0	0	1	0	"model223"
0.00224719101123595	0.0047374946219751	0.00224719101123595	0.0047374946219751	1	0	"model224"
0.0146067415730337	0.0119028079266447	0.0146067415730337	0.0119028079266447	1	0	"model225"
0	0	0	0	1	0	"model226"
0	0	0	0	1	0	"model227"
0.114606741573034	0.0298687670971938	0.114606741573034	0.0298687670971938	1	0	"model228"
0.00337078651685393	0.00542748192741177	0.00337078651685393	0.00542748192741177	1	0	"model229"
0	0	0	0	1	0	"model230"
0.0955056179775281	0.028152240408938	0.0955056179775281	0.028152240408938	1	0	"model231"
0.0123595505617978	0.00637804732806232	0.0123595505617978	0.00637804732806232	1	0	"model232"
0.129213483146067	0.0249843896331954	0.129213483146067	0.0249843896331954	1	0	"model233"
0.0123595505617978	0.00829061558845643	0.0123595505617978	0.00829061558845643	1	0	"model234"
0.00224719101123595	0.0047374946219751	0.00224719101123595	0.0047374946219751	1	0	"model235"
0.195505617977528	0.0360018422193196	0.195505617977528	0.0360018422193196	1	0	"model236"
0.248314606741573	0.0397956598026652	0.248314606741573	0.0397956598026652	1	0	"model237"
0.00561797752808989	0.00592186827746887	0.00561797752808989	0.00592186827746887	1	0	"model238"
0	0	0	0	1	0	"model239"
0.0831460674157303	0.031424984214836	0.0831460674157303	0.031424984214836	1	0	"model240"
0.00337078651685393	0.00542748192741177	0.00337078651685393	0.00542748192741177	1	0	"model241"
0	0	0	0	1	0	"model242"
0.00674157303370787	0.0094749892439502	0.00674157303370787	0.0094749892439502	1	0	"model243"
0.00674157303370787	0.007856246053709	0.00674157303370787	0.007856246053709	1	0	"model244"
0.0404494382022472	0.0219668588743299	0.0404494382022472	0.0219668588743299	1	0	"model245"
0	0	0	0	1	0	"model246"
0.321348314606742	0.045625295379299	0.321348314606742	0.045625295379299	1	0	"model247"
0.464044943820225	0.0608657445887333	0.520224719101124	0.0608657445887333	0.943820224719101	0	"model248"
0.22247191011236	0.0512985578075324	0.22247191011236	0.0512985578075324	1	0	"model249"
0.0134831460674157	0.00710624193296265	0.0134831460674157	0.00710624193296265	1	0	"model250"
0	0	0	0	1	0	"model251"
0	0	0	0	1	0	"model252"
0.0179775280898876	0.0094749892439502	0.0179775280898876	0.0094749892439502	1	0	"model253"
0.098876404494382	0.0189499784879004	0.098876404494382	0.0189499784879004	1	0	"model254"
0.00898876404494382	0.00710624193296265	0.00898876404494382	0.00710624193296265	1	0	"model255"
0.0123595505617978	0.0111733587192332	0.0123595505617978	0.0111733587192332	1	0	"model256"
0.00449438202247191	0.00580222224150924	0.00449438202247191	0.00580222224150924	1	0	"model257"
0	0	0	0	1	0	"model258"
0.0235955056179775	0.0214825923591011	0.0235955056179775	0.0214825923591011	1	0	"model259"
0.103370786516854	0.0455021499580148	0.103370786516854	0.0455021499580148	1	0	"model260"
0.0719101123595506	0.0260562204208631	0.0719101123595506	0.0260562204208631	1	0	"model261"
0.00898876404494382	0.00886304087355748	0.00898876404494382	0.00886304087355748	1	0	"model262"
0.0471910112359551	0.0181946933355672	0.0471910112359551	0.0181946933355672	1	0	"model263"
0	0	0	0	1	0	"model264"
0.00112359550561798	0.00355312096648132	0.00112359550561798	0.00355312096648132	1	0	"model265"
0	0	0	0	1	0	"model266"
0.00786516853932584	0.00925025395897264	0.00786516853932584	0.00925025395897264	1	0	"model267"
0.342696629213483	0.0393704045723383	0.387640449438202	0.0393704045723383	0.955056179775281	0	"model268"
0.307865168539326	0.0243877462113853	0.352808988764045	0.0243877462113853	0.955056179775281	0	"model269"
0	0	0	0	1	0	"model270"
0	0	0	0	1	0	"model271"
0	0	0	0	1	0	"model272"
0.285393258426966	0.0459317145071338	0.296629213483146	0.0459317145071338	0.98876404494382	0	"model273"
0.440449438202247	0.0601120678583936	0.507865168539326	0.0601120678583936	0.932584269662921	0	"model274"
0.132584269662921	0.0338324787734418	0.132584269662921	0.0338324787734418	1	0	"model275"
0.140449438202247	0.0314472951755555	0.140449438202247	0.0314472951755555	1	0	"model276"
0.161797752808989	0.0219668588743299	0.161797752808989	0.0219668588743299	1	0	"model277"
0.157303370786517	0.02802739615561	0.157303370786517	0.02802739615561	1	0	"model278"
0.0235955056179775	0.0208193889283705	0.0235955056179775	0.0208193889283705	1	0	"model279"
0	0	0	0	1	0	"model280"
0.121348314606742	0.0370010158358905	0.121348314606742	0.0370010158358905	1	0	"model281"
0.366292134831461	0.0305191742134283	0.41123595505618	0.0305191742134283	0.955056179775281	0	"model282"
0.386516853932584	0.0505826007974056	0.431460674157303	0.0505826007974056	0.955056179775281	0	"model283"
0.0752808988764045	0.0167913945853632	0.0752808988764045	0.0167913945853632	1	0	"model284"
0	0	0	0	1	0	"model285"
-0.0775280898876404	0.0428507632508272	0.697752808988764	0.0428507632508272	0.224719101123595	0	"model286"
0	0	0	0	1	0	"model287"
0.178651685393258	0.0319780886983319	0.178651685393258	0.0319780886983319	1	0	"model288"
0.156179775280899	0.0486747313746359	0.156179775280899	0.0486747313746359	1	0	"model289"
0.104494382022472	0.0275478285369787	0.104494382022472	0.0275478285369787	1	0	"model290"
0.147191011235955	0.0272405940763568	0.147191011235955	0.0272405940763568	1	0	"model291"
0.31685393258427	0.044251851648665	0.31685393258427	0.044251851648665	1	0	"model292"
0.050561797752809	0.0219987642780351	0.050561797752809	0.0219987642780351	1	0	"model293"
0	0	0	0	1	0	"model294"
0.365168539325843	0.0431118518098177	0.410112359550562	0.0431118518098177	0.955056179775281	0	"model295"
0.435955056179775	0.0610383484268565	0.537078651685393	0.0610383484268565	0.898876404494382	0	"model296"
0	0	0	0	1	0	"model297"
0.0258426966292135	0.0150280169645984	0.0258426966292135	0.0150280169645984	1	0	"model298"
0.00561797752808989	0.00794502001333199	0.00561797752808989	0.00794502001333199	1	0	"model299"
0.152808988764045	0.0339979197540381	0.152808988764045	0.0339979197540381	1	0	"model300"
0.00224719101123595	0.0047374946219751	0.00224719101123595	0.0047374946219751	1	0	"model301"
0.00561797752808989	0.00592186827746887	0.00561797752808989	0.00592186827746887	1	0	"model302"
0.00112359550561798	0.00355312096648132	0.00112359550561798	0.00355312096648132	1	0	"model303"
0.00561797752808989	0.0109193855708713	0.00561797752808989	0.0109193855708713	1	0	"model304"
0.00224719101123595	0.0047374946219751	0.00224719101123595	0.0047374946219751	1	0	"model305"
0.0146067415730337	0.00925025395897264	0.0146067415730337	0.00925025395897264	1	0	"model306"
0.00561797752808989	0.00794502001333199	0.00561797752808989	0.00794502001333199	1	0	"model307"
0	0	0	0	1	0	"model308"
0.315730337078652	0.0480949044718862	0.315730337078652	0.0480949044718862	1	0	"model309"
0.364044943820225	0.0400591519314485	0.420224719101124	0.0400591519314485	0.943820224719101	0	"model310"
0.108988764044944	0.044959423009506	0.108988764044944	0.044959423009506	1	0	"model311"
0.00561797752808989	0.00794502001333199	0.00561797752808989	0.00794502001333199	1	0	"model312"
0.198876404494382	0.0413853441095469	0.198876404494382	0.0413853441095469	1	0	"model313"
0.0247191011235955	0.0138120516214126	0.0247191011235955	0.0138120516214126	1	0	"model314"
0.160674157303371	0.0225030994543817	0.160674157303371	0.0225030994543817	1	0	"model315"
0	0	0	0	1	0	"model316"
0.0337078651685393	0.0190974513617707	0.0337078651685393	0.0190974513617707	1	0	"model317"
0	0	0	0	1	0	"model318"
0.0471910112359551	0.0189499784879004	0.0471910112359551	0.0189499784879004	1	0	"model319"
0.246067415730337	0.041857179238797	0.246067415730337	0.041857179238797	1	0	"model320"
0.00674157303370787	0.007856246053709	0.00674157303370787	0.007856246053709	1	0	"model321"
0.0932584269662921	0.0285480734084787	0.0932584269662921	0.0285480734084787	1	0	"model322"
0	0	0	0	1	0	"model323"
0.0112359550561798	0.015890040026664	0.0112359550561798	0.015890040026664	1	0	"model324"
0.212359550561798	0.050651882573196	0.212359550561798	0.050651882573196	1	0	"model325"
0	0	0	0	1	0	"model326"
0.00449438202247191	0.007856246053709	0.00449438202247191	0.007856246053709	1	0	"model327"
0.0955056179775281	0.032758156712614	0.0955056179775281	0.032758156712614	1	0	"model328"
-0.197752808988764	0.0459317145071338	0.746067415730337	0.0459317145071338	0.0561797752808989	0	"model329"
0.0808988764044944	0.0241565775229919	0.0808988764044944	0.0241565775229919	1	0	"model330"
0.134831460674157	0.0343264097000437	0.134831460674157	0.0343264097000437	1	0	"model331"
0.00898876404494382	0.00886304087355748	0.00898876404494382	0.00886304087355748	1	0	"model332"
0.121348314606742	0.0307937150428381	0.121348314606742	0.0307937150428381	1	0	"model333"
0.0146067415730337	0.010659362899444	0.0146067415730337	0.010659362899444	1	0	"model334"
0.187640449438202	0.0524478313601058	0.187640449438202	0.0524478313601058	1	0	"model335"
0.0101123595505618	0.0123652239844338	0.0101123595505618	0.0123652239844338	1	0	"model336"
0.00674157303370787	0.007856246053709	0.00674157303370787	0.007856246053709	1	0	"model337"
0.286516853932584	0.0459469818216678	0.286516853932584	0.0459469818216678	1	0	"model338"
0	0	0	0	1	0	"model339"
0.0179775280898876	0.007856246053709	0.0179775280898876	0.007856246053709	1	0	"model340"
0.124719101123596	0.0315363811760613	0.124719101123596	0.0315363811760613	1	0	"model341"
0	0	0	0	1	0	"model342"
0.0101123595505618	0.00829061558845643	0.0101123595505618	0.00829061558845643	1	0	"model343"
0.00224719101123595	0.0047374946219751	0.00224719101123595	0.0047374946219751	1	0	"model344"
0	0	0	0	1	0	"model345"
0.00224719101123595	0.0047374946219751	0.00224719101123595	0.0047374946219751	1	0	"model346"
0.302247191011236	0.0194251722545168	0.302247191011236	0.0194251722545168	1	0	"model347"
0.00674157303370787	0.00580222224150924	0.00674157303370787	0.00580222224150924	1	0	"model348"
0	0	0	0	1	0	"model349"
0.0146067415730337	0.00542748192741177	0.0146067415730337	0.00542748192741177	1	0	"model350"
0	0	0	0	1	0	"model351"
0.0157303370786517	0.0151673833193383	0.0157303370786517	0.0151673833193383	1	0	"model352"
0.0629213483146067	0.0249563014965658	0.0629213483146067	0.0249563014965658	1	0	"model353"
0.00112359550561798	0.00355312096648132	0.00112359550561798	0.00355312096648132	1	0	"model354"
0.0584269662921348	0.0269037977469183	0.0584269662921348	0.0269037977469183	1	0	"model355"
0	0	0	0	1	0	"model356"
0.00337078651685393	0.00542748192741177	0.00337078651685393	0.00542748192741177	1	0	"model357"
0.00786516853932584	0.00758369165966913	0.00786516853932584	0.00758369165966913	1	0	"model358"
0.0235955056179775	0.0134518988734592	0.0235955056179775	0.0134518988734592	1	0	"model359"
0.0123595505617978	0.0111733587192332	0.0123595505617978	0.0111733587192332	1	0	"model360"
0.433707865168539	0.0430955801157828	0.501123595505618	0.0430955801157828	0.932584269662921	0	"model361"
0.148314606741573	0.0284249677318506	0.148314606741573	0.0284249677318506	1	0	"model362"
0.0348314606741573	0.0227510749790074	0.0348314606741573	0.0227510749790074	1	0	"model363"
0.352808988764045	0.0446934348769327	0.408988764044944	0.0446934348769327	0.943820224719101	0	"model364"
0.0921348314606742	0.0269037977469183	0.0921348314606742	0.0269037977469183	1	0	"model365"
0	0	0	0	1	0	"model366"
0	0	0	0	1	0	"model367"
0.450561797752809	0.0632171573479311	0.551685393258427	0.0632171573479311	0.898876404494382	0	"model368"
0.174157303370786	0.0352338721390015	0.174157303370786	0.0352338721390015	1	0	"model369"
0.00112359550561798	0.00355312096648132	0.00112359550561798	0.00355312096648132	1	0	"model370"
0.164044943820225	0.0243877462113853	0.164044943820225	0.0243877462113853	1	0	"model371"
0.00561797752808989	0.00794502001333199	0.00561797752808989	0.00794502001333199	1	0	"model372"
0.0123595505617978	0.0123652239844338	0.0123595505617978	0.0123652239844338	1	0	"model373"
0.0191011235955056	0.0176069801850834	0.0191011235955056	0.0176069801850834	1	0	"model374"
0	0	0	0	1	0	"model375"
0.00786516853932584	0.00758369165966913	0.00786516853932584	0.00758369165966913	1	0	"model376"
0.164044943820225	0.0281273158884174	0.164044943820225	0.0281273158884174	1	0	"model377"
0.337078651685393	0.057046989557033	0.393258426966292	0.057046989557033	0.943820224719101	0	"model378"
0.158426966292135	0.0332680419343857	0.158426966292135	0.0332680419343857	1	0	"model379"
0	0	0	0	1	0	"model380"
0.00224719101123595	0.0047374946219751	0.00224719101123595	0.0047374946219751	1	0	"model381"
0.00786516853932584	0.00925025395897264	0.00786516853932584	0.00925025395897264	1	0	"model382"
0.334831460674157	0.0669564044347162	0.379775280898876	0.0669564044347162	0.955056179775281	0	"model383"
0	0	0	0	1	0	"model384"
0.00674157303370787	0.0108549638548235	0.00674157303370787	0.0108549638548235	1	0	"model385"
0.140449438202247	0.0300793603075075	0.140449438202247	0.0300793603075075	1	0	"model386"
0.00898876404494382	0.0103251301513784	0.00898876404494382	0.0103251301513784	1	0	"model387"
0.139325842696629	0.0393525858773444	0.139325842696629	0.0393525858773444	1	0	"model388"
0	0	0	0	1	0	"model389"
0	0	0	0	1	0	"model390"
0.050561797752809	0.0169576500714184	0.050561797752809	0.0169576500714184	1	0	"model391"
0.180898876404494	0.0478023536768149	0.180898876404494	0.0478023536768149	1	0	"model392"
0	0	0	0	1	0	"model393"
0.125842696629213	0.0358456512779188	0.125842696629213	0.0358456512779188	1	0	"model394"
-0.220224719101124	0.0570961468169573	0.768539325842697	0.0570961468169573	0.0112359550561798	0	"model395"
0.0112359550561798	0.00749063670411985	0.0112359550561798	0.00749063670411985	1	0	"model396"
0	0	0	0	1	0	"model397"
0.0134831460674157	0.0116044444830185	0.0134831460674157	0.0116044444830185	1	0	"model398"
0.17752808988764	0.0174066667245277	0.17752808988764	0.0174066667245277	1	0	"model399"
0.0865168539325843	0.0304501522459593	0.0865168539325843	0.0304501522459593	1	0	"model400"
0	0	0	0	1	0	"model401"
0.0460674157303371	0.0267206876130891	0.0460674157303371	0.0267206876130891	1	0	"model402"
0.146067415730337	0.031780080053328	0.146067415730337	0.031780080053328	1	0	"model403"
0	0	0	0	1	0	"model404"
0.338202247191011	0.0447718307184078	0.439325842696629	0.0447718307184078	0.898876404494382	0	"model405"
0.0191011235955056	0.0119028079266447	0.0191011235955056	0.0119028079266447	1	0	"model406"
0.446067415730337	0.0385785970990804	0.502247191011236	0.0385785970990804	0.943820224719101	0	"model407"
0.0629213483146067	0.0199594196171899	0.0629213483146067	0.0199594196171899	1	0	"model408"
0.00674157303370787	0.007856246053709	0.00674157303370787	0.007856246053709	1	0	"model409"
0.21685393258427	0.0237170639685207	0.21685393258427	0.0237170639685207	1	0	"model410"
0	0	0	0	1	0	"model411"
0.0426966292134831	0.0165812311769129	0.0426966292134831	0.0165812311769129	1	0	"model412"
0.482022471910112	0.0387237663687276	0.549438202247191	0.0387237663687276	0.932584269662921	0	"model413"
0.0685393258426966	0.0134518988734592	0.0685393258426966	0.0134518988734592	1	0	"model414"
0.179775280898876	0.0505271069783972	0.179775280898876	0.0505271069783972	1	0	"model415"
0.0112359550561798	0.00749063670411985	0.0112359550561798	0.00749063670411985	1	0	"model416"
0.153932584269663	0.0537684769168782	0.153932584269663	0.0537684769168782	1	0	"model417"
0.201123595505618	0.0525547042806324	0.201123595505618	0.0525547042806324	1	0	"model418"
0.392134831460674	0.041857179238797	0.392134831460674	0.041857179238797	1	0	"model419"
0.00449438202247191	0.007856246053709	0.00449438202247191	0.007856246053709	1	0	"model420"
0.00561797752808989	0.00592186827746887	0.00561797752808989	0.00592186827746887	1	0	"model421"
0.102247191011236	0.0186891010485013	0.102247191011236	0.0186891010485013	1	0	"model422"
0	0	0	0	1	0	"model423"
0	0	0	0	1	0	"model424"
0.0191011235955056	0.010659362899444	0.0191011235955056	0.010659362899444	1	0	"model425"
0.169662921348315	0.0441407655987598	0.169662921348315	0.0441407655987598	1	0	"model426"
0.0168539325842697	0.0152135550648613	0.0168539325842697	0.0152135550648613	1	0	"model427"
0.171910112359551	0.0378443987387839	0.171910112359551	0.0378443987387839	1	0	"model428"
0	0	0	0	1	0	"model429"
0	0	0	0	1	0	"model430"
0.401123595505618	0.0237170639685207	0.457303370786517	0.0237170639685207	0.943820224719101	0	"model431"
0.221348314606742	0.037471905433051	0.221348314606742	0.037471905433051	1	0	"model432"
0.00337078651685393	0.00542748192741177	0.00337078651685393	0.00542748192741177	1	0	"model433"
0.0337078651685393	0.0218387711417427	0.0337078651685393	0.0218387711417427	1	0	"model434"
0.152808988764045	0.0309753904541353	0.152808988764045	0.0309753904541353	1	0	"model435"
0.279775280898876	0.0551592706006004	0.279775280898876	0.0551592706006004	1	0	"model436"
0.00224719101123595	0.0047374946219751	0.00224719101123595	0.0047374946219751	1	0	"model437"
-0.232584269662921	0.0231180514786681	0.7	0.0231180514786681	0.0674157303370786	0	"model438"
0.208988764044944	0.0344080421808415	0.208988764044944	0.0344080421808415	1	0	"model439"
0	0	0	0	1	0	"model440"
0.00561797752808989	0.00592186827746887	0.00561797752808989	0.00592186827746887	1	0	"model441"
0.00786516853932584	0.00925025395897264	0.00786516853932584	0.00925025395897264	1	0	"model442"
0.108988764044944	0.0159341178922716	0.108988764044944	0.0159341178922716	1	0	"model443"
0.00337078651685393	0.00542748192741177	0.00337078651685393	0.00542748192741177	1	0	"model444"
0	0	0	0	1	0	"model445"
0	0	0	0	1	0	"model446"
0.0719101123595506	0.0300560339291968	0.0719101123595506	0.0300560339291968	1	0	"model447"
0.250561797752809	0.0265098702160096	0.250561797752809	0.0265098702160096	1	0	"model448"
0.00561797752808989	0.00592186827746887	0.00561797752808989	0.00592186827746887	1	0	"model449"
0.331460674157303	0.0462512697948632	0.342696629213483	0.0462512697948632	0.98876404494382	0	"model450"
0.00337078651685393	0.00542748192741177	0.00337078651685393	0.00542748192741177	1	0	"model451"
0.00786516853932584	0.00758369165966913	0.00786516853932584	0.00758369165966913	1	0	"model452"
0	0	0	0	1	0	"model453"
0.179775280898876	0.05296680008888	0.179775280898876	0.05296680008888	1	0	"model454"
0.00224719101123595	0.00710624193296265	0.00224719101123595	0.00710624193296265	1	0	"model455"
0.264044943820225	0.0530329672603232	0.286516853932584	0.0530329672603232	0.97752808988764	0	"model456"
0.347191011235955	0.041181474179486	0.347191011235955	0.041181474179486	1	0	"model457"
0.00898876404494382	0.0103251301513784	0.00898876404494382	0.0103251301513784	1	0	"model458"
0	0	0	0	1	0	"model459"
0.00561797752808989	0.00954872568088536	0.00561797752808989	0.00954872568088536	1	0	"model460"
0.00337078651685393	0.00758369165966913	0.00337078651685393	0.00758369165966913	1	0	"model461"
0	0	0	0	1	0	"model462"
0.348314606741573	0.053493845906688	0.382022471910112	0.053493845906688	0.966292134831461	0	"model463"
0.00449438202247191	0.007856246053709	0.00449438202247191	0.007856246053709	1	0	"model464"
0.0438202247191011	0.0144571228955946	0.0438202247191011	0.0144571228955946	1	0	"model465"
0	0	0	0	1	0	"model466"
0.049438202247191	0.017726081747115	0.049438202247191	0.017726081747115	1	0	"model467"
0.341573033707865	0.0363893866711344	0.341573033707865	0.0363893866711344	1	0	"model468"
0.143820224719101	0.0445677146985574	0.143820224719101	0.0445677146985574	1	0	"model469"
0.0314606741573034	0.0263772537253318	0.0314606741573034	0.0263772537253318	1	0	"model470"
0.0112359550561798	0.010593360017776	0.0112359550561798	0.010593360017776	1	0	"model471"
0.0191011235955056	0.0150280169645984	0.0191011235955056	0.0150280169645984	1	0	"model472"
0.0101123595505618	0.00829061558845643	0.0101123595505618	0.00829061558845643	1	0	"model473"
0.0157303370786517	0.0142124838659253	0.0157303370786517	0.0142124838659253	1	0	"model474"
0.298876404494382	0.0468389459201902	0.557303370786517	0.0468389459201902	0.741573033707865	0	"model475"
0.19438202247191	0.0378443987387839	0.228089887640449	0.0378443987387839	0.966292134831461	0	"model476"
0	0	0	0	1	0	"model477"
0.139325842696629	0.047137476322254	0.139325842696629	0.047137476322254	1	0	"model478"
0.355056179775281	0.0548404650718296	0.355056179775281	0.0548404650718296	1	0	"model479"
0.00112359550561798	0.00355312096648132	0.00112359550561798	0.00355312096648132	1	0	"model480"
0.324719101123596	0.0368680889957295	0.347191011235955	0.0368680889957295	0.97752808988764	0	"model481"
0.206741573033708	0.0378999569758008	0.229213483146067	0.0378999569758008	0.97752808988764	0	"model482"
0.00561797752808989	0.00794502001333199	0.00561797752808989	0.00794502001333199	1	0	"model483"
0.262921348314607	0.0318682357845433	0.262921348314607	0.0318682357845433	1	0	"model484"
0.11685393258427	0.031424984214836	0.11685393258427	0.031424984214836	1	0	"model485"
0.440449438202247	0.0539637862301959	0.496629213483146	0.0539637862301959	0.943820224719101	0	"model486"
0.00786516853932584	0.00925025395897264	0.00786516853932584	0.00925025395897264	1	0	"model487"
0.0561797752808989	0.014013698077805	0.0561797752808989	0.014013698077805	1	0	"model488"
0.0662921348314607	0.0267206876130891	0.0662921348314607	0.0267206876130891	1	0	"model489"
0.00449438202247191	0.00580222224150924	0.00449438202247191	0.00580222224150924	1	0	"model490"
0.298876404494382	0.031424984214836	0.343820224719101	0.031424984214836	0.955056179775281	0	"model491"
0.164044943820225	0.0446934348769327	0.164044943820225	0.0446934348769327	1	0	"model492"
0.0471910112359551	0.0289142457911892	0.0471910112359551	0.0289142457911892	1	0	"model493"
0.0179775280898876	0.00580222224150924	0.0179775280898876	0.00580222224150924	1	0	"model494"
0.00674157303370787	0.007856246053709	0.00674157303370787	0.007856246053709	1	0	"model495"
0.0651685393258427	0.0217099277096471	0.0651685393258427	0.0217099277096471	1	0	"model496"
0	0	0	0	1	0	"model497"
0.00112359550561798	0.00355312096648132	0.00112359550561798	0.00355312096648132	1	0	"model498"
0.00898876404494382	0.00710624193296265	0.00898876404494382	0.00710624193296265	1	0	"model499"
0.00224719101123595	0.0047374946219751	0.00224719101123595	0.0047374946219751	1	0	"model500"
0	0	0	0	1	0	"model501"
0	0	0	0	1	0	"model502"
0.169662921348315	0.0460080004167099	0.169662921348315	0.0460080004167099	1	0	"model503"
0	0	0	0	1	0	"model504"
0.0314606741573034	0.0174066667245277	0.0314606741573034	0.0174066667245277	1	0	"model505"
0.0258426966292135	0.0150280169645984	0.0258426966292135	0.0150280169645984	1	0	"model506"
0	0	0	0	1	0	"model507"
0.0123595505617978	0.00829061558845643	0.0123595505617978	0.00829061558845643	1	0	"model508"
0.0112359550561798	0.00917411888682838	0.0112359550561798	0.00917411888682838	1	0	"model509"
0.00337078651685393	0.00542748192741177	0.00337078651685393	0.00542748192741177	1	0	"model510"
0.0943820224719101	0.0352139603701668	0.0943820224719101	0.0352139603701668	1	0	"model511"
0.176404494382022	0.0318021418956611	0.176404494382022	0.0318021418956611	1	0	"model512"
0.0898876404494382	0.0294906661948008	0.0898876404494382	0.0294906661948008	1	0	"model513"
0.157303370786517	0.0378258611923673	0.157303370786517	0.0378258611923673	1	0	"model514"
0.103370786516854	0.0312459230181486	0.103370786516854	0.0312459230181486	1	0	"model515"
0.0370786516853933	0.0212197984632439	0.0370786516853933	0.0212197984632439	1	0	"model516"
0	0	0	0	1	0	"model517"
0.128089887640449	0.02259640918202	0.128089887640449	0.02259640918202	1	0	"model518"
0.0134831460674157	0.00886304087355748	0.0134831460674157	0.00886304087355748	1	0	"model519"
0.0348314606741573	0.0256492789037662	0.0348314606741573	0.0256492789037662	1	0	"model520"
0.323595505617978	0.0432904367844191	0.334831460674157	0.0432904367844191	0.98876404494382	0	"model521"
0	0	0	0	1	0	"model522"
0.00224719101123595	0.0047374946219751	0.00224719101123595	0.0047374946219751	1	0	"model523"
0.208988764044944	0.0397074405414189	0.208988764044944	0.0397074405414189	1	0	"model524"
0.048314606741573	0.0183864235335334	0.048314606741573	0.0183864235335334	1	0	"model525"
0.00224719101123595	0.0047374946219751	0.00224719101123595	0.0047374946219751	1	0	"model526"
0.00449438202247191	0.00580222224150924	0.00449438202247191	0.00580222224150924	1	0	"model527"
0.00786516853932584	0.00925025395897264	0.00786516853932584	0.00925025395897264	1	0	"model528"
0	0	0	0	1	0	"model529"
0.192134831460674	0.0319780886983319	0.192134831460674	0.0319780886983319	1	0	"model530"
-0.17752808988764	0.0358456512779188	0.732584269662921	0.0358456512779188	0.0898876404494382	0	"model531"
0.131460674157303	0.0407018067023136	0.131460674157303	0.0407018067023136	1	0	"model532"
0.157303370786517	0.0449438202247191	0.157303370786517	0.0449438202247191	1	0	"model533"
0.0887640449438202	0.0227510749790074	0.0887640449438202	0.0227510749790074	1	0	"model534"
0.179775280898876	0.0436775422834854	0.179775280898876	0.0436775422834854	1	0	"model535"
0	0	0	0	1	0	"model536"
0	0	0	0	1	0	"model537"
0.0303370786516854	0.0218708634017325	0.0303370786516854	0.0218708634017325	1	0	"model538"
0.00449438202247191	0.007856246053709	0.00449438202247191	0.007856246053709	1	0	"model539"
0.326966292134831	0.0541324843021641	0.371910112359551	0.0541324843021641	0.955056179775281	0	"model540"
0.121348314606742	0.0312459230181486	0.121348314606742	0.0312459230181486	1	0	"model541"
-0.20561797752809	0.0808589858649788	0.715730337078652	0.0808589858649788	0.0786516853932584	0	"model542"
0.00224719101123595	0.00710624193296265	0.00224719101123595	0.00710624193296265	1	0	"model543"
0.302247191011236	0.034100912779296	0.313483146067416	0.034100912779296	0.98876404494382	0	"model544"
0.148314606741573	0.0312459230181486	0.148314606741573	0.0312459230181486	1	0	"model545"
0.00674157303370787	0.007856246053709	0.00674157303370787	0.007856246053709	1	0	"model546"
0	0	0	0	1	0	"model547"
0	0	0	0	1	0	"model548"
0.141573033707865	0.0434198554192942	0.141573033707865	0.0434198554192942	1	0	"model549"
0.115730337078652	0.0225030994543817	0.115730337078652	0.0225030994543817	1	0	"model550"
0	0	0	0	1	0	"model551"
0	0	0	0	1	0	"model552"
0.0123595505617978	0.00829061558845643	0.0123595505617978	0.00829061558845643	1	0	"model553"
0.274157303370787	0.023208888966037	0.274157303370787	0.023208888966037	1	0	"model554"
0	0	0	0	1	0	"model555"
0.432584269662921	0.0266154876471009	0.589887640449438	0.0266154876471009	0.842696629213483	0	"model556"
0.0528089887640449	0.0212197984632439	0.0528089887640449	0.0212197984632439	1	0	"model557"
0.330337078651685	0.0505826007974056	0.330337078651685	0.0505826007974056	1	0	"model558"
0.141573033707865	0.043741726803465	0.141573033707865	0.043741726803465	1	0	"model559"
0.206741573033708	0.0468389459201902	0.206741573033708	0.0468389459201902	1	0	"model560"
0	0	0	0	1	0	"model561"
0.0730337078651685	0.023835060039996	0.0730337078651685	0.023835060039996	1	0	"model562"
0.130337078651685	0.0199594196171899	0.130337078651685	0.0199594196171899	1	0	"model563"
0.0741573033707865	0.0265891226206724	0.0741573033707865	0.0265891226206724	1	0	"model564"
-0.269662921348315	0.0420410942334151	0.651685393258427	0.0420410942334151	0.0786516853932584	0	"model565"
0.00112359550561798	0.00355312096648132	0.00112359550561798	0.00355312096648132	1	0	"model566"
0.168539325842697	0.0439975285560701	0.168539325842697	0.0439975285560701	1	0	"model567"
0.270786516853933	0.041181474179486	0.270786516853933	0.041181474179486	1	0	"model568"
0.31123595505618	0.058034309119195	0.344943820224719	0.058034309119195	0.966292134831461	0	"model569"
0.0449438202247191	0.0190974513617707	0.0449438202247191	0.0190974513617707	1	0	"model570"
0.232584269662921	0.0473897485779375	0.232584269662921	0.0473897485779375	1	0	"model571"
0	0	0	0	1	0	"model572"
0.27752808988764	0.0708746454158252	0.27752808988764	0.0708746454158252	1	0	"model573"
0	0	0	0	1	0	"model574"
0.0370786516853933	0.019134141984187	0.0370786516853933	0.019134141984187	1	0	"model575"
0.0157303370786517	0.0094749892439502	0.0157303370786517	0.0094749892439502	1	0	"model576"
0.0179775280898876	0.0131886268626659	0.0179775280898876	0.0131886268626659	1	0	"model577"
0.00561797752808989	0.00592186827746887	0.00561797752808989	0.00592186827746887	1	0	"model578"
0.0382022471910112	0.0213187257988879	0.0382022471910112	0.0213187257988879	1	0	"model579"
0.0112359550561798	0.010593360017776	0.0112359550561798	0.010593360017776	1	0	"model580"
-0.207865168539326	0.0421244265138651	0.735955056179775	0.0421244265138651	0.0561797752808989	0	"model581"
0	0	0	0	1	0	"model582"
0	0	0	0	1	0	"model583"
0.00786516853932584	0.00758369165966913	0.00786516853932584	0.00758369165966913	1	0	"model584"
0.00337078651685393	0.00542748192741177	0.00337078651685393	0.00542748192741177	1	0	"model585"
0	0	0	0	1	0	"model586"
0.32247191011236	0.0470928174052432	0.32247191011236	0.0470928174052432	1	0	"model587"
0.0146067415730337	0.0167913945853632	0.0146067415730337	0.0167913945853632	1	0	"model588"
0.0314606741573034	0.0147928222158288	0.0314606741573034	0.0147928222158288	1	0	"model589"
0.0449438202247191	0.0230876928950149	0.0449438202247191	0.0230876928950149	1	0	"model590"
0.0191011235955056	0.019134141984187	0.0191011235955056	0.019134141984187	1	0	"model591"
0.106741573033708	0.0400766564775893	0.106741573033708	0.0400766564775893	1	0	"model592"
0	0	0	0	1	0	"model593"
0.00224719101123595	0.0047374946219751	0.00224719101123595	0.0047374946219751	1	0	"model594"
0	0	0	0	1	0	"model595"
0.169662921348315	0.041181474179486	0.169662921348315	0.041181474179486	1	0	"model596"
0	0	0	0	1	0	"model597"
0.0561797752808989	0.0183482377736568	0.0561797752808989	0.0183482377736568	1	0	"model598"
0.39438202247191	0.0387237663687276	0.529213483146067	0.0387237663687276	0.865168539325843	0	"model599"
0.0101123595505618	0.00829061558845643	0.0101123595505618	0.00829061558845643	1	0	"model600"
0.250561797752809	0.0516392346673383	0.250561797752809	0.0516392346673383	1	0	"model601"
0.132584269662921	0.0388503445090335	0.132584269662921	0.0388503445090335	1	0	"model602"
0.0213483146067416	0.0171222913118539	0.0213483146067416	0.0171222913118539	1	0	"model603"
0.378651685393258	0.0343468360093195	0.412359550561798	0.0343468360093195	0.966292134831461	0	"model604"
0.0808988764044944	0.0362348662844879	0.0808988764044944	0.0362348662844879	1	0	"model605"
0.175280898876404	0.0371523498655798	0.175280898876404	0.0371523498655798	1	0	"model606"
0.00786516853932584	0.00758369165966913	0.00786516853932584	0.00758369165966913	1	0	"model607"
0.217977528089888	0.0516799649757613	0.217977528089888	0.0516799649757613	1	0	"model608"
0.00674157303370787	0.007856246053709	0.00674157303370787	0.007856246053709	1	0	"model609"
0	0	0	0	1	0	"model610"
0.00449438202247191	0.00580222224150924	0.00449438202247191	0.00580222224150924	1	0	"model611"
0.0853932584269663	0.0265891226206724	0.0853932584269663	0.0265891226206724	1	0	"model612"
0.00449438202247191	0.00580222224150924	0.00449438202247191	0.00580222224150924	1	0	"model613"
0	0	0	0	1	0	"model614"
0.132584269662921	0.0321312518195164	0.132584269662921	0.0321312518195164	1	0	"model615"
0	0	0	0	1	0	"model616"
0.362921348314607	0.0446463312964363	0.419101123595506	0.0446463312964363	0.943820224719101	0	"model617"
-0.192134831460674	0.0357084237799342	0.807865168539326	0.0357084237799342	0	0	"model618"
0	0	0	0	1	0	"model619"
0.0157303370786517	0.017726081747115	0.0157303370786517	0.017726081747115	1	0	"model620"
0	0	0	0	1	0	"model621"
0	0	0	0	1	0	"model622"
0.048314606741573	0.0259753421489134	0.048314606741573	0.0259753421489134	1	0	"model623"
0.0112359550561798	0.00749063670411985	0.0112359550561798	0.00749063670411985	1	0	"model624"
0.0595505617977528	0.025429580819128	0.0595505617977528	0.025429580819128	1	0	"model625"
0.0955056179775281	0.0266154876471009	0.0955056179775281	0.0266154876471009	1	0	"model626"
0.284269662921348	0.0553116445665846	0.284269662921348	0.0553116445665846	1	0	"model627"
0.0438202247191011	0.0239524748394299	0.0438202247191011	0.0239524748394299	1	0	"model628"
0	0	0	0	1	0	"model629"
0.0337078651685393	0.0190974513617707	0.0337078651685393	0.0190974513617707	1	0	"model630"
0	0	0	0	1	0	"model631"
0	0	0	0	1	0	"model632"
0.00674157303370787	0.0094749892439502	0.00674157303370787	0.0094749892439502	1	0	"model633"
0.185393258426966	0.0393704045723383	0.185393258426966	0.0393704045723383	1	0	"model634"
0	0	0	0	1	0	"model635"
0	0	0	0	1	0	"model636"
0.0146067415730337	0.0119028079266447	0.0146067415730337	0.0119028079266447	1	0	"model637"
0.173033707865169	0.0371523498655798	0.173033707865169	0.0371523498655798	1	0	"model638"
0.203370786516854	0.0495317467059524	0.203370786516854	0.0495317467059524	1	0	"model639"
0	0	0	0	1	0	"model640"
0.00898876404494382	0.0103251301513784	0.00898876404494382	0.0103251301513784	1	0	"model641"
0.132584269662921	0.0210538866255509	0.132584269662921	0.0210538866255509	1	0	"model642"
0.0134831460674157	0.00886304087355748	0.0134831460674157	0.00886304087355748	1	0	"model643"
0	0	0	0	1	0	"model644"
0.0292134831460674	0.0271115521660732	0.0292134831460674	0.0271115521660732	1	0	"model645"
0	0	0	0	1	0	"model646"
0.00337078651685393	0.00758369165966913	0.00337078651685393	0.00758369165966913	1	0	"model647"
0.387640449438202	0.0611416768438746	0.410112359550562	0.0611416768438746	0.97752808988764	0	"model648"
0	0	0	0	1	0	"model649"
0.317977528089888	0.0355509437455709	0.362921348314607	0.0355509437455709	0.955056179775281	0	"model650"
0	0	0	0	1	0	"model651"
0.113483146067416	0.0292278846668564	0.113483146067416	0.0292278846668564	1	0	"model652"
0.392134831460674	0.0475080014095178	0.493258426966292	0.0475080014095178	0.898876404494382	0	"model653"
0.335955056179775	0.0428507632508272	0.335955056179775	0.0428507632508272	1	0	"model654"
0	0	0	0	1	0	"model655"
0.00898876404494382	0.00710624193296265	0.00898876404494382	0.00710624193296265	1	0	"model656"
0.165168539325843	0.0322402085642807	0.165168539325843	0.0322402085642807	1	0	"model657"
0	0	0	0	1	0	"model658"
0.304494382022472	0.0576462776279249	0.304494382022472	0.0576462776279249	1	0	"model659"
0.11685393258427	0.0286216826584911	0.11685393258427	0.0286216826584911	1	0	"model660"
0	0	0	0	1	0	"model661"
0.269662921348315	0.0532309752942019	0.314606741573034	0.0532309752942019	0.955056179775281	0	"model662"
0.2	0.023568738161127	0.21123595505618	0.023568738161127	0.98876404494382	0	"model663"
0	0	0	0	1	0	"model664"
0.112359550561798	0.0285234947785165	0.112359550561798	0.0285234947785165	1	0	"model665"
0.00112359550561798	0.00355312096648132	0.00112359550561798	0.00355312096648132	1	0	"model666"
0	0	0	0	1	0	"model667"
0.00674157303370787	0.00580222224150924	0.00674157303370787	0.00580222224150924	1	0	"model668"
0.00112359550561798	0.00355312096648132	0.00112359550561798	0.00355312096648132	1	0	"model669"
0.00674157303370787	0.0094749892439502	0.00674157303370787	0.0094749892439502	1	0	"model670"
0.114606741573034	0.0329928322779704	0.114606741573034	0.0329928322779704	1	0	"model671"
0.0584269662921348	0.0279271189248049	0.0584269662921348	0.0279271189248049	1	0	"model672"
0.398876404494382	0.0356297707686151	0.52247191011236	0.0356297707686151	0.876404494382023	0	"model673"
0.156179775280899	0.0267206876130891	0.156179775280899	0.0267206876130891	1	0	"model674"
0.117977528089888	0.0305421468732211	0.117977528089888	0.0305421468732211	1	0	"model675"
0	0	0	0	1	0	"model676"
0.146067415730337	0.039281230268545	0.146067415730337	0.039281230268545	1	0	"model677"
0.201123595505618	0.0522871123978764	0.201123595505618	0.0522871123978764	1	0	"model678"
0.00674157303370787	0.007856246053709	0.00674157303370787	0.007856246053709	1	0	"model679"
0.0584269662921348	0.0279271189248049	0.0584269662921348	0.0279271189248049	1	0	"model680"
0	0	0	0	1	0	"model681"
0.00337078651685393	0.00758369165966913	0.00337078651685393	0.00758369165966913	1	0	"model682"
0.206741573033708	0.0238056158532894	0.206741573033708	0.0238056158532894	1	0	"model683"
0.140449438202247	0.0421244265138651	0.140449438202247	0.0421244265138651	1	0	"model684"
0.303370786516854	0.0359238316353013	0.303370786516854	0.0359238316353013	1	0	"model685"
0.197752808988764	0.0462361029573362	0.197752808988764	0.0462361029573362	1	0	"model686"
0.232584269662921	0.0455791548361837	0.232584269662921	0.0455791548361837	1	0	"model687"
0.215730337078652	0.0409594700059695	0.215730337078652	0.0409594700059695	1	0	"model688"
0.0224719101123595	0.00917411888682838	0.0224719101123595	0.00917411888682838	1	0	"model689"
0.0426966292134831	0.0116044444830185	0.0426966292134831	0.0116044444830185	1	0	"model690"
0.00786516853932584	0.00758369165966913	0.00786516853932584	0.00758369165966913	1	0	"model691"
0	0	0	0	1	0	"model692"
0	0	0	0	1	0	"model693"
0.155056179775281	0.0399188392343797	0.155056179775281	0.0399188392343797	1	0	"model694"
0.049438202247191	0.0265891226206724	0.049438202247191	0.0265891226206724	1	0	"model695"
0.413483146067416	0.0406155556905647	0.480898876404494	0.0406155556905647	0.932584269662921	0	"model696"
0.108988764044944	0.0382132612454973	0.108988764044944	0.0382132612454973	1	0	"model697"
0.174157303370786	0.0286461770426561	0.174157303370786	0.0286461770426561	1	0	"model698"
0.0101123595505618	0.0098381464693361	0.0101123595505618	0.0098381464693361	1	0	"model699"
0.0157303370786517	0.0199594196171899	0.0157303370786517	0.0199594196171899	1	0	"model700"
0	0	0	0	1	0	"model701"
0	0	0	0	1	0	"model702"
0.00898876404494382	0.0116044444830185	0.00898876404494382	0.0116044444830185	1	0	"model703"
0.191011235955056	0.0343264097000437	0.191011235955056	0.0343264097000437	1	0	"model704"
0	0	0	0	1	0	"model705"
0	0	0	0	1	0	"model706"
0.00224719101123595	0.0047374946219751	0.00224719101123595	0.0047374946219751	1	0	"model707"
0	0	0	0	1	0	"model708"
0.317977528089888	0.0830836219939168	0.362921348314607	0.0830836219939168	0.955056179775281	0	"model709"
0.196629213483146	0.0514214614896853	0.196629213483146	0.0514214614896853	1	0	"model710"
0.18876404494382	0.0426374515977759	0.18876404494382	0.0426374515977759	1	0	"model711"
0.228089887640449	0.0309073873195172	0.228089887640449	0.0309073873195172	1	0	"model712"
0.0123595505617978	0.0098381464693361	0.0123595505617978	0.0098381464693361	1	0	"model713"
0.00786516853932584	0.010659362899444	0.00786516853932584	0.010659362899444	1	0	"model714"
0.00561797752808989	0.00794502001333199	0.00561797752808989	0.00794502001333199	1	0	"model715"
0.229213483146067	0.0323054062214949	0.229213483146067	0.0323054062214949	1	0	"model716"
0.00898876404494382	0.00886304087355748	0.00898876404494382	0.00886304087355748	1	0	"model717"
0.186516853932584	0.0375280151307127	0.186516853932584	0.0375280151307127	1	0	"model718"
0.240449438202247	0.0393525858773444	0.240449438202247	0.0393525858773444	1	0	"model719"
0.41685393258427	0.0629948741092204	0.517977528089888	0.0629948741092204	0.898876404494382	0	"model720"
0.167415730337079	0.041181474179486	0.167415730337079	0.041181474179486	1	0	"model721"
0	0	0	0	1	0	"model722"
0.0303370786516854	0.0150280169645984	0.0303370786516854	0.0150280169645984	1	0	"model723"
0	0	0	0	1	0	"model724"
0.170786516853933	0.0303347666386765	0.170786516853933	0.0303347666386765	1	0	"model725"
0.0404494382022472	0.0199594196171899	0.0404494382022472	0.0199594196171899	1	0	"model726"
0.00112359550561798	0.00355312096648132	0.00112359550561798	0.00355312096648132	1	0	"model727"
0	0	0	0	1	0	"model728"
0.0123595505617978	0.00829061558845643	0.0123595505617978	0.00829061558845643	1	0	"model729"
0.0101123595505618	0.00829061558845643	0.0101123595505618	0.00829061558845643	1	0	"model730"
0.0191011235955056	0.0119028079266447	0.0191011235955056	0.0119028079266447	1	0	"model731"
0.00674157303370787	0.007856246053709	0.00674157303370787	0.007856246053709	1	0	"model732"
0	0	0	0	1	0	"model733"
0.244943820224719	0.0338324787734418	0.244943820224719	0.0338324787734418	1	0	"model734"
0.00674157303370787	0.0094749892439502	0.00674157303370787	0.0094749892439502	1	0	"model735"
0.097752808988764	0.037471905433051	0.097752808988764	0.037471905433051	1	0	"model736"
0.00337078651685393	0.00542748192741177	0.00337078651685393	0.00542748192741177	1	0	"model737"
0.196629213483146	0.0305421468732211	0.219101123595506	0.0305421468732211	0.97752808988764	0	"model738"
0.295505617977528	0.0339359739028443	0.542696629213483	0.0339359739028443	0.752808988764045	0	"model739"
0.0842696629213483	0.0305421468732211	0.0842696629213483	0.0305421468732211	1	0	"model740"
0.169662921348315	0.0364856295968766	0.169662921348315	0.0364856295968766	1	0	"model741"
0.317977528089888	0.0446463312964363	0.329213483146067	0.0446463312964363	0.98876404494382	0	"model742"
0	0	0	0	1	0	"model743"
0.0382022471910112	0.0206502603027569	0.0382022471910112	0.0206502603027569	1	0	"model744"
0.00674157303370787	0.0094749892439502	0.00674157303370787	0.0094749892439502	1	0	"model745"
0.275280898876405	0.0371712232982757	0.275280898876405	0.0371712232982757	1	0	"model746"
0.331460674157303	0.0421244265138651	0.331460674157303	0.0421244265138651	1	0	"model747"
0.0820224719101124	0.037471905433051	0.0820224719101124	0.037471905433051	1	0	"model748"
0.189887640449438	0.0256492789037662	0.189887640449438	0.0256492789037662	1	0	"model749"
0	0	0	0	1	0	"model750"
0.128089887640449	0.0397074405414189	0.128089887640449	0.0397074405414189	1	0	"model751"
0.285393258426966	0.0538075954938366	0.285393258426966	0.0538075954938366	1	0	"model752"
0.0775280898876404	0.034100912779296	0.0775280898876404	0.034100912779296	1	0	"model753"
0.369662921348315	0.0390843306312946	0.369662921348315	0.0390843306312946	1	0	"model754"
0.00786516853932584	0.00925025395897264	0.00786516853932584	0.00925025395897264	1	0	"model755"
0.00561797752808989	0.00794502001333199	0.00561797752808989	0.00794502001333199	1	0	"model756"
0.379775280898876	0.0307937150428382	0.379775280898876	0.0307937150428382	1	0	"model757"
0	0	0	0	1	0	"model758"
0.214606741573034	0.047211813975002	0.214606741573034	0.047211813975002	1	0	"model759"
0.238202247191011	0.0552482064856503	0.238202247191011	0.0552482064856503	1	0	"model760"
0	0	0	0	1	0	"model761"
0.00337078651685393	0.00542748192741177	0.00337078651685393	0.00542748192741177	1	0	"model762"
0.0797752808988764	0.0267206876130891	0.0797752808988764	0.0267206876130891	1	0	"model763"
0.0168539325842697	0.0121362185363443	0.0168539325842697	0.0121362185363443	1	0	"model764"
0.359550561797753	0.042373440071104	0.382022471910112	0.042373440071104	0.97752808988764	0	"model765"
0.00337078651685393	0.00542748192741177	0.00337078651685393	0.00542748192741177	1	0	"model766"
0.0921348314606742	0.0258399824878807	0.0921348314606742	0.0258399824878807	1	0	"model767"
0.179775280898876	0.0355312096648132	0.179775280898876	0.0355312096648132	1	0	"model768"
0.00224719101123595	0.0047374946219751	0.00224719101123595	0.0047374946219751	1	0	"model769"
0	0	0	0	1	0	"model770"
0.123595505617978	0.0351342004481156	0.123595505617978	0.0351342004481156	1	0	"model771"
0	0	0	0	1	0	"model772"
0	0	0	0	1	0	"model773"
0.182022471910112	0.0388503445090335	0.182022471910112	0.0388503445090335	1	0	"model774"
0	0	0	0	1	0	"model775"
0.00561797752808989	0.00794502001333199	0.00561797752808989	0.00794502001333199	1	0	"model776"
0.00786516853932584	0.00925025395897264	0.00786516853932584	0.00925025395897264	1	0	"model777"
0.171910112359551	0.0440134668027643	0.171910112359551	0.0440134668027643	1	0	"model778"
0.121348314606742	0.0269037977469183	0.121348314606742	0.0269037977469183	1	0	"model779"
0.198876404494382	0.0343468360093195	0.198876404494382	0.0343468360093195	1	0	"model780"
0.0808988764044944	0.0252913003987028	0.0808988764044944	0.0252913003987028	1	0	"model781"
0.00449438202247191	0.0094749892439502	0.00449438202247191	0.0094749892439502	1	0	"model782"
0.051685393258427	0.0206502603027569	0.051685393258427	0.0206502603027569	1	0	"model783"
0.179775280898876	0.047670120079992	0.179775280898876	0.047670120079992	1	0	"model784"
0.00674157303370787	0.007856246053709	0.00674157303370787	0.007856246053709	1	0	"model785"
0.0112359550561798	0.00749063670411985	0.0112359550561798	0.00749063670411985	1	0	"model786"
0.355056179775281	0.0427688462130942	0.624719101123596	0.0427688462130942	0.730337078651685	0	"model787"
0.00224719101123595	0.0047374946219751	0.00224719101123595	0.0047374946219751	1	0	"model788"
0.121348314606742	0.0312459230181486	0.121348314606742	0.0312459230181486	1	0	"model789"
0.0112359550561798	0.0118437365549377	0.0112359550561798	0.0118437365549377	1	0	"model790"
0.476404494382022	0.0524879342063067	0.532584269662921	0.0524879342063067	0.943820224719101	0	"model791"
0.298876404494382	0.0488903936242119	0.343820224719101	0.0488903936242119	0.955056179775281	0	"model792"
0.156179775280899	0.0310883984561006	0.156179775280899	0.0310883984561006	1	0	"model793"
0.0269662921348315	0.019243794125341	0.0269662921348315	0.019243794125341	1	0	"model794"
0.00786516853932584	0.00758369165966913	0.00786516853932584	0.00758369165966913	1	0	"model795"
0.368539325842697	0.0445677146985574	0.413483146067416	0.0445677146985574	0.955056179775281	0	"model796"
0.0146067415730337	0.00758369165966913	0.0146067415730337	0.00758369165966913	1	0	"model797"
0.293258426966292	0.0357084237799342	0.293258426966292	0.0357084237799342	1	0	"model798"
0	0	0	0	1	0	"model799"
0.0775280898876404	0.0208193889283705	0.0775280898876404	0.0208193889283705	1	0	"model800"
0.150561797752809	0.0323054062214949	0.150561797752809	0.0323054062214949	1	0	"model801"
0.150561797752809	0.0281273158884174	0.150561797752809	0.0281273158884174	1	0	"model802"
0.00224719101123595	0.0047374946219751	0.00224719101123595	0.0047374946219751	1	0	"model803"
0.0280898876404494	0.0161092233465218	0.0280898876404494	0.0161092233465218	1	0	"model804"
0.315730337078652	0.0444574179047908	0.315730337078652	0.0444574179047908	1	0	"model805"
0.00112359550561798	0.00355312096648132	0.00112359550561798	0.00355312096648132	1	0	"model806"
0.0101123595505618	0.0144571228955946	0.0101123595505618	0.0144571228955946	1	0	"model807"
0.121348314606742	0.0329928322779704	0.121348314606742	0.0329928322779704	1	0	"model808"
0	0	0	0	1	0	"model809"
0.253932584269663	0.040753469689095	0.276404494382022	0.040753469689095	0.97752808988764	0	"model810"
0.143820224719101	0.0252913003987028	0.143820224719101	0.0252913003987028	1	0	"model811"
0.182022471910112	0.0354521634942299	0.182022471910112	0.0354521634942299	1	0	"model812"
0.184269662921348	0.0440612469508696	0.184269662921348	0.0440612469508696	1	0	"model813"
0.00449438202247191	0.007856246053709	0.00449438202247191	0.007856246053709	1	0	"model814"
0	0	0	0	1	0	"model815"
0.202247191011236	0.0378258611923673	0.202247191011236	0.0378258611923673	1	0	"model816"
0.187640449438202	0.0476848308101925	0.187640449438202	0.0476848308101925	1	0	"model817"
0	0	0	0	1	0	"model818"
0	0	0	0	1	0	"model819"
0.0797752808988764	0.024531120440169	0.0797752808988764	0.024531120440169	1	0	"model820"
0.00224719101123595	0.0047374946219751	0.00224719101123595	0.0047374946219751	1	0	"model821"
0	0	0	0	1	0	"model822"
0.0213483146067416	0.0098381464693361	0.0213483146067416	0.0098381464693361	1	0	"model823"
0.0629213483146067	0.0243877462113853	0.0629213483146067	0.0243877462113853	1	0	"model824"
0.00112359550561798	0.00355312096648132	0.00112359550561798	0.00355312096648132	1	0	"model825"
0	0	0	0	1	0	"model826"
0.051685393258427	0.0243877462113853	0.051685393258427	0.0243877462113853	1	0	"model827"
0.204494382022472	0.0247304479688677	0.204494382022472	0.0247304479688677	1	0	"model828"
0.161797752808989	0.0360018422193196	0.161797752808989	0.0360018422193196	1	0	"model829"
0.160674157303371	0.0400065923392557	0.160674157303371	0.0400065923392557	1	0	"model830"
0.00898876404494382	0.00710624193296265	0.00898876404494382	0.00710624193296265	1	0	"model831"
0.0471910112359551	0.0217099277096471	0.0471910112359551	0.0217099277096471	1	0	"model832"
0.189887640449438	0.0287439458492133	0.189887640449438	0.0287439458492133	1	0	"model833"
0	0	0	0	1	0	"model834"
0	0	0	0	1	0	"model835"
0.339325842696629	0.0406155556905647	0.339325842696629	0.0406155556905647	1	0	"model836"
0.215730337078652	0.0399188392343797	0.215730337078652	0.0399188392343797	1	0	"model837"
0.317977528089888	0.0529800401341034	0.340449438202247	0.0529800401341034	0.97752808988764	0	"model838"
0	0	0	0	1	0	"model839"
0.0112359550561798	0.015890040026664	0.0112359550561798	0.015890040026664	1	0	"model840"
0	0	0	0	1	0	"model841"
0.120224719101124	0.0378443987387839	0.120224719101124	0.0378443987387839	1	0	"model842"
0.106741573033708	0.0356297707686151	0.106741573033708	0.0356297707686151	1	0	"model843"
0.126966292134831	0.0485593198752448	0.126966292134831	0.0485593198752448	1	0	"model844"
0.262921348314607	0.0453168043812859	0.262921348314607	0.0453168043812859	1	0	"model845"
0.0303370786516854	0.010659362899444	0.0303370786516854	0.010659362899444	1	0	"model846"
0.361797752808989	0.0338324787734418	0.417977528089888	0.0338324787734418	0.943820224719101	0	"model847"
0.0157303370786517	0.007856246053709	0.0157303370786517	0.007856246053709	1	0	"model848"
0.12247191011236	0.0208193889283705	0.12247191011236	0.0208193889283705	1	0	"model849"
0.0112359550561798	0.010593360017776	0.0112359550561798	0.010593360017776	1	0	"model850"
0	0	0	0	1	0	"model851"
0.0393258426966292	0.0142617473892583	0.0393258426966292	0.0142617473892583	1	0	"model852"
0.104494382022472	0.0403556966203775	0.104494382022472	0.0403556966203775	1	0	"model853"
0.00786516853932584	0.00758369165966913	0.00786516853932584	0.00758369165966913	1	0	"model854"
0.0808988764044944	0.0165812311769129	0.0808988764044944	0.0165812311769129	1	0	"model855"
0	0	0	0	1	0	"model856"
0.0134831460674157	0.00886304087355748	0.0134831460674157	0.00886304087355748	1	0	"model857"
0.41685393258427	0.047211813975002	0.596629213483146	0.047211813975002	0.820224719101124	0	"model858"
0.00224719101123595	0.0047374946219751	0.00224719101123595	0.0047374946219751	1	0	"model859"
0.253932584269663	0.0397074405414189	0.253932584269663	0.0397074405414189	1	0	"model860"
0.138202247191011	0.0396544147792252	0.138202247191011	0.0396544147792252	1	0	"model861"
0.0662921348314607	0.0201343521433942	0.0662921348314607	0.0201343521433942	1	0	"model862"
0.156179775280899	0.0301724854848282	0.156179775280899	0.0301724854848282	1	0	"model863"
0.00898876404494382	0.0103251301513784	0.00898876404494382	0.0103251301513784	1	0	"model864"
0.00112359550561798	0.00355312096648132	0.00112359550561798	0.00355312096648132	1	0	"model865"
0.161797752808989	0.0360018422193196	0.161797752808989	0.0360018422193196	1	0	"model866"
0	0	0	0	1	0	"model867"
0	0	0	0	1	0	"model868"
0.146067415730337	0.0439975285560701	0.146067415730337	0.0439975285560701	1	0	"model869"
0.00449438202247191	0.007856246053709	0.00449438202247191	0.007856246053709	1	0	"model870"
0.00224719101123595	0.0047374946219751	0.00224719101123595	0.0047374946219751	1	0	"model871"
0.182022471910112	0.0316916791030804	0.182022471910112	0.0316916791030804	1	0	"model872"
0.0112359550561798	0.010593360017776	0.0112359550561798	0.010593360017776	1	0	"model873"
0	0	0	0	1	0	"model874"
0.00786516853932584	0.00925025395897264	0.00786516853932584	0.00925025395897264	1	0	"model875"
0.00337078651685393	0.00542748192741177	0.00337078651685393	0.00542748192741177	1	0	"model876"
0.0685393258426966	0.0287439458492133	0.0685393258426966	0.0287439458492133	1	0	"model877"
0.195505617977528	0.019243794125341	0.195505617977528	0.019243794125341	1	0	"model878"
0.0269662921348315	0.0160656259097582	0.0269662921348315	0.0160656259097582	1	0	"model879"
0.00337078651685393	0.00542748192741177	0.00337078651685393	0.00542748192741177	1	0	"model880"
0.323595505617978	0.0395658805879978	0.334831460674157	0.0395658805879978	0.98876404494382	0	"model881"
0.00674157303370787	0.007856246053709	0.00674157303370787	0.007856246053709	1	0	"model882"
0	0	0	0	1	0	"model883"
0.00561797752808989	0.00794502001333199	0.00561797752808989	0.00794502001333199	1	0	"model884"
0.0831460674157303	0.029107654273746	0.0831460674157303	0.029107654273746	1	0	"model885"
0.30561797752809	0.0448813548432816	0.30561797752809	0.0448813548432816	1	0	"model886"
0	0	0	0	1	0	"model887"
0.00674157303370787	0.007856246053709	0.00674157303370787	0.007856246053709	1	0	"model888"
0.182022471910112	0.0523809250548227	0.182022471910112	0.0523809250548227	1	0	"model889"
0.106741573033708	0.0348334742279743	0.106741573033708	0.0348334742279743	1	0	"model890"
0	0	0	0	1	0	"model891"
0.00449438202247191	0.007856246053709	0.00449438202247191	0.007856246053709	1	0	"model892"
0.185393258426966	0.0340185433044662	0.185393258426966	0.0340185433044662	1	0	"model893"
0.00561797752808989	0.00592186827746887	0.00561797752808989	0.00592186827746887	1	0	"model894"
0.269662921348315	0.041706100096105	0.269662921348315	0.041706100096105	1	0	"model895"
0.156179775280899	0.0368680889957295	0.156179775280899	0.0368680889957295	1	0	"model896"
0.159550561797753	0.0189499784879004	0.159550561797753	0.0189499784879004	1	0	"model897"
0.00786516853932584	0.00542748192741177	0.00786516853932584	0.00542748192741177	1	0	"model898"
0.185393258426966	0.0676753220958526	0.185393258426966	0.0676753220958526	1	0	"model899"
0.00449438202247191	0.00580222224150924	0.00449438202247191	0.00580222224150924	1	0	"model900"
0.050561797752809	0.0177656048324066	0.050561797752809	0.0177656048324066	1	0	"model901"
0.0797752808988764	0.0186891010485013	0.0797752808988764	0.0186891010485013	1	0	"model902"
0	0	0	0	1	0	"model903"
0.0134831460674157	0.00886304087355748	0.0134831460674157	0.00886304087355748	1	0	"model904"
0	0	0	0	1	0	"model905"
0.138202247191011	0.0275478285369787	0.138202247191011	0.0275478285369787	1	0	"model906"
0	0	0	0	1	0	"model907"
0.00674157303370787	0.007856246053709	0.00674157303370787	0.007856246053709	1	0	"model908"
0.357303370786517	0.0531782452413449	0.548314606741573	0.0531782452413449	0.808988764044944	0	"model909"
0	0	0	0	1	0	"model910"
0	0	0	0	1	0	"model911"
0.0123595505617978	0.0123652239844338	0.0123595505617978	0.0123652239844338	1	0	"model912"
0.0640449438202247	0.0231180514786681	0.0640449438202247	0.0231180514786681	1	0	"model913"
0.150561797752809	0.043741726803465	0.150561797752809	0.043741726803465	1	0	"model914"
0.141573033707865	0.0331624623538257	0.141573033707865	0.0331624623538257	1	0	"model915"
0.314606741573034	0.0403383131620562	0.337078651685393	0.0403383131620562	0.97752808988764	0	"model916"
0	0	0	0	1	0	"model917"
0.269662921348315	0.0580222224150924	0.269662921348315	0.0580222224150924	1	0	"model918"
0.00786516853932584	0.00758369165966913	0.00786516853932584	0.00758369165966913	1	0	"model919"
0.217977528089888	0.0397074405414189	0.217977528089888	0.0397074405414189	1	0	"model920"
0.00674157303370787	0.007856246053709	0.00674157303370787	0.007856246053709	1	0	"model921"
0	0	0	0	1	0	"model922"
0.462921348314607	0.0523809250548227	0.564044943820225	0.0523809250548227	0.898876404494382	0	"model923"
0.333707865168539	0.0335200761576995	0.378651685393258	0.0335200761576995	0.955056179775281	0	"model924"
0	0	0	0	1	0	"model925"
0.158426966292135	0.0408394294338097	0.158426966292135	0.0408394294338097	1	0	"model926"
0.119101123595506	0.0169162393867209	0.119101123595506	0.0169162393867209	1	0	"model927"
0	0	0	0	1	0	"model928"
0.166292134831461	0.0329928322779704	0.166292134831461	0.0329928322779704	1	0	"model929"
0.232584269662921	0.0553116445665846	0.243820224719101	0.0553116445665846	0.98876404494382	0	"model930"
0	0	0	0	1	0	"model931"
0.267415730337079	0.0406155556905647	0.267415730337079	0.0406155556905647	1	0	"model932"
0.0280898876404494	0.0121362185363443	0.0280898876404494	0.0121362185363443	1	0	"model933"
0.391011235955056	0.0572433653169822	0.447191011235955	0.0572433653169822	0.943820224719101	0	"model934"
0.146067415730337	0.0359238316353013	0.146067415730337	0.0359238316353013	1	0	"model935"
0.297752808988764	0.032758156712614	0.297752808988764	0.032758156712614	1	0	"model936"
0.0898876404494382	0.0308846863342147	0.0898876404494382	0.0308846863342147	1	0	"model937"
0.170786516853933	0.0342445826237077	0.170786516853933	0.0342445826237077	1	0	"model938"
0.00337078651685393	0.00758369165966913	0.00337078651685393	0.00758369165966913	1	0	"model939"
0	0	0	0	1	0	"model940"
0.0370786516853933	0.0212197984632439	0.0370786516853933	0.0212197984632439	1	0	"model941"
0	0	0	0	1	0	"model942"
0.143820224719101	0.0467189996389893	0.143820224719101	0.0467189996389893	1	0	"model943"
0.210112359550562	0.049133666512682	0.210112359550562	0.049133666512682	1	0	"model944"
0.180898876404494	0.0435005465415269	0.180898876404494	0.0435005465415269	1	0	"model945"
0	0	0	0	1	0	"model946"
0.244943820224719	0.0476112317065789	0.244943820224719	0.0476112317065789	1	0	"model947"
0.00337078651685393	0.00542748192741177	0.00337078651685393	0.00542748192741177	1	0	"model948"
0.0168539325842697	0.0142617473892583	0.0168539325842697	0.0142617473892583	1	0	"model949"
0.210112359550562	0.0497013764720109	0.210112359550562	0.0497013764720109	1	0	"model950"
0.00786516853932584	0.00542748192741177	0.00786516853932584	0.00542748192741177	1	0	"model951"
0.160674157303371	0.0378443987387839	0.160674157303371	0.0378443987387839	1	0	"model952"
0.168539325842697	0.0339153001428368	0.168539325842697	0.0339153001428368	1	0	"model953"
0.128089887640449	0.0348133334490554	0.644943820224719	0.0348133334490554	0.48314606741573	0	"model954"
0.00786516853932584	0.00925025395897264	0.00786516853932584	0.00925025395897264	1	0	"model955"
0.00561797752808989	0.00794502001333199	0.00561797752808989	0.00794502001333199	1	0	"model956"
0	0	0	0	1	0	"model957"
0.0449438202247191	0.02484363138843	0.0449438202247191	0.02484363138843	1	0	"model958"
0.171910112359551	0.0359433501543373	0.171910112359551	0.0359433501543373	1	0	"model959"
0	0	0	0	1	0	"model960"
0.173033707865169	0.043741726803465	0.195505617977528	0.043741726803465	0.97752808988764	0	"model961"
0.00561797752808989	0.00592186827746887	0.00561797752808989	0.00592186827746887	1	0	"model962"
0	0	0	0	1	0	"model963"
0.0247191011235955	0.0165812311769129	0.0247191011235955	0.0165812311769129	1	0	"model964"
0.00786516853932584	0.00758369165966913	0.00786516853932584	0.00758369165966913	1	0	"model965"
0.00786516853932584	0.00758369165966913	0.00786516853932584	0.00758369165966913	1	0	"model966"
0.115730337078652	0.042389988964557	0.115730337078652	0.042389988964557	1	0	"model967"
0.00674157303370787	0.00580222224150924	0.00674157303370787	0.00580222224150924	1	0	"model968"
0.161797752808989	0.0459317145071338	0.161797752808989	0.0459317145071338	1	0	"model969"
0.0134831460674157	0.0127560946561246	0.0134831460674157	0.0127560946561246	1	0	"model970"
0.328089887640449	0.0750560302614253	0.350561797752809	0.0750560302614253	0.97752808988764	0	"model971"
0	0	0	0	1	0	"model972"
0.210112359550562	0.0535069555370543	0.210112359550562	0.0535069555370543	1	0	"model973"
0	0	0	0	1	0	"model974"
0.164044943820225	0.0327367391511793	0.164044943820225	0.0327367391511793	1	0	"model975"
0.00224719101123595	0.0047374946219751	0.00224719101123595	0.0047374946219751	1	0	"model976"
0.00898876404494382	0.00886304087355748	0.00898876404494382	0.00886304087355748	1	0	"model977"
0.0449438202247191	0.02484363138843	0.0449438202247191	0.02484363138843	1	0	"model978"
0.00337078651685393	0.00542748192741177	0.00337078651685393	0.00542748192741177	1	0	"model979"
0.141573033707865	0.0206502603027569	0.141573033707865	0.0206502603027569	1	0	"model980"
0.00449438202247191	0.00580222224150924	0.00449438202247191	0.00580222224150924	1	0	"model981"
-0.169662921348315	0.0387237663687276	0.830337078651685	0.0387237663687276	0	0	"model982"
0.00561797752808989	0.00954872568088536	0.00561797752808989	0.00954872568088536	1	0	"model983"
0.413483146067416	0.0479049496788599	0.570786516853933	0.0479049496788599	0.842696629213483	0	"model984"
0	0	0	0	1	0	"model985"
0	0	0	0	1	0	"model986"
0.0449438202247191	0.0242724370726886	0.0449438202247191	0.0242724370726886	1	0	"model987"
0.00898876404494382	0.0116044444830185	0.00898876404494382	0.0116044444830185	1	0	"model988"
0.00561797752808989	0.00794502001333199	0.00561797752808989	0.00794502001333199	1	0	"model989"
0.0134831460674157	0.0116044444830185	0.0134831460674157	0.0116044444830185	1	0	"model990"
0.0617977528089888	0.028152240408938	0.0617977528089888	0.028152240408938	1	0	"model991"
0.328089887640449	0.0429651847182022	0.328089887640449	0.0429651847182022	1	0	"model992"
0.00674157303370787	0.007856246053709	0.00674157303370787	0.007856246053709	1	0	"model993"
0	0	0	0	1	0	"model994"
0.121348314606742	0.0274202325359148	0.121348314606742	0.0274202325359148	1	0	"model995"
0	0	0	0	1	0	"model996"
0.0112359550561798	0.0118437365549377	0.0112359550561798	0.0118437365549377	1	0	"model997"
0	0	0	0	1	0	"model998"
0.0887640449438202	0.0194251722545168	0.0887640449438202	0.0194251722545168	1	0	"model999"
0	0	0	0	1	0	"model1000"
