"TSS.MN"	"TSS.sd"	"speci.MN"	"speci.sd"	"sensi.MN"	"sensi.sd"	"model"
-0.0222222222222222	0.0468485579284204	0.888888888888889	0.0468485579284205	0.0888888888888889	0	"model1"
-0.0622222222222222	0.0635484758208214	0.848888888888889	0.0635484758208214	0.0888888888888889	0	"model2"
-0.00222222222222222	0.0461998996430005	0.908888888888889	0.0461998996430005	0.0888888888888889	0	"model3"
0.466666666666667	0.0702728368926307	0.555555555555556	0.0702728368926307	0.911111111111111	0	"model4"
-0.0577777777777778	0.0446906759377729	0.853333333333333	0.0446906759377729	0.0888888888888889	0	"model5"
0.526666666666667	0.0480626020666914	0.66	0.0480626020666914	0.866666666666667	0	"model6"
0.131111111111111	0.0706233270314253	0.708888888888889	0.0706233270314253	0.422222222222222	0	"model7"
0	0	1	0	0	0	"model8"
0.0222222222222222	0.0234242789642102	0.955555555555556	0.0234242789642102	0.0666666666666667	0	"model9"
0.464444444444444	0.0827841989389541	0.575555555555556	0.0827841989389541	0.888888888888889	0	"model10"
-0.00888888888888889	0.021468706290651	0.946666666666667	0.021468706290651	0.0444444444444444	0	"model11"
-0.06	0.0419680458495268	0.851111111111111	0.0419680458495268	0.0888888888888889	0	"model12"
-0.0133333333333333	0.0630282885516523	0.742222222222222	0.0630282885516523	0.244444444444444	0	"model13"
-0.0488888888888889	0.042937412581302	0.862222222222222	0.042937412581302	0.0888888888888889	0	"model14"
0	0	1	0	0	0	"model15"
0	0	1	0	0	0	"model16"
-0.0266666666666667	0.03107581772356	0.973333333333333	0.03107581772356	0	0	"model17"
0	0	1	0	0	0	"model18"
-0.0288888888888889	0.0583730023847275	0.882222222222222	0.0583730023847276	0.0888888888888889	0	"model19"
0.548888888888889	0.0602236344420084	0.704444444444444	0.0602236344420084	0.844444444444444	0	"model20"
-0.0244444444444444	0.0322030594359765	0.908888888888889	0.0322030594359766	0.0666666666666667	0	"model21"
0.444444444444444	0.0844574388962324	0.533333333333333	0.0844574388962324	0.911111111111111	0	"model22"
0.0133333333333333	0.0299977136760246	0.924444444444444	0.0299977136760246	0.0888888888888889	0	"model23"
0.00444444444444444	0.0273171687623493	0.96	0.0273171687623493	0.0444444444444444	0	"model24"
-0.0111111111111111	0.0459617542444106	0.9	0.0459617542444106	0.0888888888888889	0	"model25"
0.38	0.0538758416176835	0.38	0.0538758416176835	1	0	"model26"
0.0111111111111111	0.0215961181290567	0.966666666666667	0.0215961181290566	0.0444444444444444	0	"model27"
-0.0111111111111111	0.0366647960615247	0.922222222222222	0.0366647960615247	0.0666666666666667	0	"model28"
-0.0822222222222222	0.0748478108389282	0.828888888888889	0.0748478108389282	0.0888888888888889	0	"model29"
0.308888888888889	0.0706233270314253	0.308888888888889	0.0706233270314253	1	0	"model30"
-0.0644444444444444	0.054884840156571	0.846666666666667	0.054884840156571	0.0888888888888889	0	"model31"
-0.0133333333333333	0.0187394231713682	0.986666666666667	0.0187394231713682	0	0	"model32"
-0.131111111111111	0.054884840156571	0.78	0.054884840156571	0.0888888888888889	0	"model33"
-0.0155555555555556	0.0297220779966502	0.895555555555556	0.0297220779966502	0.0888888888888889	0	"model34"
-0.124444444444444	0.0504574410842264	0.764444444444444	0.0504574410842264	0.111111111111111	0	"model35"
0.0111111111111111	0.0240027433274365	0.966666666666667	0.0240027433274365	0.0444444444444444	0	"model36"
0.537777777777778	0.0975980390637073	0.582222222222222	0.0975980390637073	0.955555555555556	0	"model37"
-0.142222222222222	0.0638929145269565	0.746666666666667	0.0638929145269565	0.111111111111111	0	"model38"
0.226666666666667	0.064406118871953	0.737777777777778	0.0644061188719531	0.488888888888889	0	"model39"
-0.0244444444444444	0.0369628887403693	0.886666666666667	0.0369628887403693	0.0888888888888889	0	"model40"
0.506666666666667	0.0843274042711568	0.64	0.0843274042711568	0.866666666666667	0	"model41"
-0.117777777777778	0.0602236344420084	0.793333333333333	0.0602236344420084	0.0888888888888889	0	"model42"
0	0	1	0	0	0	"model43"
-0.0155555555555556	0.0524306322049967	0.917777777777778	0.0524306322049967	0.0666666666666667	0	"model44"
-0.02	0.0163969952749472	0.98	0.0163969952749471	0	0	"model45"
-0.0222222222222222	0.0456623259479183	0.888888888888889	0.0456623259479184	0.0888888888888889	0	"model46"
0.02	0.0369628887403693	0.975555555555556	0.0369628887403693	0.0444444444444444	0	"model47"
-0.0377777777777778	0.0469070820710743	0.873333333333333	0.0469070820710743	0.0888888888888889	0	"model48"
0.0377777777777778	0.0770156665515261	0.748888888888889	0.0770156665515261	0.288888888888889	0	"model49"
-0.133333333333333	0.0702728368926307	0.755555555555556	0.0702728368926307	0.111111111111111	0	"model50"
0	0	1	0	0	0	"model51"
-0.115555555555556	0.0466137265853401	0.773333333333333	0.0466137265853401	0.111111111111111	0	"model52"
0.486666666666667	0.0657967940480073	0.575555555555556	0.0657967940480073	0.911111111111111	0	"model53"
-0.0177777777777778	0.0175291252832581	0.982222222222222	0.0175291252832581	0	0	"model54"
-0.0311111111111111	0.0421637021355784	0.902222222222222	0.0421637021355784	0.0666666666666667	0	"model55"
0.564444444444444	0.0566073279245713	0.72	0.0566073279245713	0.844444444444444	0	"model56"
-0.0377777777777778	0.0392662467576254	0.873333333333333	0.0392662467576254	0.0888888888888889	0	"model57"
0.497777777777778	0.0525873758497744	0.586666666666667	0.0525873758497744	0.911111111111111	0	"model58"
-0.0155555555555556	0.0332096470688295	0.895555555555556	0.0332096470688295	0.0888888888888889	0	"model59"
-0.0866666666666667	0.0398212742391574	0.824444444444444	0.0398212742391574	0.0888888888888889	0	"model60"
0.00444444444444444	0.0389153349231517	0.937777777777778	0.0389153349231517	0.0666666666666667	0	"model61"
-0.0244444444444444	0.0507285738318931	0.886666666666667	0.0507285738318931	0.0888888888888889	0	"model62"
-0.104444444444444	0.0671178150522921	0.762222222222222	0.0671178150522921	0.133333333333333	0	"model63"
0.00222222222222222	0.0384186740144887	0.935555555555556	0.0384186740144887	0.0666666666666667	0	"model64"
-0.00222222222222222	0.0322030594359765	0.931111111111111	0.0322030594359765	0.0666666666666667	0	"model65"
0.466666666666667	0.0637209279040194	0.577777777777778	0.0637209279040195	0.888888888888889	0	"model66"
-0.12	0.0638929145269565	0.791111111111111	0.0638929145269565	0.0888888888888889	0	"model67"
-0.0444444444444444	0.0583259842519393	0.866666666666667	0.0583259842519393	0.0888888888888889	0	"model68"
-0.0133333333333333	0.01553790886178	0.986666666666667	0.01553790886178	0	0	"model69"
-0.00444444444444444	0.0477763422121396	0.906666666666667	0.0477763422121396	0.0888888888888889	0	"model70"
-0.0111111111111111	0.0536717657266275	0.9	0.0536717657266276	0.0888888888888889	0	"model71"
0.522222222222222	0.107471245396644	0.655555555555556	0.107471245396644	0.866666666666667	0	"model72"
-0.00222222222222222	0.0194576674615758	0.953333333333333	0.0194576674615758	0.0444444444444444	0	"model73"
-0.0333333333333333	0.0282065670587552	0.966666666666667	0.0282065670587552	0	0	"model74"
0.0155555555555556	0.0210818510677892	0.971111111111111	0.0210818510677892	0.0444444444444444	0	"model75"
0.362222222222222	0.0679304089962096	0.362222222222222	0.0679304089962096	1	0	"model76"
0	0	1	0	0	0	"model77"
-0.0577777777777778	0.0421637021355784	0.853333333333333	0.0421637021355784	0.0888888888888889	0	"model78"
-0.00888888888888889	0.0470822180209502	0.902222222222222	0.0470822180209502	0.0888888888888889	0	"model79"
-0.102222222222222	0.0421637021355784	0.786666666666667	0.0421637021355784	0.111111111111111	0	"model80"
-0.0466666666666667	0.0473726724602059	0.864444444444444	0.0473726724602059	0.0888888888888889	0	"model81"
-0.0888888888888889	0.0619748167803019	0.822222222222222	0.0619748167803019	0.0888888888888889	0	"model82"
-0.00222222222222222	0.0424877937768889	0.931111111111111	0.0424877937768889	0.0666666666666667	0	"model83"
0.0333333333333333	0.0300890311282813	0.966666666666667	0.0300890311282813	0.0666666666666667	0	"model84"
0.402222222222222	0.0641072489582779	0.424444444444444	0.0641072489582779	0.977777777777778	0	"model85"
-0.0222222222222222	0.0431922362581133	0.911111111111111	0.0431922362581134	0.0666666666666667	0	"model86"
-0.0888888888888889	0.0654204508616878	0.822222222222222	0.0654204508616878	0.0888888888888889	0	"model87"
-0.0933333333333333	0.0532097333216829	0.817777777777778	0.0532097333216829	0.0888888888888889	0	"model88"
-0.0111111111111111	0.0117121394821051	0.988888888888889	0.0117121394821051	0	0	"model89"
-0.0622222222222222	0.0344265186329548	0.848888888888889	0.0344265186329548	0.0888888888888889	0	"model90"
-0.0466666666666667	0.0449965705140369	0.864444444444444	0.0449965705140369	0.0888888888888889	0	"model91"
-0.0288888888888889	0.0378430808131698	0.904444444444444	0.0378430808131698	0.0666666666666667	0	"model92"
0	0	1	0	0	0	"model93"
-0.0355555555555556	0.0394752965762199	0.897777777777778	0.0394752965762199	0.0666666666666667	0	"model94"
-0.0844444444444444	0.0500205718996567	0.826666666666667	0.0500205718996567	0.0888888888888889	0	"model95"
0.491111111111111	0.0596744712922158	0.557777777777778	0.0596744712922158	0.933333333333333	0	"model96"
0.0177777777777778	0.0532097333216829	0.928888888888889	0.0532097333216829	0.0888888888888889	0	"model97"
0.471111111111111	0.0581375314676995	0.493333333333333	0.0581375314676995	0.977777777777778	0	"model98"
3.47114101784812e-19	0.0331269329999969	0.911111111111111	0.0331269329999969	0.0888888888888889	0	"model99"
0.00666666666666667	0.0363642598774328	0.94	0.0363642598774328	0.0666666666666667	0	"model100"
0.437777777777778	0.0611279438097119	0.726666666666667	0.0611279438097119	0.711111111111111	0	"model101"
0.213333333333333	0.0515334137212625	0.702222222222222	0.0515334137212625	0.511111111111111	0	"model102"
0.542222222222222	0.0688530372659096	0.564444444444444	0.0688530372659096	0.977777777777778	0	"model103"
0.00666666666666667	0.0315141442758261	0.94	0.0315141442758262	0.0666666666666667	0	"model104"
0.497777777777778	0.0871433550806088	0.586666666666667	0.0871433550806088	0.911111111111111	0	"model105"
0	0	1	0	0	0	"model106"
0.422222222222222	0.0513200239279667	0.422222222222222	0.0513200239279667	1	0	"model107"
0.273333333333333	0.0762998920404035	0.717777777777778	0.0762998920404035	0.555555555555556	0	"model108"
0.522222222222222	0.06478835438717	0.633333333333333	0.06478835438717	0.888888888888889	0	"model109"
-0.0866666666666667	0.0424877937768888	0.824444444444444	0.0424877937768888	0.0888888888888889	0	"model110"
-0.0177777777777778	0.0542311265710315	0.893333333333333	0.0542311265710315	0.0888888888888889	0	"model111"
-0.0222222222222222	0.0637209279040195	0.911111111111111	0.0637209279040195	0.0666666666666667	0	"model112"
0.00222222222222222	0.0369628887403693	0.913333333333333	0.0369628887403693	0.0888888888888889	0	"model113"
-0.0711111111111111	0.042937412581302	0.84	0.042937412581302	0.0888888888888889	0	"model114"
-0.00666666666666667	0.0107343531453255	0.993333333333333	0.0107343531453255	0	0	"model115"
0.402222222222222	0.0758671859500407	0.402222222222222	0.0758671859500407	1	0	"model116"
0	0	1	0	0	0	"model117"
-0.02	0.0126143602710566	0.98	0.0126143602710566	0	0	"model118"
-0.0977777777777778	0.0655879810997886	0.768888888888889	0.0655879810997886	0.133333333333333	0	"model119"
0	0	1	0	0	0	"model120"
0	0	1	0	0	0	"model121"
-0.0911111111111111	0.0507285738318931	0.82	0.0507285738318931	0.0888888888888889	0	"model122"
0.453333333333333	0.0664192941376589	0.453333333333333	0.0664192941376589	1	0	"model123"
0.56	0.0803285434768946	0.715555555555556	0.0803285434768946	0.844444444444444	0	"model124"
-0.0622222222222222	0.0571859527870186	0.848888888888889	0.0571859527870186	0.0888888888888889	0	"model125"
-0.0222222222222222	0.0331269329999969	0.955555555555555	0.0331269329999969	0.0222222222222222	0	"model126"
0.304444444444444	0.0637639680493551	0.304444444444444	0.0637639680493551	1	0	"model127"
-0.00888888888888889	0.0470822180209502	0.902222222222222	0.0470822180209502	0.0888888888888889	0	"model128"
0.00666666666666667	0.0210818510677892	0.94	0.0210818510677892	0.0666666666666667	0	"model129"
-0.0755555555555556	0.0493580185154302	0.835555555555555	0.0493580185154302	0.0888888888888889	0	"model130"
0.00888888888888889	0.0317742379104107	0.942222222222222	0.0317742379104107	0.0666666666666667	0	"model131"
0.515555555555556	0.064406118871953	0.648888888888889	0.0644061188719531	0.866666666666667	0	"model132"
-0.0844444444444444	0.0644061188719531	0.826666666666667	0.064406118871953	0.0888888888888889	0	"model133"
-0.0422222222222222	0.0449965705140369	0.868888888888889	0.0449965705140369	0.0888888888888889	0	"model134"
-0.0533333333333333	0.0421637021355784	0.857777777777778	0.0421637021355784	0.0888888888888889	0	"model135"
-0.0177777777777778	0.0273171687623493	0.893333333333333	0.0273171687623493	0.0888888888888889	0	"model136"
-0.14	0.0695271112904137	0.771111111111111	0.0695271112904137	0.0888888888888889	0	"model137"
-0.0222222222222222	0.0377705149155021	0.888888888888889	0.0377705149155021	0.0888888888888889	0	"model138"
-0.0311111111111111	0.0421637021355784	0.88	0.0421637021355784	0.0888888888888889	0	"model139"
0.0155555555555556	0.0278147901563238	0.948888888888889	0.0278147901563238	0.0666666666666667	0	"model140"
0.00666666666666667	0.0348226941438316	0.917777777777778	0.0348226941438316	0.0888888888888889	0	"model141"
-0.0111111111111111	0.0215961181290567	0.988888888888889	0.0215961181290567	0	0	"model142"
0	0	1	0	0	0	"model143"
0.188888888888889	0.0639358388949336	0.7	0.0639358388949336	0.488888888888889	0	"model144"
0.231111111111111	0.0515334137212625	0.742222222222222	0.0515334137212625	0.488888888888889	0	"model145"
-0.02	0.0163969952749472	0.98	0.0163969952749471	0	0	"model146"
0.477777777777778	0.0435086671276694	0.588888888888889	0.0435086671276694	0.888888888888889	0	"model147"
-0.0777777777777778	0.0447520221244243	0.833333333333333	0.0447520221244243	0.0888888888888889	0	"model148"
-0.0844444444444444	0.0489113304273161	0.826666666666667	0.0489113304273161	0.0888888888888889	0	"model149"
-0.0333333333333333	0.0482903881866863	0.877777777777778	0.0482903881866863	0.0888888888888889	0	"model150"
-0.104444444444444	0.0419680458495268	0.784444444444444	0.0419680458495268	0.111111111111111	0	"model151"
0.32	0.0696453882876632	0.697777777777778	0.0696453882876632	0.622222222222222	0	"model152"
-0.00444444444444444	0.0441968411560779	0.951111111111111	0.0441968411560779	0.0444444444444444	0	"model153"
-0.0733333333333333	0.0419680458495268	0.771111111111111	0.0419680458495268	0.155555555555556	0	"model154"
0	0	1	0	0	0	"model155"
0.437777777777778	0.0687333967979973	0.437777777777778	0.0687333967979973	1	0	"model156"
0.511111111111111	0.0718174793691308	0.644444444444444	0.0718174793691308	0.866666666666667	0	"model157"
0.528888888888889	0.0775481619454957	0.684444444444444	0.0775481619454957	0.844444444444444	0	"model158"
-0.0355555555555556	0.0334565623426258	0.875555555555556	0.0334565623426258	0.0888888888888889	0	"model159"
-0.0955555555555556	0.062019068707954	0.815555555555556	0.062019068707954	0.0888888888888889	0	"model160"
-0.00444444444444444	0.00936971158568409	0.995555555555556	0.0093697115856841	0	0	"model161"
0.0155555555555556	0.0149988568380123	0.971111111111111	0.0149988568380123	0.0444444444444444	0	"model162"
0.431111111111111	0.0394752965762199	0.431111111111111	0.0394752965762199	1	0	"model163"
-0.0133333333333333	0.0482335425069621	0.897777777777778	0.0482335425069621	0.0888888888888889	0	"model164"
0.00666666666666667	0.0593055374851795	0.917777777777778	0.0593055374851795	0.0888888888888889	0	"model165"
-0.0755555555555556	0.036589893437714	0.835555555555555	0.036589893437714	0.0888888888888889	0	"model166"
0.00222222222222222	0.0304515626534733	0.957777777777778	0.0304515626534733	0.0444444444444444	0	"model167"
0.537777777777778	0.05907378381445	0.626666666666667	0.05907378381445	0.911111111111111	0	"model168"
0.453333333333333	0.0594441559933004	0.697777777777778	0.0594441559933004	0.755555555555556	0	"model169"
0.531111111111111	0.0461998996430005	0.686666666666667	0.0461998996430005	0.844444444444444	0	"model170"
-0.0511111111111111	0.040639605109171	0.86	0.040639605109171	0.0888888888888889	0	"model171"
0.195555555555556	0.0403006533592161	0.728888888888889	0.0403006533592161	0.466666666666667	0	"model172"
-0.02	0.0649575148693148	0.891111111111111	0.0649575148693149	0.0888888888888889	0	"model173"
-0.0311111111111111	0.0238881711060698	0.88	0.0238881711060698	0.0888888888888889	0	"model174"
0.0133333333333333	0.0299977136760246	0.946666666666667	0.0299977136760246	0.0666666666666667	0	"model175"
-0.0133333333333333	0.03805994838123	0.92	0.03805994838123	0.0666666666666667	0	"model176"
-0.0933333333333333	0.0542311265710315	0.817777777777778	0.0542311265710315	0.0888888888888889	0	"model177"
0.535555555555556	0.0649575148693148	0.668888888888889	0.0649575148693148	0.866666666666667	0	"model178"
0.0244444444444444	0.0338640872612221	0.957777777777778	0.0338640872612221	0.0666666666666667	0	"model179"
-0.0177777777777778	0.0175291252832581	0.982222222222222	0.0175291252832581	0	0	"model180"
0.468888888888889	0.0649575148693148	0.468888888888889	0.0649575148693148	1	0	"model181"
-0.1	0.0435086671276694	0.788888888888889	0.0435086671276694	0.111111111111111	0	"model182"
-0.0444444444444444	0.0654204508616878	0.866666666666667	0.0654204508616877	0.0888888888888889	0	"model183"
-0.0666666666666667	0.0491351820793393	0.844444444444444	0.0491351820793393	0.0888888888888889	0	"model184"
-0.08	0.0638929145269565	0.831111111111111	0.0638929145269565	0.0888888888888889	0	"model185"
0.00222222222222222	0.0304515626534733	0.957777777777778	0.0304515626534733	0.0444444444444444	0	"model186"
0.535555555555556	0.0596744712922158	0.668888888888889	0.0596744712922158	0.866666666666667	0	"model187"
0	0	1	0	0	0	"model188"
0.426666666666667	0.0669131246852517	0.426666666666667	0.0669131246852517	1	0	"model189"
-0.04	0.0477763422121396	0.871111111111111	0.0477763422121395	0.0888888888888889	0	"model190"
0	0	1	0	0	0	"model191"
0.486666666666667	0.0538758416176835	0.62	0.0538758416176835	0.866666666666667	0	"model192"
0.493333333333333	0.0843274042711568	0.626666666666667	0.0843274042711568	0.866666666666667	0	"model193"
-0.0111111111111111	0.0318604639520097	0.922222222222222	0.0318604639520097	0.0666666666666667	0	"model194"
-0.00888888888888889	0.0114755062109849	0.991111111111111	0.011475506210985	0	0	"model195"
0.484444444444444	0.0500205718996567	0.573333333333333	0.0500205718996567	0.911111111111111	0	"model196"
-0.0133333333333333	0.0459020248439398	0.92	0.0459020248439398	0.0666666666666667	0	"model197"
0.391111111111111	0.0594441559933004	0.413333333333333	0.0594441559933004	0.977777777777778	0	"model198"
-0.00666666666666667	0.0257667068606312	0.948888888888889	0.0257667068606312	0.0444444444444444	0	"model199"
0.491111111111111	0.0847492873183027	0.624444444444444	0.0847492873183027	0.866666666666667	0	"model200"
-0.146666666666667	0.0566073279245713	0.764444444444444	0.0566073279245713	0.0888888888888889	0	"model201"
-0.0111111111111111	0.0188852574577511	0.988888888888889	0.018885257457751	0	0	"model202"
-0.131111111111111	0.0461998996430005	0.735555555555556	0.0461998996430005	0.133333333333333	0	"model203"
0.522222222222222	0.0515866232488301	0.588888888888889	0.0515866232488301	0.933333333333333	0	"model204"
-0.0488888888888889	0.0389153349231517	0.862222222222222	0.0389153349231517	0.0888888888888889	0	"model205"
-0.0177777777777778	0.00936971158568409	0.982222222222222	0.0093697115856841	0	0	"model206"
0.00444444444444444	0.0229510124219699	0.982222222222222	0.0229510124219699	0.0222222222222222	0	"model207"
0	0	1	0	0	0	"model208"
0.00666666666666667	0.0210818510677892	0.962222222222222	0.0210818510677892	0.0444444444444444	0	"model209"
0.535555555555556	0.0744066607635418	0.691111111111111	0.0744066607635418	0.844444444444444	0	"model210"
-0.0133333333333333	0.0621516354471201	0.897777777777778	0.0621516354471201	0.0888888888888889	0	"model211"
0.484444444444444	0.0947453449204117	0.617777777777778	0.0947453449204117	0.866666666666667	0	"model212"
-0.133333333333333	0.0592592592592593	0.777777777777778	0.0592592592592593	0.0888888888888889	0	"model213"
-0.0933333333333333	0.03107581772356	0.817777777777778	0.03107581772356	0.0888888888888889	0	"model214"
0.366666666666667	0.0422287194481162	0.677777777777778	0.0422287194481162	0.688888888888889	0	"model215"
-0.0577777777777778	0.0585138300981674	0.742222222222222	0.0585138300981674	0.2	0	"model216"
0.515555555555556	0.073179786875428	0.626666666666667	0.073179786875428	0.888888888888889	0	"model217"
0.526666666666667	0.0419680458495268	0.66	0.0419680458495268	0.866666666666667	0	"model218"
0	0	1	0	0	0	"model219"
0.466666666666667	0.0534155744513184	0.555555555555556	0.0534155744513184	0.911111111111111	0	"model220"
0.0244444444444444	0.0266048666608414	0.957777777777778	0.0266048666608414	0.0666666666666667	0	"model221"
-0.00444444444444444	0.00936971158568409	0.995555555555556	0.0093697115856841	0	0	"model222"
0.511111111111111	0.0824853979678522	0.666666666666667	0.0824853979678522	0.844444444444444	0	"model223"
0.00888888888888889	0.0317742379104107	0.964444444444444	0.0317742379104107	0.0444444444444444	0	"model224"
0.517777777777778	0.0726152647890517	0.606666666666667	0.0726152647890517	0.911111111111111	0	"model225"
-0.135555555555556	0.0623719538815434	0.775555555555556	0.0623719538815434	0.0888888888888889	0	"model226"
-0.06	0.0637639680493551	0.851111111111111	0.0637639680493551	0.0888888888888889	0	"model227"
-0.00666666666666667	0.0348226941438316	0.926666666666667	0.0348226941438316	0.0666666666666667	0	"model228"
-0.0133333333333333	0.01553790886178	0.986666666666667	0.01553790886178	0	0	"model229"
3.48164422639408e-19	0.0468485579284204	0.911111111111111	0.0468485579284204	0.0888888888888889	0	"model230"
-0.0755555555555556	0.0459020248439398	0.835555555555555	0.0459020248439398	0.0888888888888889	0	"model231"
-0.0266666666666667	0.042937412581302	0.884444444444444	0.042937412581302	0.0888888888888889	0	"model232"
-0.0288888888888889	0.040639605109171	0.882222222222222	0.040639605109171	0.0888888888888889	0	"model233"
0.00222222222222222	0.0266048666608414	0.935555555555556	0.0266048666608414	0.0666666666666667	0	"model234"
0	0	1	0	0	0	"model235"
-0.0888888888888889	0.0733295921230494	0.777777777777778	0.0733295921230494	0.133333333333333	0	"model236"
0.533333333333333	0.0564131341175104	0.555555555555556	0.0564131341175104	0.977777777777778	0	"model237"
-0.0177777777777778	0.0389153349231517	0.915555555555556	0.0389153349231517	0.0666666666666667	0	"model238"
-0.106666666666667	0.0521683462567674	0.782222222222222	0.0521683462567674	0.111111111111111	0	"model239"
-0.0222222222222222	0.020951312035157	0.977777777777778	0.020951312035157	0	0	"model240"
-0.0888888888888889	0.0456623259479183	0.733333333333333	0.0456623259479184	0.177777777777778	0	"model241"
0.435555555555556	0.103279555898864	0.435555555555556	0.103279555898864	1	0	"model242"
0.393333333333333	0.0583730023847275	0.393333333333333	0.0583730023847275	1	0	"model243"
0.00666666666666667	0.0332096470688295	0.94	0.0332096470688295	0.0666666666666667	0	"model244"
-0.0866666666666667	0.0354473662637197	0.824444444444444	0.0354473662637197	0.0888888888888889	0	"model245"
-0.0311111111111111	0.0421637021355784	0.88	0.0421637021355784	0.0888888888888889	0	"model246"
-0.00666666666666667	0.0235411090104751	0.948888888888889	0.0235411090104751	0.0444444444444444	0	"model247"
0.0133333333333333	0.0299977136760246	0.946666666666667	0.0299977136760246	0.0666666666666667	0	"model248"
0.4	0.0637209279040195	0.4	0.0637209279040195	1	0	"model249"
-0.171111111111111	0.0419680458495268	0.74	0.0419680458495268	0.0888888888888889	0	"model250"
0.52	0.0575684717858532	0.675555555555556	0.0575684717858532	0.844444444444444	0	"model251"
0.0622222222222222	0.0532097333216829	0.684444444444444	0.0532097333216829	0.377777777777778	0	"model252"
0.466666666666667	0.0718174793691308	0.488888888888889	0.0718174793691308	0.977777777777778	0	"model253"
-0.0755555555555556	0.0556295803126477	0.835555555555556	0.0556295803126477	0.0888888888888889	0	"model254"
-0.122222222222222	0.0536717657266276	0.788888888888889	0.0536717657266275	0.0888888888888889	0	"model255"
-0.144444444444444	0.0546845298527163	0.766666666666667	0.0546845298527163	0.0888888888888889	0	"model256"
0.00222222222222222	0.0354473662637197	0.935555555555556	0.0354473662637197	0.0666666666666667	0	"model257"
-0.00666666666666667	0.0392662467576254	0.926666666666667	0.0392662467576254	0.0666666666666667	0	"model258"
-0.0111111111111111	0.06478835438717	0.9	0.06478835438717	0.0888888888888889	0	"model259"
-0.0244444444444444	0.0461998996430005	0.886666666666667	0.0461998996430005	0.0888888888888889	0	"model260"
-0.0311111111111111	0.0575684717858532	0.902222222222222	0.0575684717858532	0.0666666666666667	0	"model261"
0.235555555555556	0.0877707451472511	0.235555555555556	0.0877707451472511	1	0	"model262"
-0.00666666666666667	0.0315141442758261	0.926666666666667	0.0315141442758262	0.0666666666666667	0	"model263"
-0.0222222222222222	0.069487640886273	0.733333333333333	0.069487640886273	0.244444444444444	0	"model264"
0.515555555555556	0.0599954273520492	0.604444444444444	0.0599954273520492	0.911111111111111	0	"model265"
0.0844444444444444	0.0477763422121396	0.706666666666667	0.0477763422121396	0.377777777777778	0	"model266"
-0.0222222222222222	0.0234242789642102	0.977777777777778	0.0234242789642102	0	0	"model267"
0.395555555555556	0.0782525193851512	0.395555555555556	0.0782525193851512	1	0	"model268"
-0.0155555555555556	0.0235411090104751	0.917777777777778	0.0235411090104751	0.0666666666666667	0	"model269"
-0.0288888888888889	0.0257667068606312	0.971111111111111	0.0257667068606312	0	0	"model270"
-0.153333333333333	0.0706233270314253	0.735555555555556	0.0706233270314253	0.111111111111111	0	"model271"
0.00888888888888889	0.0238881711060698	0.964444444444444	0.0238881711060698	0.0444444444444444	0	"model272"
0.00444444444444444	0.0466137265853401	0.937777777777778	0.0466137265853401	0.0666666666666667	0	"model273"
-0.0777777777777778	0.0576161080966817	0.833333333333333	0.0576161080966817	0.0888888888888889	0	"model274"
0.00666666666666667	0.0297220779966502	0.962222222222222	0.0297220779966502	0.0444444444444444	0	"model275"
-0.00666666666666667	0.0107343531453255	0.993333333333333	0.0107343531453255	0	0	"model276"
0.0133333333333333	0.0299977136760246	0.968888888888889	0.0299977136760246	0.0444444444444444	0	"model277"
-0.00444444444444444	0.00936971158568409	0.995555555555556	0.0093697115856841	0	0	"model278"
-0.0355555555555556	0.0459020248439398	0.72	0.0459020248439398	0.244444444444444	0	"model279"
-0.0111111111111111	0.0117121394821051	0.988888888888889	0.0117121394821051	0	0	"model280"
0.544444444444444	0.0871748318217764	0.677777777777778	0.0871748318217765	0.866666666666667	0	"model281"
-0.0622222222222222	0.0454213621237212	0.848888888888889	0.0454213621237212	0.0888888888888889	0	"model282"
-0.00666666666666667	0.0235411090104751	0.971111111111111	0.0235411090104751	0.0222222222222222	0	"model283"
0.406666666666667	0.0895346910719515	0.406666666666667	0.0895346910719515	1	0	"model284"
0.313333333333333	0.0780067177297823	0.313333333333333	0.0780067177297823	1	0	"model285"
0.00666666666666667	0.0278147901563238	0.94	0.0278147901563238	0.0666666666666667	0	"model286"
0.00666666666666667	0.0210818510677892	0.94	0.0210818510677892	0.0666666666666667	0	"model287"
0	0	1	0	0	0	"model288"
-0.0466666666666667	0.0304515626534733	0.864444444444444	0.0304515626534733	0.0888888888888889	0	"model289"
-0.157777777777778	0.0773001205818937	0.731111111111111	0.0773001205818937	0.111111111111111	0	"model290"
-0.0622222222222222	0.0389153349231517	0.848888888888889	0.0389153349231517	0.0888888888888889	0	"model291"
0.00222222222222222	0.0437601644081242	0.913333333333333	0.0437601644081243	0.0888888888888889	0	"model292"
-0.0777777777777778	0.0621957615694321	0.833333333333333	0.0621957615694321	0.0888888888888889	0	"model293"
-0.0222222222222222	0.0234242789642102	0.955555555555556	0.0234242789642102	0.0222222222222222	0	"model294"
-0.0888888888888889	0.0592592592592593	0.822222222222222	0.0592592592592592	0.0888888888888889	0	"model295"
-0.02	0.0424877937768888	0.891111111111111	0.0424877937768888	0.0888888888888889	0	"model296"
-0.00666666666666667	0.0107343531453255	0.993333333333333	0.0107343531453255	0	0	"model297"
-0.122222222222222	0.0505117840629106	0.766666666666667	0.0505117840629106	0.111111111111111	0	"model298"
-0.0311111111111111	0.0493580185154302	0.88	0.0493580185154302	0.0888888888888889	0	"model299"
0.491111111111111	0.0398212742391574	0.535555555555556	0.0398212742391574	0.955555555555556	0	"model300"
0	0	1	0	0	0	"model301"
0.513333333333333	0.109594588994621	0.646666666666667	0.109594588994621	0.866666666666667	0	"model302"
-3.47385152327934e-19	0.0296296296296296	0.911111111111111	0.0296296296296296	0.0888888888888889	0	"model303"
0.0155555555555556	0.0210818510677892	0.971111111111111	0.0210818510677892	0.0444444444444444	0	"model304"
-0.0511111111111111	0.040639605109171	0.86	0.040639605109171	0.0888888888888889	0	"model305"
0.522222222222222	0.0639358388949336	0.633333333333333	0.0639358388949336	0.888888888888889	0	"model306"
0.46	0.0864162256775697	0.482222222222222	0.0864162256775697	0.977777777777778	0	"model307"
-0.0111111111111111	0.0471404520791032	0.922222222222222	0.0471404520791032	0.0666666666666667	0	"model308"
-0.108888888888889	0.0485171048705565	0.802222222222222	0.0485171048705565	0.0888888888888889	0	"model309"
-0.0244444444444444	0.0632455532033676	0.886666666666667	0.0632455532033676	0.0888888888888889	0	"model310"
0.542222222222222	0.0575684717858532	0.675555555555556	0.0575684717858532	0.866666666666667	0	"model311"
0.482222222222222	0.0784276203411343	0.571111111111111	0.0784276203411344	0.911111111111111	0	"model312"
-0.00666666666666667	0.0107343531453255	0.993333333333333	0.0107343531453255	0	0	"model313"
0.522222222222222	0.0778659112652912	0.677777777777778	0.0778659112652912	0.844444444444444	0	"model314"
-0.00444444444444444	0.0204208129660596	0.951111111111111	0.0204208129660596	0.0444444444444444	0	"model315"
-0.0133333333333333	0.01553790886178	0.986666666666667	0.01553790886178	0	0	"model316"
0.0311111111111111	0.0317742379104107	0.942222222222222	0.0317742379104107	0.0888888888888889	0	"model317"
-0.14	0.0564617451856578	0.748888888888889	0.0564617451856578	0.111111111111111	0	"model318"
-0.164444444444444	0.0865114152335196	0.724444444444444	0.0865114152335196	0.111111111111111	0	"model319"
0.515555555555556	0.0500205718996567	0.648888888888889	0.0500205718996567	0.866666666666667	0	"model320"
0.195555555555556	0.0635484758208214	0.706666666666667	0.0635484758208214	0.488888888888889	0	"model321"
-0.0222222222222222	0.040572041296679	0.911111111111111	0.040572041296679	0.0666666666666667	0	"model322"
-0.0733333333333333	0.0524306322049967	0.837777777777778	0.0524306322049967	0.0888888888888889	0	"model323"
0.0222222222222222	0.0277159806427699	0.933333333333333	0.02771598064277	0.0888888888888889	0	"model324"
-0.0333333333333333	0.0282065670587552	0.877777777777778	0.0282065670587552	0.0888888888888889	0	"model325"
0.506666666666667	0.072426112957513	0.662222222222222	0.072426112957513	0.844444444444444	0	"model326"
0.00666666666666667	0.0718556700016461	0.762222222222222	0.0718556700016461	0.244444444444444	0	"model327"
0.431111111111111	0.0334565623426258	0.453333333333333	0.0334565623426258	0.977777777777778	0	"model328"
-0.0288888888888889	0.0419680458495268	0.882222222222222	0.0419680458495268	0.0888888888888889	0	"model329"
-0.128888888888889	0.042937412581302	0.782222222222222	0.0429374125813021	0.0888888888888889	0	"model330"
0.235555555555556	0.0926370263754873	0.68	0.0926370263754873	0.555555555555556	0	"model331"
-0.0111111111111111	0.0240027433274365	0.922222222222222	0.0240027433274366	0.0666666666666667	0	"model332"
0.508888888888889	0.0729168871248872	0.642222222222222	0.0729168871248872	0.866666666666667	0	"model333"
0.515555555555556	0.0823522495388877	0.648888888888889	0.0823522495388877	0.866666666666667	0	"model334"
-0.00888888888888889	0.0446906759377729	0.902222222222222	0.0446906759377729	0.0888888888888889	0	"model335"
0.357777777777778	0.0773001205818937	0.668888888888889	0.0773001205818937	0.688888888888889	0	"model336"
-0.00666666666666667	0.0149988568380123	0.971111111111111	0.0149988568380123	0.0222222222222222	0	"model337"
0	0	1	0	0	0	"model338"
-0.06	0.0491909858248415	0.851111111111111	0.0491909858248414	0.0888888888888889	0	"model339"
0.362222222222222	0.0770156665515261	0.362222222222222	0.0770156665515261	1	0	"model340"
-0.0133333333333333	0.0350582505665162	0.897777777777778	0.0350582505665163	0.0888888888888889	0	"model341"
0.34	0.0628975695269742	0.34	0.0628975695269742	1	0	"model342"
0.00222222222222222	0.0194576674615758	0.98	0.0194576674615758	0.0222222222222222	0	"model343"
0.0177777777777778	0.0344265186329548	0.951111111111111	0.0344265186329548	0.0666666666666667	0	"model344"
0.00444444444444444	0.0252287205421132	0.915555555555556	0.0252287205421132	0.0888888888888889	0	"model345"
-0.0333333333333333	0.0471404520791032	0.877777777777778	0.0471404520791032	0.0888888888888889	0	"model346"
0.468888888888889	0.0780067177297823	0.713333333333333	0.0780067177297823	0.755555555555556	0	"model347"
-0.0711111111111111	0.0562182695141045	0.84	0.0562182695141045	0.0888888888888889	0	"model348"
-0.0266666666666667	0.0454213621237212	0.884444444444444	0.0454213621237212	0.0888888888888889	0	"model349"
0.513333333333333	0.0674440274968299	0.624444444444444	0.0674440274968299	0.888888888888889	0	"model350"
0.00888888888888889	0.0238881711060698	0.942222222222222	0.0238881711060698	0.0666666666666667	0	"model351"
-0.00888888888888889	0.01553790886178	0.924444444444444	0.01553790886178	0.0666666666666667	0	"model352"
-0.00666666666666667	0.0419680458495268	0.904444444444444	0.0419680458495268	0.0888888888888889	0	"model353"
0.437777777777778	0.0457223684800325	0.437777777777778	0.0457223684800325	1	0	"model354"
-0.0111111111111111	0.0366647960615247	0.9	0.0366647960615247	0.0888888888888889	0	"model355"
-0.0533333333333333	0.0515334137212625	0.857777777777778	0.0515334137212625	0.0888888888888889	0	"model356"
-0.00444444444444444	0.00936971158568409	0.995555555555556	0.0093697115856841	0	0	"model357"
0.0955555555555555	0.0513734544722954	0.717777777777778	0.0513734544722954	0.377777777777778	0	"model358"
0.544444444444444	0.0742590283546793	0.677777777777778	0.0742590283546794	0.866666666666667	0	"model359"
0.0222222222222222	0.0277159806427699	0.933333333333333	0.02771598064277	0.0888888888888889	0	"model360"
-0.0377777777777778	0.0469070820710743	0.873333333333333	0.0469070820710742	0.0888888888888889	0	"model361"
0.317777777777778	0.0870488565654672	0.673333333333333	0.0870488565654672	0.644444444444444	0	"model362"
0	0	1	0	0	0	"model363"
0.00222222222222222	0.0304515626534733	0.935555555555556	0.0304515626534733	0.0666666666666667	0	"model364"
-0.0133333333333333	0.0317742379104107	0.964444444444444	0.0317742379104107	0.0222222222222222	0	"model365"
0.00444444444444444	0.0273171687623493	0.937777777777778	0.0273171687623493	0.0666666666666667	0	"model366"
-0.00444444444444444	0.0344265186329548	0.906666666666667	0.0344265186329548	0.0888888888888889	0	"model367"
-0.06	0.054483483106469	0.851111111111111	0.054483483106469	0.0888888888888889	0	"model368"
0.295555555555556	0.0363642598774328	0.295555555555556	0.0363642598774328	1	0	"model369"
-0.0311111111111111	0.0260841731283837	0.88	0.0260841731283837	0.0888888888888889	0	"model370"
-0.113333333333333	0.06662550169413	0.731111111111111	0.0666255016941299	0.155555555555556	0	"model371"
-0.0466666666666667	0.0568491373462219	0.864444444444444	0.0568491373462219	0.0888888888888889	0	"model372"
-0.0355555555555556	0.0556295803126477	0.897777777777778	0.0556295803126477	0.0666666666666667	0	"model373"
-0.0533333333333333	0.0334565623426258	0.857777777777778	0.0334565623426258	0.0888888888888889	0	"model374"
0.277777777777778	0.0459617542444106	0.277777777777778	0.0459617542444106	1	0	"model375"
0.0155555555555556	0.0257667068606312	0.948888888888889	0.0257667068606312	0.0666666666666667	0	"model376"
0.488888888888889	0.0534155744513183	0.577777777777778	0.0534155744513184	0.911111111111111	0	"model377"
0.553333333333333	0.0587477927671062	0.664444444444444	0.0587477927671062	0.888888888888889	0	"model378"
-0.00666666666666667	0.0107343531453255	0.993333333333333	0.0107343531453255	0	0	"model379"
-0.06	0.0513734544722954	0.851111111111111	0.0513734544722954	0.0888888888888889	0	"model380"
0.0511111111111111	0.0687333967979973	0.762222222222222	0.0687333967979973	0.288888888888889	0	"model381"
-0.0444444444444444	0.0391963157194754	0.866666666666667	0.0391963157194754	0.0888888888888889	0	"model382"
-0.0666666666666667	0.0513200239279667	0.844444444444444	0.0513200239279667	0.0888888888888889	0	"model383"
0.486666666666667	0.0641072489582779	0.62	0.0641072489582779	0.866666666666667	0	"model384"
0.48	0.0647459952101101	0.502222222222222	0.0647459952101101	0.977777777777778	0	"model385"
0.513333333333333	0.0614859436131767	0.713333333333333	0.0614859436131767	0.8	0	"model386"
0	0	1	0	0	0	"model387"
-0.02	0.0322030594359765	0.913333333333333	0.0322030594359766	0.0666666666666667	0	"model388"
0	0	1	0	0	0	"model389"
0	0.040572041296679	0.933333333333333	0.040572041296679	0.0666666666666667	0	"model390"
-0.0111111111111111	0.0395447342667826	0.9	0.0395447342667826	0.0888888888888889	0	"model391"
-0.0133333333333333	0.0446906759377729	0.92	0.0446906759377729	0.0666666666666667	0	"model392"
-0.00888888888888889	0.0525873758497744	0.924444444444444	0.0525873758497744	0.0666666666666667	0	"model393"
-0.0533333333333333	0.0556295803126477	0.857777777777778	0.0556295803126477	0.0888888888888889	0	"model394"
-0.0266666666666667	0.0327939905498943	0.884444444444444	0.0327939905498943	0.0888888888888889	0	"model395"
0.508888888888889	0.0437601644081242	0.642222222222222	0.0437601644081243	0.866666666666667	0	"model396"
-0.0288888888888889	0.0491909858248415	0.882222222222222	0.0491909858248415	0.0888888888888889	0	"model397"
-0.0622222222222222	0.0403006533592161	0.848888888888889	0.0403006533592161	0.0888888888888889	0	"model398"
-0.0222222222222222	0.0513200239279667	0.888888888888889	0.0513200239279667	0.0888888888888889	0	"model399"
0.0333333333333333	0.0556788754754552	0.722222222222222	0.0556788754754552	0.311111111111111	0	"model400"
-0.0355555555555556	0.0299977136760246	0.875555555555556	0.0299977136760246	0.0888888888888889	0	"model401"
0.00444444444444444	0.0252287205421132	0.96	0.0252287205421132	0.0444444444444444	0	"model402"
0.457777777777778	0.0647459952101101	0.591111111111111	0.0647459952101101	0.866666666666667	0	"model403"
0.462222222222222	0.0466137265853401	0.595555555555556	0.0466137265853401	0.866666666666667	0	"model404"
-0.00222222222222222	0.00702728368926307	0.997777777777778	0.00702728368926308	0	0	"model405"
-0.00444444444444444	0.00936971158568409	0.995555555555556	0.0093697115856841	0	0	"model406"
-0.00222222222222222	0.00702728368926307	0.997777777777778	0.00702728368926308	0	0	"model407"
0.00444444444444444	0.0403006533592161	0.915555555555556	0.0403006533592161	0.0888888888888889	0	"model408"
0.426666666666667	0.0708947325274394	0.426666666666667	0.0708947325274394	1	0	"model409"
-0.106666666666667	0.0739257774807387	0.804444444444445	0.0739257774807387	0.0888888888888889	0	"model410"
0.38	0.0528475821681095	0.668888888888889	0.0528475821681095	0.711111111111111	0	"model411"
0.5	0.0742590283546793	0.544444444444444	0.0742590283546793	0.955555555555556	0	"model412"
-0.0377777777777778	0.0297220779966502	0.873333333333333	0.0297220779966502	0.0888888888888889	0	"model413"
0.511111111111111	0.0870173342553387	0.555555555555556	0.0870173342553388	0.955555555555556	0	"model414"
0.00888888888888889	0.0260841731283837	0.964444444444444	0.0260841731283837	0.0444444444444444	0	"model415"
0.00222222222222222	0.0266048666608414	0.957777777777778	0.0266048666608414	0.0444444444444444	0	"model416"
-0.0688888888888889	0.0449965705140369	0.842222222222222	0.0449965705140368	0.0888888888888889	0	"model417"
-0.0111111111111111	0.0117121394821051	0.988888888888889	0.0117121394821051	0	0	"model418"
-0.157777777777778	0.0449965705140369	0.708888888888889	0.0449965705140369	0.133333333333333	0	"model419"
-0.0133333333333333	0.0299977136760246	0.92	0.0299977136760246	0.0666666666666667	0	"model420"
-0.00666666666666667	0.0419680458495268	0.904444444444444	0.0419680458495268	0.0888888888888889	0	"model421"
-0.0933333333333333	0.0571859527870186	0.817777777777778	0.0571859527870186	0.0888888888888889	0	"model422"
-0.0111111111111111	0.0188852574577511	0.988888888888889	0.018885257457751	0	0	"model423"
-0.0155555555555556	0.0445061300319994	0.895555555555556	0.0445061300319994	0.0888888888888889	0	"model424"
0.00888888888888889	0.0408416259321192	0.92	0.0408416259321192	0.0888888888888889	0	"model425"
0.515555555555556	0.0739257774807387	0.537777777777778	0.0739257774807387	0.977777777777778	0	"model426"
-0.137777777777778	0.0782525193851512	0.751111111111111	0.0782525193851512	0.111111111111111	0	"model427"
0	0	1	0	0	0	"model428"
-0.0355555555555556	0.036589893437714	0.875555555555556	0.036589893437714	0.0888888888888889	0	"model429"
0.04	0.0626790986705368	0.751111111111111	0.0626790986705368	0.288888888888889	0	"model430"
-0.18	0.0758671859500407	0.708888888888889	0.0758671859500407	0.111111111111111	0	"model431"
-0.00222222222222222	0.00702728368926307	0.997777777777778	0.00702728368926308	0	0	"model432"
-0.0288888888888889	0.0257667068606312	0.882222222222222	0.0257667068606312	0.0888888888888889	0	"model433"
-0.06	0.0524306322049967	0.851111111111111	0.0524306322049967	0.0888888888888889	0	"model434"
0.333333333333333	0.069487640886273	0.333333333333333	0.069487640886273	1	0	"model435"
-0.0266666666666667	0.0175291252832581	0.884444444444444	0.0175291252832581	0.0888888888888889	0	"model436"
-0.0622222222222222	0.0477763422121396	0.848888888888889	0.0477763422121396	0.0888888888888889	0	"model437"
0.464444444444444	0.0449965705140368	0.553333333333333	0.0449965705140369	0.911111111111111	0	"model438"
0	0	1	0	0	0	"model439"
0.553333333333333	0.0657967940480073	0.686666666666667	0.0657967940480073	0.866666666666667	0	"model440"
0.0111111111111111	0.0366647960615247	0.922222222222222	0.0366647960615247	0.0888888888888889	0	"model441"
0.56	0.073179786875428	0.715555555555556	0.073179786875428	0.844444444444444	0	"model442"
-0.0511111111111111	0.0348226941438316	0.86	0.0348226941438316	0.0888888888888889	0	"model443"
-0.00222222222222222	0.0369628887403693	0.931111111111111	0.0369628887403693	0.0666666666666667	0	"model444"
0.00222222222222222	0.0496351572377806	0.913333333333333	0.0496351572377806	0.0888888888888889	0	"model445"
0.557777777777778	0.054884840156571	0.713333333333333	0.054884840156571	0.844444444444444	0	"model446"
-0.0222222222222222	0.0181443684650606	0.977777777777778	0.0181443684650606	0	0	"model447"
0.0222222222222222	0.0148148148148148	0.933333333333333	0.0148148148148148	0.0888888888888889	0	"model448"
-0.0488888888888889	0.0500205718996567	0.862222222222222	0.0500205718996567	0.0888888888888889	0	"model449"
0.0133333333333333	0.0187394231713682	0.946666666666667	0.0187394231713682	0.0666666666666667	0	"model450"
0.522222222222222	0.090267093384844	0.611111111111111	0.090267093384844	0.911111111111111	0	"model451"
-0.0133333333333333	0.0394752965762199	0.92	0.0394752965762199	0.0666666666666667	0	"model452"
-0.00444444444444444	0.00936971158568409	0.995555555555556	0.0093697115856841	0	0	"model453"
-0.0488888888888889	0.0571859527870186	0.862222222222222	0.0571859527870186	0.0888888888888889	0	"model454"
-0.0511111111111111	0.0469070820710743	0.86	0.0469070820710743	0.0888888888888889	0	"model455"
-0.02	0.0485171048705565	0.891111111111111	0.0485171048705565	0.0888888888888889	0	"model456"
-0.0111111111111111	0.0117121394821051	0.988888888888889	0.0117121394821051	0	0	"model457"
0.00222222222222222	0.0322030594359765	0.913333333333333	0.0322030594359766	0.0888888888888889	0	"model458"
-0.02	0.0437601644081242	0.913333333333333	0.0437601644081242	0.0666666666666667	0	"model459"
0.537777777777778	0.0500205718996567	0.671111111111111	0.0500205718996567	0.866666666666667	0	"model460"
0.00444444444444444	0.0273171687623493	0.937777777777778	0.0273171687623493	0.0666666666666667	0	"model461"
-0.0688888888888889	0.0485171048705565	0.842222222222222	0.0485171048705565	0.0888888888888889	0	"model462"
-0.04	0.0644061188719531	0.871111111111111	0.0644061188719531	0.0888888888888889	0	"model463"
0.00888888888888889	0.0334565623426258	0.942222222222222	0.0334565623426258	0.0666666666666667	0	"model464"
0.0688888888888889	0.0578062607855605	0.735555555555556	0.0578062607855605	0.333333333333333	0	"model465"
0.0244444444444444	0.0354473662637197	0.957777777777778	0.0354473662637197	0.0666666666666667	0	"model466"
-0.00444444444444444	0.00936971158568409	0.995555555555556	0.0093697115856841	0	0	"model467"
-0.0288888888888889	0.054483483106469	0.882222222222222	0.054483483106469	0.0888888888888889	0	"model468"
-0.0133333333333333	0.0515334137212625	0.897777777777778	0.0515334137212625	0.0888888888888889	0	"model469"
-0.12	0.0482335425069621	0.791111111111111	0.0482335425069621	0.0888888888888889	0	"model470"
-0.08	0.0536206253951225	0.831111111111111	0.0536206253951225	0.0888888888888889	0	"model471"
0	0	1	0	0	0	"model472"
-0.0533333333333333	0.0446906759377729	0.857777777777778	0.0446906759377729	0.0888888888888889	0	"model473"
0.00222222222222222	0.0369628887403693	0.913333333333333	0.0369628887403693	0.0888888888888889	0	"model474"
0.0266666666666667	0.0617974921914495	0.737777777777778	0.0617974921914495	0.288888888888889	0	"model475"
-0.151111111111111	0.0416399091038672	0.76	0.0416399091038673	0.0888888888888889	0	"model476"
0.497777777777778	0.0493580185154302	0.631111111111111	0.0493580185154302	0.866666666666667	0	"model477"
-0.0466666666666667	0.0632455532033676	0.753333333333333	0.0632455532033676	0.2	0	"model478"
0.0111111111111111	0.038131963485137	0.944444444444444	0.0381319634851371	0.0666666666666667	0	"model479"
0.335555555555556	0.0657967940480073	0.713333333333333	0.0657967940480073	0.622222222222222	0	"model480"
0.493333333333333	0.0652524905053192	0.626666666666667	0.0652524905053192	0.866666666666667	0	"model481"
-0.133333333333333	0.048005486654873	0.755555555555556	0.0480054866548731	0.111111111111111	0	"model482"
-0.00444444444444444	0.0204208129660596	0.951111111111111	0.0204208129660596	0.0444444444444444	0	"model483"
-0.0488888888888889	0.0359850601525663	0.862222222222222	0.0359850601525663	0.0888888888888889	0	"model484"
-0.0355555555555556	0.0421637021355784	0.875555555555556	0.0421637021355784	0.0888888888888889	0	"model485"
-0.0355555555555556	0.03805994838123	0.875555555555556	0.03805994838123	0.0888888888888889	0	"model486"
-0.0488888888888889	0.0571859527870186	0.773333333333333	0.0571859527870186	0.177777777777778	0	"model487"
-0.0155555555555556	0.0107343531453255	0.984444444444444	0.0107343531453255	0	0	"model488"
-0.0266666666666667	0.0511057431426973	0.906666666666667	0.0511057431426973	0.0666666666666667	0	"model489"
-0.0688888888888889	0.0496351572377806	0.842222222222222	0.0496351572377806	0.0888888888888889	0	"model490"
-0.0733333333333333	0.0469070820710743	0.837777777777778	0.0469070820710742	0.0888888888888889	0	"model491"
0.424444444444444	0.0787069716097155	0.446666666666667	0.0787069716097155	0.977777777777778	0	"model492"
-0.0111111111111111	0.0117121394821051	0.988888888888889	0.0117121394821051	0	0	"model493"
-0.04	0.0542311265710315	0.871111111111111	0.0542311265710315	0.0888888888888889	0	"model494"
-0.104444444444444	0.0662952617341169	0.806666666666667	0.0662952617341169	0.0888888888888889	0	"model495"
-0.00666666666666667	0.0583730023847275	0.904444444444444	0.0583730023847275	0.0888888888888889	0	"model496"
-0.00666666666666667	0.062019068707954	0.748888888888889	0.062019068707954	0.244444444444444	0	"model497"
-0.0666666666666667	0.0456623259479183	0.844444444444444	0.0456623259479183	0.0888888888888889	0	"model498"
-0.06	0.0602236344420084	0.851111111111111	0.0602236344420084	0.0888888888888889	0	"model499"
-0.106666666666667	0.0489113304273161	0.804444444444444	0.0489113304273161	0.0888888888888889	0	"model500"
-0.0488888888888889	0.042937412581302	0.862222222222222	0.042937412581302	0.0888888888888889	0	"model501"
-0.0466666666666667	0.055875621231544	0.864444444444444	0.055875621231544	0.0888888888888889	0	"model502"
-0.0111111111111111	0.0395447342667826	0.922222222222222	0.0395447342667826	0.0666666666666667	0	"model503"
-0.0844444444444444	0.0609031253069466	0.826666666666667	0.0609031253069466	0.0888888888888889	0	"model504"
-0.124444444444444	0.0696453882876632	0.786666666666667	0.0696453882876631	0.0888888888888889	0	"model505"
-0.0444444444444444	0.048005486654873	0.866666666666667	0.048005486654873	0.0888888888888889	0	"model506"
0.522222222222222	0.0696847693415807	0.655555555555556	0.0696847693415807	0.866666666666667	0	"model507"
-0.02	0.0338640872612221	0.891111111111111	0.0338640872612221	0.0888888888888889	0	"model508"
-0.0222222222222222	0.0583259842519393	0.888888888888889	0.0583259842519393	0.0888888888888889	0	"model509"
-0.0377777777777778	0.0432557076167598	0.895555555555556	0.0432557076167598	0.0666666666666667	0	"model510"
-0.04	0.0581375314676995	0.871111111111111	0.0581375314676995	0.0888888888888889	0	"model511"
-0.106666666666667	0.0609031253069466	0.804444444444444	0.0609031253069466	0.0888888888888889	0	"model512"
0.502222222222222	0.0734790919563689	0.635555555555556	0.0734790919563689	0.866666666666667	0	"model513"
-0.117777777777778	0.0457223684800325	0.748888888888889	0.0457223684800325	0.133333333333333	0	"model514"
-0.0577777777777778	0.0493580185154302	0.853333333333333	0.0493580185154302	0.0888888888888889	0	"model515"
-0.00222222222222222	0.0758671859500407	0.753333333333333	0.0758671859500407	0.244444444444444	0	"model516"
0.00444444444444444	0.0327939905498943	0.915555555555556	0.0327939905498943	0.0888888888888889	0	"model517"
-0.00444444444444444	0.03107581772356	0.928888888888889	0.03107581772356	0.0666666666666667	0	"model518"
-0.0133333333333333	0.0238881711060698	0.964444444444444	0.0238881711060698	0.0222222222222222	0	"model519"
0.52	0.0612624388981788	0.564444444444444	0.0612624388981788	0.955555555555556	0	"model520"
-0.106666666666667	0.0441968411560779	0.804444444444444	0.0441968411560779	0.0888888888888889	0	"model521"
-0.0288888888888889	0.0491909858248415	0.882222222222222	0.0491909858248415	0.0888888888888889	0	"model522"
-0.0244444444444444	0.0304515626534733	0.975555555555556	0.0304515626534733	0	0	"model523"
-0.0355555555555556	0.036589893437714	0.875555555555556	0.036589893437714	0.0888888888888889	0	"model524"
-0.00888888888888889	0.0525873758497744	0.902222222222222	0.0525873758497744	0.0888888888888889	0	"model525"
-0.0444444444444444	0.0502394813564835	0.866666666666667	0.0502394813564835	0.0888888888888889	0	"model526"
0.00444444444444445	0.03107581772356	0.937777777777778	0.03107581772356	0.0666666666666667	0	"model527"
0.453333333333333	0.0612624388981788	0.453333333333333	0.0612624388981788	1	0	"model528"
-0.102222222222222	0.0525873758497744	0.808888888888889	0.0525873758497744	0.0888888888888889	0	"model529"
-0.0422222222222222	0.0304515626534733	0.868888888888889	0.0304515626534733	0.0888888888888889	0	"model530"
-0.0311111111111111	0.0482335425069621	0.902222222222222	0.0482335425069621	0.0666666666666667	0	"model531"
-0.0177777777777778	0.0204208129660596	0.982222222222222	0.0204208129660596	0	0	"model532"
-0.16	0.0359850601525663	0.728888888888889	0.0359850601525663	0.111111111111111	0	"model533"
-0.02	0.0369628887403693	0.891111111111111	0.0369628887403693	0.0888888888888889	0	"model534"
0.473333333333333	0.0564617451856578	0.606666666666667	0.0564617451856578	0.866666666666667	0	"model535"
-0.0222222222222222	0.0148148148148148	0.977777777777778	0.0148148148148148	0	0	"model536"
-0.0133333333333333	0.0434455653292302	0.92	0.0434455653292302	0.0666666666666667	0	"model537"
-0.0155555555555556	0.0332096470688295	0.895555555555556	0.0332096470688295	0.0888888888888889	0	"model538"
0.0111111111111111	0.0482903881866863	0.922222222222222	0.0482903881866863	0.0888888888888889	0	"model539"
-0.00666666666666667	0.0210818510677892	0.926666666666667	0.0210818510677892	0.0666666666666667	0	"model540"
-0.06	0.0392662467576254	0.851111111111111	0.0392662467576254	0.0888888888888889	0	"model541"
0	0	1	0	0	0	"model542"
-0.0577777777777778	0.0525873758497744	0.853333333333333	0.0525873758497744	0.0888888888888889	0	"model543"
0.00444444444444444	0.0175291252832581	0.982222222222222	0.0175291252832581	0.0222222222222222	0	"model544"
0.00666666666666667	0.018294946718857	0.962222222222222	0.018294946718857	0.0444444444444444	0	"model545"
-0.00666666666666667	0.0315141442758261	0.926666666666667	0.0315141442758261	0.0666666666666667	0	"model546"
0.00444444444444444	0.0204208129660596	0.982222222222222	0.0204208129660596	0.0222222222222222	0	"model547"
-0.117777777777778	0.0583730023847275	0.793333333333333	0.0583730023847275	0.0888888888888889	0	"model548"
-0.00222222222222222	0.0285929763935093	0.931111111111111	0.0285929763935093	0.0666666666666667	0	"model549"
-0.04	0.0477763422121396	0.871111111111111	0.0477763422121396	0.0888888888888889	0	"model550"
-0.153333333333333	0.0587477927671062	0.735555555555556	0.0587477927671062	0.111111111111111	0	"model551"
0.566666666666667	0.0536717657266276	0.7	0.0536717657266275	0.866666666666667	0	"model552"
0.497777777777778	0.105902613337253	0.52	0.105902613337253	0.977777777777778	0	"model553"
-0.144444444444444	0.0712421631913753	0.766666666666667	0.0712421631913754	0.0888888888888889	0	"model554"
-0.02	0.0605869779160845	0.913333333333333	0.0605869779160845	0.0666666666666667	0	"model555"
-0.0511111111111111	0.0445061300319994	0.86	0.0445061300319994	0.0888888888888889	0	"model556"
-0.0733333333333333	0.0611279438097119	0.837777777777778	0.0611279438097119	0.0888888888888889	0	"model557"
0.00222222222222222	0.0398212742391574	0.935555555555556	0.0398212742391574	0.0666666666666667	0	"model558"
-0.00222222222222222	0.0266048666608414	0.931111111111111	0.0266048666608415	0.0666666666666667	0	"model559"
-0.0822222222222222	0.0457223684800325	0.828888888888889	0.0457223684800325	0.0888888888888889	0	"model560"
0.515555555555556	0.101457147663786	0.604444444444444	0.101457147663786	0.911111111111111	0	"model561"
0.408888888888889	0.0696453882876632	0.742222222222222	0.0696453882876631	0.666666666666667	0	"model562"
0.0222222222222222	0.0256600119639834	0.955555555555556	0.0256600119639834	0.0666666666666667	0	"model563"
0.0111111111111111	0.038131963485137	0.922222222222222	0.0381319634851371	0.0888888888888889	0	"model564"
-0.0688888888888889	0.0507285738318931	0.842222222222222	0.0507285738318931	0.0888888888888889	0	"model565"
0.493333333333333	0.064406118871953	0.56	0.0644061188719531	0.933333333333333	0	"model566"
-0.0777777777777778	0.0585606974105255	0.833333333333333	0.0585606974105255	0.0888888888888889	0	"model567"
-0.0733333333333333	0.0583730023847275	0.726666666666667	0.0583730023847275	0.2	0	"model568"
0.0133333333333333	0.0299977136760246	0.946666666666667	0.0299977136760246	0.0666666666666667	0	"model569"
-0.00888888888888889	0.01553790886178	0.968888888888889	0.01553790886178	0.0222222222222222	0	"model570"
-0.0511111111111111	0.0710879591941338	0.86	0.0710879591941338	0.0888888888888889	0	"model571"
0.0111111111111111	0.0300890311282813	0.944444444444444	0.0300890311282813	0.0666666666666667	0	"model572"
-0.0222222222222222	0.0534155744513184	0.888888888888889	0.0534155744513184	0.0888888888888889	0	"model573"
-0.0533333333333333	0.0260841731283837	0.857777777777778	0.0260841731283837	0.0888888888888889	0	"model574"
0.508888888888889	0.0632455532033676	0.62	0.0632455532033676	0.888888888888889	0	"model575"
0.52	0.0446906759377729	0.631111111111111	0.0446906759377729	0.888888888888889	0	"model576"
-0.0355555555555556	0.0334565623426258	0.875555555555556	0.0334565623426258	0.0888888888888889	0	"model577"
0.0688888888888889	0.0794010500495503	0.691111111111111	0.0794010500495503	0.377777777777778	0	"model578"
0	0	1	0	0	0	"model579"
-0.06	0.062019068707954	0.851111111111111	0.062019068707954	0.0888888888888889	0	"model580"
-0.0222222222222222	0.0534155744513184	0.888888888888889	0.0534155744513184	0.0888888888888889	0	"model581"
0.00444444444444444	0.0292569150490837	0.96	0.0292569150490837	0.0444444444444444	0	"model582"
0.0111111111111111	0.0366647960615247	0.944444444444444	0.0366647960615247	0.0666666666666667	0	"model583"
-0.148888888888889	0.0611279438097119	0.74	0.0611279438097119	0.111111111111111	0	"model584"
-0.0355555555555556	0.0585138300981674	0.875555555555556	0.0585138300981674	0.0888888888888889	0	"model585"
0.486666666666667	0.0623719538815433	0.553333333333333	0.0623719538815434	0.933333333333333	0	"model586"
-0.0133333333333333	0.0334565623426258	0.92	0.0334565623426258	0.0666666666666667	0	"model587"
0.448888888888889	0.0441968411560779	0.448888888888889	0.0441968411560779	1	0	"model588"
-0.12	0.0575684717858532	0.791111111111111	0.0575684717858532	0.0888888888888889	0	"model589"
-0.115555555555556	0.0746643150717283	0.795555555555556	0.0746643150717283	0.0888888888888889	0	"model590"
-0.00444444444444444	0.00936971158568409	0.995555555555556	0.0093697115856841	0	0	"model591"
-0.0288888888888889	0.0469070820710743	0.882222222222222	0.0469070820710743	0.0888888888888889	0	"model592"
-0.0488888888888889	0.0552336352068363	0.862222222222222	0.0552336352068363	0.0888888888888889	0	"model593"
0.495555555555556	0.0646187510742648	0.628888888888889	0.0646187510742648	0.866666666666667	0	"model594"
3.48299947910968e-19	0.0377705149155021	0.911111111111111	0.0377705149155021	0.0888888888888889	0	"model595"
0.437777777777778	0.0469070820710743	0.437777777777778	0.0469070820710743	1	0	"model596"
-0.0711111111111111	0.0669131246852517	0.84	0.0669131246852516	0.0888888888888889	0	"model597"
0.0133333333333333	0.0299977136760246	0.924444444444444	0.0299977136760246	0.0888888888888889	0	"model598"
0.00666666666666667	0.0348226941438316	0.962222222222222	0.0348226941438316	0.0444444444444444	0	"model599"
-0.0355555555555556	0.0515334137212625	0.875555555555556	0.0515334137212625	0.0888888888888889	0	"model600"
-0.0755555555555556	0.0317742379104107	0.835555555555556	0.0317742379104107	0.0888888888888889	0	"model601"
0	0	1	0	0	0	"model602"
-0.00444444444444444	0.0389153349231517	0.928888888888889	0.0389153349231517	0.0666666666666667	0	"model603"
0.00444444444444444	0.0454213621237212	0.937777777777778	0.0454213621237212	0.0666666666666667	0	"model604"
-0.0111111111111111	0.040908744508101	0.9	0.040908744508101	0.0888888888888889	0	"model605"
-0.0533333333333333	0.0525873758497744	0.857777777777778	0.0525873758497744	0.0888888888888889	0	"model606"
-0.0355555555555556	0.0408416259321192	0.875555555555556	0.0408416259321192	0.0888888888888889	0	"model607"
-0.0355555555555556	0.0317742379104107	0.875555555555556	0.0317742379104107	0.0888888888888889	0	"model608"
-0.0222222222222222	0.0456623259479183	0.888888888888889	0.0456623259479184	0.0888888888888889	0	"model609"
0.511111111111111	0.0670769269491661	0.577777777777778	0.0670769269491661	0.933333333333333	0	"model610"
-0.0644444444444444	0.0528475821681095	0.846666666666667	0.0528475821681095	0.0888888888888889	0	"model611"
-0.113333333333333	0.0568491373462219	0.797777777777778	0.0568491373462219	0.0888888888888889	0	"model612"
-0.0311111111111111	0.0317742379104107	0.88	0.0317742379104107	0.0888888888888889	0	"model613"
-0.00444444444444444	0.03107581772356	0.928888888888889	0.0310758177235601	0.0666666666666667	0	"model614"
-0.00444444444444444	0.0292569150490837	0.906666666666667	0.0292569150490837	0.0888888888888889	0	"model615"
-0.0755555555555556	0.0408416259321192	0.835555555555555	0.0408416259321191	0.0888888888888889	0	"model616"
0.495555555555556	0.0480626020666914	0.495555555555556	0.0480626020666914	1	0	"model617"
-0.0177777777777778	0.0635484758208214	0.915555555555556	0.0635484758208214	0.0666666666666667	0	"model618"
-0.06	0.0432557076167598	0.851111111111111	0.0432557076167598	0.0888888888888889	0	"model619"
-0.0488888888888889	0.0830158561547964	0.706666666666667	0.0830158561547964	0.244444444444444	0	"model620"
-0.0177777777777778	0.0571859527870186	0.893333333333333	0.0571859527870186	0.0888888888888889	0	"model621"
-0.0222222222222222	0.0148148148148148	0.977777777777778	0.0148148148148148	0	0	"model622"
-0.117777777777778	0.040639605109171	0.793333333333333	0.040639605109171	0.0888888888888889	0	"model623"
-0.151111111111111	0.0454213621237212	0.737777777777778	0.0454213621237212	0.111111111111111	0	"model624"
0.493333333333333	0.0599954273520491	0.56	0.0599954273520491	0.933333333333333	0	"model625"
-0.0733333333333333	0.0445061300319994	0.837777777777778	0.0445061300319994	0.0888888888888889	0	"model626"
0.471111111111111	0.072426112957513	0.56	0.072426112957513	0.911111111111111	0	"model627"
-0.1	0.0585606974105255	0.811111111111111	0.0585606974105255	0.0888888888888889	0	"model628"
0.326666666666667	0.0804991288112424	0.704444444444444	0.0804991288112424	0.622222222222222	0	"model629"
-0.133333333333333	0.069487640886273	0.777777777777778	0.069487640886273	0.0888888888888889	0	"model630"
0.0155555555555556	0.0315141442758261	0.948888888888889	0.0315141442758262	0.0666666666666667	0	"model631"
-0.02	0.0322030594359765	0.891111111111111	0.0322030594359765	0.0888888888888889	0	"model632"
-0.0177777777777778	0.0542311265710315	0.893333333333333	0.0542311265710315	0.0888888888888889	0	"model633"
0.5	0.0771580246518506	0.522222222222222	0.0771580246518506	0.977777777777778	0	"model634"
-0.00222222222222222	0.0398212742391574	0.931111111111111	0.0398212742391574	0.0666666666666667	0	"model635"
0.228888888888889	0.0574253257579683	0.74	0.0574253257579683	0.488888888888889	0	"model636"
-0.0533333333333333	0.0493580185154302	0.857777777777778	0.0493580185154302	0.0888888888888889	0	"model637"
0.00444444444444445	0.0374788463427363	0.937777777777778	0.0374788463427363	0.0666666666666667	0	"model638"
-0.1	0.0494135706078753	0.766666666666667	0.0494135706078753	0.133333333333333	0	"model639"
-0.00888888888888889	0.0281091347570523	0.924444444444444	0.0281091347570523	0.0666666666666667	0	"model640"
0.0888888888888889	0.0419026240703139	0.755555555555556	0.0419026240703139	0.333333333333333	0	"model641"
0.513333333333333	0.0596744712922158	0.602222222222222	0.0596744712922158	0.911111111111111	0	"model642"
-0.0333333333333333	0.0471404520791032	0.877777777777778	0.0471404520791032	0.0888888888888889	0	"model643"
0.484444444444444	0.0708947325274394	0.506666666666667	0.0708947325274394	0.977777777777778	0	"model644"
-0.0888888888888889	0.0725774738602423	0.822222222222222	0.0725774738602423	0.0888888888888889	0	"model645"
-0.00444444444444444	0.00936971158568409	0.995555555555556	0.0093697115856841	0	0	"model646"
0.00888888888888889	0.021468706290651	0.964444444444444	0.021468706290651	0.0444444444444444	0	"model647"
-0.135555555555556	0.0605869779160845	0.775555555555556	0.0605869779160845	0.0888888888888889	0	"model648"
-0.106666666666667	0.0500205718996567	0.737777777777778	0.0500205718996567	0.155555555555556	0	"model649"
-0.0911111111111111	0.0398212742391574	0.797777777777778	0.0398212742391574	0.111111111111111	0	"model650"
0.00444444444444444	0.0140545673785261	0.982222222222222	0.0140545673785261	0.0222222222222222	0	"model651"
-0.0622222222222222	0.0542311265710315	0.848888888888889	0.0542311265710315	0.0888888888888889	0	"model652"
0.524444444444444	0.103279555898864	0.68	0.103279555898864	0.844444444444444	0	"model653"
0	0	1	0	0	0	"model654"
-0.00444444444444444	0.0344265186329548	0.928888888888889	0.0344265186329548	0.0666666666666667	0	"model655"
-0.0444444444444444	0.0491351820793393	0.866666666666667	0.0491351820793392	0.0888888888888889	0	"model656"
0.00888888888888889	0.0281091347570523	0.942222222222222	0.0281091347570523	0.0666666666666667	0	"model657"
0.384444444444444	0.0646187510742649	0.74	0.0646187510742648	0.644444444444444	0	"model658"
-0.0755555555555556	0.0621516354471201	0.835555555555556	0.0621516354471201	0.0888888888888889	0	"model659"
-0.00222222222222222	0.00702728368926307	0.997777777777778	0.00702728368926308	0	0	"model660"
-0.131111111111111	0.087300625295325	0.78	0.087300625295325	0.0888888888888889	0	"model661"
-0.0755555555555556	0.0334565623426258	0.835555555555556	0.0334565623426258	0.0888888888888889	0	"model662"
-0.0533333333333333	0.036589893437714	0.857777777777778	0.036589893437714	0.0888888888888889	0	"model663"
0.00222222222222222	0.0163969952749472	0.98	0.0163969952749471	0.0222222222222222	0	"model664"
-0.0644444444444444	0.054884840156571	0.846666666666667	0.054884840156571	0.0888888888888889	0	"model665"
-0.0111111111111111	0.0459617542444106	0.922222222222222	0.0459617542444106	0.0666666666666667	0	"model666"
-0.0533333333333333	0.0594441559933004	0.857777777777778	0.0594441559933004	0.0888888888888889	0	"model667"
-0.00444444444444445	0.0466137265853401	0.906666666666667	0.0466137265853401	0.0888888888888889	0	"model668"
-0.104444444444444	0.0554814320328119	0.762222222222222	0.0554814320328119	0.133333333333333	0	"model669"
-0.126666666666667	0.0502940598422754	0.762222222222222	0.0502940598422754	0.111111111111111	0	"model670"
-0.106666666666667	0.0532097333216829	0.804444444444444	0.0532097333216829	0.0888888888888889	0	"model671"
0.0133333333333333	0.0334565623426258	0.946666666666667	0.0334565623426258	0.0666666666666667	0	"model672"
-0.0577777777777778	0.0470822180209502	0.853333333333333	0.0470822180209502	0.0888888888888889	0	"model673"
-0.0155555555555556	0.0297220779966502	0.962222222222222	0.0297220779966502	0.0222222222222222	0	"model674"
0.00666666666666667	0.0297220779966502	0.962222222222222	0.0297220779966502	0.0444444444444444	0	"model675"
-0.06	0.0491909858248415	0.851111111111111	0.0491909858248415	0.0888888888888889	0	"model676"
-0.00666666666666667	0.0257667068606312	0.926666666666667	0.0257667068606313	0.0666666666666667	0	"model677"
0	0	1	0	0	0	"model678"
-0.0577777777777778	0.0350582505665162	0.853333333333333	0.0350582505665162	0.0888888888888889	0	"model679"
0	0	1	0	0	0	"model680"
0.524444444444444	0.0719701203051326	0.657777777777778	0.0719701203051326	0.866666666666667	0	"model681"
-0.0666666666666667	0.0573775310549247	0.844444444444444	0.0573775310549247	0.0888888888888889	0	"model682"
0.00444444444444444	0.0204208129660596	0.96	0.0204208129660596	0.0444444444444444	0	"model683"
0.0155555555555556	0.040639605109171	0.948888888888889	0.040639605109171	0.0666666666666667	0	"model684"
0.393333333333333	0.0654623736156613	0.393333333333333	0.0654623736156613	1	0	"model685"
0.557777777777778	0.0921917248398345	0.602222222222222	0.0921917248398345	0.955555555555556	0	"model686"
-0.102222222222222	0.0546343375246986	0.808888888888889	0.0546343375246986	0.0888888888888889	0	"model687"
-0.0622222222222222	0.0441968411560779	0.848888888888889	0.0441968411560779	0.0888888888888889	0	"model688"
0.52	0.0482335425069621	0.631111111111111	0.0482335425069621	0.888888888888889	0	"model689"
0.444444444444444	0.0718174793691308	0.733333333333333	0.0718174793691308	0.711111111111111	0	"model690"
0.346666666666667	0.0515334137212625	0.346666666666667	0.0515334137212625	1	0	"model691"
-0.0911111111111111	0.0657967940480073	0.82	0.0657967940480073	0.0888888888888889	0	"model692"
-0.0866666666666667	0.0473726724602059	0.824444444444444	0.0473726724602059	0.0888888888888889	0	"model693"
0.0911111111111111	0.0649575148693148	0.735555555555556	0.0649575148693148	0.355555555555556	0	"model694"
0.455555555555556	0.0704677688534831	0.477777777777778	0.0704677688534831	0.977777777777778	0	"model695"
-0.0333333333333333	0.0422287194481162	0.877777777777778	0.0422287194481162	0.0888888888888889	0	"model696"
0.504444444444444	0.0755773389077612	0.526666666666667	0.0755773389077612	0.977777777777778	0	"model697"
-0.0822222222222222	0.0480626020666914	0.828888888888889	0.0480626020666914	0.0888888888888889	0	"model698"
0	0	1	0	0	0	"model699"
-0.1	0.033538463474583	0.811111111111111	0.033538463474583	0.0888888888888889	0	"model700"
-0.0488888888888889	0.0489113304273161	0.862222222222222	0.0489113304273161	0.0888888888888889	0	"model701"
-0.0155555555555556	0.0363642598774328	0.895555555555556	0.0363642598774328	0.0888888888888889	0	"model702"
-0.0555555555555556	0.0395447342667826	0.855555555555556	0.0395447342667826	0.0888888888888889	0	"model703"
0.175555555555556	0.0690519774010158	0.731111111111111	0.0690519774010158	0.444444444444444	0	"model704"
0	0	1	0	0	0	"model705"
0.00222222222222222	0.0163969952749472	0.98	0.0163969952749471	0.0222222222222222	0	"model706"
0.115555555555556	0.0229510124219699	0.715555555555556	0.0229510124219699	0.4	0	"model707"
0.00666666666666667	0.0210818510677892	0.94	0.0210818510677892	0.0666666666666667	0	"model708"
0	0	1	0	0	0	"model709"
0	0	1	0	0	0	"model710"
0.0622222222222222	0.0644061188719531	0.706666666666667	0.0644061188719531	0.355555555555556	0	"model711"
0	0	1	0	0	0	"model712"
0.0488888888888889	0.0562182695141045	0.715555555555556	0.0562182695141045	0.333333333333333	0	"model713"
0	0	1	0	0	0	"model714"
-0.1	0.0890430761494171	0.722222222222222	0.0890430761494171	0.177777777777778	0	"model715"
-0.0533333333333333	0.0493580185154302	0.857777777777778	0.0493580185154302	0.0888888888888889	0	"model716"
0.515555555555556	0.072426112957513	0.671111111111111	0.072426112957513	0.844444444444444	0	"model717"
0.431111111111111	0.0712036435004321	0.431111111111111	0.0712036435004321	1	0	"model718"
-0.0311111111111111	0.0446906759377729	0.88	0.0446906759377729	0.0888888888888889	0	"model719"
-0.0288888888888889	0.040639605109171	0.882222222222222	0.040639605109171	0.0888888888888889	0	"model720"
0.00222222222222222	0.0266048666608414	0.957777777777778	0.0266048666608414	0.0444444444444444	0	"model721"
0.0111111111111111	0.033538463474583	0.944444444444444	0.033538463474583	0.0666666666666667	0	"model722"
0.391111111111111	0.0858748251626041	0.746666666666667	0.0858748251626041	0.644444444444444	0	"model723"
0.00444444444444444	0.0389153349231517	0.937777777777778	0.0389153349231517	0.0666666666666667	0	"model724"
-0.0222222222222222	0.0468485579284204	0.888888888888889	0.0468485579284204	0.0888888888888889	0	"model725"
-0.0755555555555556	0.0556295803126477	0.835555555555556	0.0556295803126477	0.0888888888888889	0	"model726"
-0.0244444444444444	0.0354473662637197	0.886666666666667	0.0354473662637197	0.0888888888888889	0	"model727"
-0.0133333333333333	0.03805994838123	0.897777777777778	0.03805994838123	0.0888888888888889	0	"model728"
0.0111111111111111	0.0422287194481162	0.922222222222222	0.0422287194481162	0.0888888888888889	0	"model729"
-0.06	0.0432557076167598	0.851111111111111	0.0432557076167598	0.0888888888888889	0	"model730"
-0.06	0.0392662467576254	0.851111111111111	0.0392662467576254	0.0888888888888889	0	"model731"
-0.0555555555555556	0.0459617542444106	0.855555555555556	0.0459617542444106	0.0888888888888889	0	"model732"
0.0244444444444444	0.0304515626534733	0.935555555555556	0.0304515626534733	0.0888888888888889	0	"model733"
0.531111111111111	0.0384186740144887	0.597777777777778	0.0384186740144887	0.933333333333333	0	"model734"
0.0111111111111111	0.038131963485137	0.944444444444444	0.038131963485137	0.0666666666666667	0	"model735"
-0.0266666666666667	0.0609031253069466	0.906666666666667	0.0609031253069466	0.0666666666666667	0	"model736"
-0.0422222222222222	0.0338640872612221	0.868888888888889	0.0338640872612221	0.0888888888888889	0	"model737"
0.26	0.0611279438097119	0.26	0.0611279438097119	1	0	"model738"
-0.0155555555555556	0.0235411090104751	0.984444444444444	0.0235411090104751	0	0	"model739"
0.526666666666667	0.054483483106469	0.704444444444444	0.054483483106469	0.822222222222222	0	"model740"
-0.02	0.0285929763935093	0.913333333333333	0.0285929763935093	0.0666666666666667	0	"model741"
0.153333333333333	0.0568491373462219	0.664444444444444	0.0568491373462219	0.488888888888889	0	"model742"
0.528888888888889	0.0862573429807978	0.662222222222222	0.0862573429807979	0.866666666666667	0	"model743"
-0.108888888888889	0.0632455532033676	0.802222222222222	0.0632455532033676	0.0888888888888889	0	"model744"
-0.0844444444444444	0.042937412581302	0.826666666666667	0.042937412581302	0.0888888888888889	0	"model745"
0	0	1	0	0	0	"model746"
-0.0155555555555556	0.018294946718857	0.984444444444444	0.018294946718857	0	0	"model747"
0.0222222222222222	0.0331269329999969	0.955555555555556	0.0331269329999969	0.0666666666666667	0	"model748"
-0.0488888888888889	0.0327939905498943	0.884444444444444	0.0327939905498943	0.0666666666666667	0	"model749"
0.433333333333333	0.063071801355283	0.433333333333333	0.063071801355283	1	0	"model750"
0.00666666666666667	0.0257667068606312	0.962222222222222	0.0257667068606312	0.0444444444444444	0	"model751"
-0.0222222222222222	0.0181443684650606	0.977777777777778	0.0181443684650606	0	0	"model752"
0	0	1	0	0	0	"model753"
-0.0955555555555556	0.0332096470688295	0.815555555555556	0.0332096470688295	0.0888888888888889	0	"model754"
0.526666666666667	0.0777248497159981	0.682222222222222	0.0777248497159981	0.844444444444444	0	"model755"
-0.0111111111111111	0.0318604639520097	0.922222222222222	0.0318604639520097	0.0666666666666667	0	"model756"
0.462222222222222	0.066088023772431	0.462222222222222	0.066088023772431	1	0	"model757"
-0.0111111111111111	0.033538463474583	0.9	0.033538463474583	0.0888888888888889	0	"model758"
-0.0266666666666667	0.0454213621237212	0.884444444444444	0.0454213621237212	0.0888888888888889	0	"model759"
-0.00444444444444444	0.0344265186329548	0.906666666666667	0.0344265186329548	0.0888888888888889	0	"model760"
0.475555555555556	0.0594441559933004	0.675555555555556	0.0594441559933004	0.8	0	"model761"
0.52	0.0621516354471201	0.675555555555556	0.0621516354471201	0.844444444444444	0	"model762"
0.491111111111111	0.0398212742391574	0.513333333333333	0.0398212742391574	0.977777777777778	0	"model763"
-0.0133333333333333	0.0504574410842264	0.92	0.0504574410842264	0.0666666666666667	0	"model764"
0.468888888888889	0.0528475821681095	0.468888888888889	0.0528475821681095	1	0	"model765"
-0.00222222222222222	0.0411761247694438	0.931111111111111	0.0411761247694438	0.0666666666666667	0	"model766"
0.531111111111111	0.0682527377765301	0.575555555555555	0.06825273777653	0.955555555555556	0	"model767"
-0.142222222222222	0.0630282885516523	0.768888888888889	0.0630282885516523	0.0888888888888889	0	"model768"
0.00666666666666667	0.0332096470688295	0.962222222222222	0.0332096470688295	0.0444444444444444	0	"model769"
-0.108888888888889	0.054884840156571	0.802222222222222	0.054884840156571	0.0888888888888889	0	"model770"
0.0177777777777778	0.0229510124219699	0.973333333333333	0.0229510124219699	0.0444444444444444	0	"model771"
0.415555555555556	0.111382384896782	0.415555555555556	0.111382384896782	1	0	"model772"
0.377777777777778	0.0804650406755572	0.377777777777778	0.0804650406755572	1	0	"model773"
0	0	1	0	0	0	"model774"
-0.0866666666666667	0.0765870045959279	0.824444444444444	0.0765870045959279	0.0888888888888889	0	"model775"
-0.0222222222222222	0.0502394813564835	0.911111111111111	0.0502394813564835	0.0666666666666667	0	"model776"
-0.0866666666666667	0.0538758416176835	0.824444444444444	0.0538758416176835	0.0888888888888889	0	"model777"
-0.00666666666666667	0.0107343531453255	0.993333333333333	0.0107343531453255	0	0	"model778"
0.462222222222222	0.0881450357371468	0.528888888888889	0.0881450357371468	0.933333333333333	0	"model779"
0.0244444444444444	0.0304515626534733	0.935555555555556	0.0304515626534733	0.0888888888888889	0	"model780"
0	0	1	0	0	0	"model781"
0.502222222222222	0.0630282885516523	0.635555555555556	0.0630282885516523	0.866666666666667	0	"model782"
-0.0133333333333333	0.0187394231713682	0.986666666666667	0.0187394231713682	0	0	"model783"
0.126666666666667	0.0432557076167598	0.704444444444444	0.0432557076167598	0.422222222222222	0	"model784"
0.397777777777778	0.0773001205818937	0.397777777777778	0.0773001205818937	1	0	"model785"
-0.0377777777777778	0.0491909858248415	0.873333333333333	0.0491909858248414	0.0888888888888889	0	"model786"
-0.0466666666666667	0.0690519774010158	0.864444444444444	0.0690519774010158	0.0888888888888889	0	"model787"
-0.0222222222222222	0.0314269680527354	0.911111111111111	0.0314269680527355	0.0666666666666667	0	"model788"
0	0	1	0	0	0	"model789"
0	0	1	0	0	0	"model790"
0.286666666666667	0.054884840156571	0.286666666666667	0.054884840156571	1	0	"model791"
0.471111111111111	0.0739257774807387	0.56	0.0739257774807387	0.911111111111111	0	"model792"
0.00888888888888889	0.0281091347570523	0.964444444444444	0.0281091347570523	0.0444444444444444	0	"model793"
-0.113333333333333	0.0780067177297823	0.797777777777778	0.0780067177297823	0.0888888888888889	0	"model794"
-0.00444444444444444	0.00936971158568409	0.995555555555556	0.0093697115856841	0	0	"model795"
-0.102222222222222	0.0493580185154302	0.808888888888889	0.0493580185154301	0.0888888888888889	0	"model796"
0.0222222222222222	0.020951312035157	0.955555555555556	0.020951312035157	0.0666666666666667	0	"model797"
-0.00888888888888889	0.0504574410842264	0.902222222222222	0.0504574410842264	0.0888888888888889	0	"model798"
0.406666666666667	0.0870488565654672	0.406666666666667	0.0870488565654672	1	0	"model799"
0.435555555555556	0.0482335425069621	0.702222222222222	0.0482335425069621	0.733333333333333	0	"model800"
0.377777777777778	0.067076926949166	0.377777777777778	0.067076926949166	1	0	"model801"
0	0	1	0	0	0	"model802"
0.513333333333333	0.0758671859500407	0.668888888888889	0.0758671859500407	0.844444444444444	0	"model803"
-0.0688888888888889	0.055875621231544	0.842222222222222	0.055875621231544	0.0888888888888889	0	"model804"
0.537777777777778	0.0775481619454957	0.693333333333333	0.0775481619454957	0.844444444444444	0	"model805"
-0.0311111111111111	0.0434455653292302	0.88	0.0434455653292302	0.0888888888888889	0	"model806"
-0.00444444444444444	0.0252287205421132	0.928888888888889	0.0252287205421132	0.0666666666666667	0	"model807"
-0.00444444444444444	0.00936971158568409	0.995555555555556	0.0093697115856841	0	0	"model808"
-0.0444444444444444	0.0419026240703139	0.866666666666667	0.0419026240703139	0.0888888888888889	0	"model809"
0.162222222222222	0.0851368623004125	0.673333333333333	0.0851368623004125	0.488888888888889	0	"model810"
-0.0488888888888889	0.0454213621237212	0.862222222222222	0.0454213621237212	0.0888888888888889	0	"model811"
-0.00222222222222222	0.0398212742391574	0.931111111111111	0.0398212742391574	0.0666666666666667	0	"model812"
0.451111111111111	0.0791241492931946	0.451111111111111	0.0791241492931946	1	0	"model813"
-0.115555555555556	0.0252287205421132	0.795555555555556	0.0252287205421132	0.0888888888888889	0	"model814"
-0.0111111111111111	0.0422287194481162	0.944444444444444	0.0422287194481162	0.0444444444444444	0	"model815"
-0.0422222222222222	0.0461998996430005	0.868888888888889	0.0461998996430005	0.0888888888888889	0	"model816"
0.455555555555556	0.0664605868330606	0.588888888888889	0.0664605868330606	0.866666666666667	0	"model817"
0.00444444444444444	0.0292569150490837	0.937777777777778	0.0292569150490837	0.0666666666666667	0	"model818"
-0.00444444444444444	0.0359850601525663	0.906666666666667	0.0359850601525663	0.0888888888888889	0	"model819"
0.00222222222222222	0.024455665213658	0.935555555555556	0.0244556652136581	0.0666666666666667	0	"model820"
-0.0155555555555556	0.0332096470688295	0.94	0.0332096470688295	0.0444444444444444	0	"model821"
-0.133333333333333	0.0748111476915709	0.733333333333333	0.0748111476915709	0.133333333333333	0	"model822"
0.491111111111111	0.0517989147764358	0.58	0.0517989147764358	0.911111111111111	0	"model823"
0.215555555555556	0.0811778855869481	0.726666666666667	0.0811778855869481	0.488888888888889	0	"model824"
-0.1	0.0435086671276694	0.788888888888889	0.0435086671276694	0.111111111111111	0	"model825"
0.397777777777778	0.0641072489582779	0.397777777777778	0.0641072489582779	1	0	"model826"
-0.0155555555555556	0.0611279438097119	0.895555555555556	0.0611279438097119	0.0888888888888889	0	"model827"
0	0	1	0	0	0	"model828"
0.00888888888888889	0.0421637021355784	0.92	0.0421637021355784	0.0888888888888889	0	"model829"
-0.02	0.0528475821681095	0.891111111111111	0.0528475821681095	0.0888888888888889	0	"model830"
-0.0355555555555556	0.0482335425069621	0.875555555555556	0.0482335425069621	0.0888888888888889	0	"model831"
-0.0222222222222222	0.0256600119639834	0.955555555555556	0.0256600119639834	0.0222222222222222	0	"model832"
0.531111111111111	0.0528475821681095	0.664444444444444	0.0528475821681095	0.866666666666667	0	"model833"
-0.0311111111111111	0.0647459952101101	0.88	0.0647459952101101	0.0888888888888889	0	"model834"
-0.0622222222222222	0.0500205718996567	0.848888888888889	0.0500205718996567	0.0888888888888889	0	"model835"
0.133333333333333	0.0811440825933579	0.688888888888889	0.0811440825933579	0.444444444444444	0	"model836"
0.00222222222222222	0.0354473662637197	0.957777777777778	0.0354473662637197	0.0444444444444444	0	"model837"
-0.0555555555555556	0.0515866232488301	0.855555555555556	0.0515866232488301	0.0888888888888889	0	"model838"
-0.0933333333333333	0.05907378381445	0.817777777777778	0.05907378381445	0.0888888888888889	0	"model839"
-0.117777777777778	0.040639605109171	0.771111111111111	0.040639605109171	0.111111111111111	0	"model840"
0.00222222222222222	0.0285929763935093	0.913333333333333	0.0285929763935093	0.0888888888888889	0	"model841"
0	0	1	0	0	0	"model842"
0.00444444444444444	0.0229510124219699	0.96	0.0229510124219699	0.0444444444444444	0	"model843"
0.426666666666667	0.0500205718996567	0.426666666666667	0.0500205718996567	1	0	"model844"
-0.137777777777778	0.0552336352068363	0.751111111111111	0.0552336352068363	0.111111111111111	0	"model845"
-0.0288888888888889	0.0392662467576254	0.882222222222222	0.0392662467576254	0.0888888888888889	0	"model846"
-0.0355555555555556	0.0585138300981674	0.875555555555556	0.0585138300981674	0.0888888888888889	0	"model847"
0.00666666666666667	0.0257667068606312	0.962222222222222	0.0257667068606312	0.0444444444444444	0	"model848"
0.0133333333333333	0.0350582505665162	0.946666666666667	0.0350582505665162	0.0666666666666667	0	"model849"
-0.0111111111111111	0.0515866232488301	0.922222222222222	0.0515866232488301	0.0666666666666667	0	"model850"
0.02	0.0354473662637197	0.953333333333333	0.0354473662637197	0.0666666666666667	0	"model851"
0.424444444444444	0.0384186740144887	0.446666666666667	0.0384186740144887	0.977777777777778	0	"model852"
-0.0622222222222222	0.0532097333216829	0.848888888888889	0.0532097333216829	0.0888888888888889	0	"model853"
-0.0111111111111111	0.0318604639520097	0.966666666666667	0.0318604639520097	0.0222222222222222	0	"model854"
-0.0955555555555556	0.0524306322049967	0.815555555555556	0.0524306322049967	0.0888888888888889	0	"model855"
-0.0777777777777778	0.040908744508101	0.833333333333333	0.040908744508101	0.0888888888888889	0	"model856"
-0.0133333333333333	0.01553790886178	0.986666666666667	0.01553790886178	0	0	"model857"
-0.02	0.0449965705140369	0.891111111111111	0.0449965705140369	0.0888888888888889	0	"model858"
0.502222222222222	0.0742220743696317	0.524444444444444	0.0742220743696317	0.977777777777778	0	"model859"
-0.02	0.0194576674615758	0.913333333333333	0.0194576674615759	0.0666666666666667	0	"model860"
0.455555555555556	0.0806353372484342	0.455555555555556	0.0806353372484342	1	0	"model861"
0.0111111111111111	0.0282065670587552	0.944444444444444	0.0282065670587552	0.0666666666666667	0	"model862"
0	0	1	0	0	0	"model863"
-0.113333333333333	0.055875621231544	0.753333333333333	0.055875621231544	0.133333333333333	0	"model864"
-0.00666666666666667	0.0534669109114625	0.904444444444444	0.0534669109114625	0.0888888888888889	0	"model865"
0.02	0.0194576674615758	0.953333333333333	0.0194576674615758	0.0666666666666667	0	"model866"
-0.00444444444444444	0.00936971158568409	0.995555555555556	0.0093697115856841	0	0	"model867"
-0.00444444444444444	0.0273171687623493	0.906666666666667	0.0273171687623493	0.0888888888888889	0	"model868"
-0.0155555555555556	0.0348226941438316	0.895555555555556	0.0348226941438316	0.0888888888888889	0	"model869"
0.00888888888888889	0.03805994838123	0.92	0.03805994838123	0.0888888888888889	0	"model870"
-0.0422222222222222	0.0507285738318931	0.868888888888889	0.0507285738318931	0.0888888888888889	0	"model871"
-0.0333333333333333	0.0839687707315158	0.744444444444444	0.0839687707315158	0.222222222222222	0	"model872"
0.493333333333333	0.0389153349231517	0.626666666666667	0.0389153349231517	0.866666666666667	0	"model873"
-0.122222222222222	0.040908744508101	0.788888888888889	0.040908744508101	0.0888888888888889	0	"model874"
0.0133333333333333	0.021468706290651	0.968888888888889	0.021468706290651	0.0444444444444444	0	"model875"
0.528888888888889	0.0532097333216829	0.684444444444444	0.0532097333216829	0.844444444444444	0	"model876"
-0.0511111111111111	0.0457223684800325	0.86	0.0457223684800325	0.0888888888888889	0	"model877"
0.526666666666667	0.0432557076167598	0.66	0.0432557076167598	0.866666666666667	0	"model878"
-0.0266666666666667	0.0374788463427363	0.906666666666667	0.0374788463427364	0.0666666666666667	0	"model879"
-0.0133333333333333	0.0350582505665162	0.897777777777778	0.0350582505665162	0.0888888888888889	0	"model880"
-0.0844444444444444	0.0359850601525663	0.826666666666667	0.0359850601525663	0.0888888888888889	0	"model881"
0	0	1	0	0	0	"model882"
0.00222222222222222	0.0411761247694438	0.935555555555555	0.0411761247694439	0.0666666666666667	0	"model883"
0.00222222222222222	0.0266048666608414	0.935555555555556	0.0266048666608414	0.0666666666666667	0	"model884"
-0.0511111111111111	0.0363642598774328	0.86	0.0363642598774328	0.0888888888888889	0	"model885"
0.308888888888889	0.0632455532033676	0.308888888888889	0.0632455532033676	1	0	"model886"
-0.02	0.0587477927671062	0.913333333333333	0.0587477927671062	0.0666666666666667	0	"model887"
-0.137777777777778	0.0739257774807387	0.773333333333333	0.0739257774807387	0.0888888888888889	0	"model888"
-0.00888888888888889	0.0515334137212625	0.902222222222222	0.0515334137212625	0.0888888888888889	0	"model889"
-0.1	0.0459617542444106	0.811111111111111	0.0459617542444106	0.0888888888888889	0	"model890"
0.22	0.0411761247694438	0.731111111111111	0.0411761247694439	0.488888888888889	0	"model891"
-0.0533333333333333	0.0546343375246986	0.857777777777778	0.0546343375246986	0.0888888888888889	0	"model892"
-0.0622222222222222	0.0500205718996567	0.848888888888889	0.0500205718996567	0.0888888888888889	0	"model893"
-0.0866666666666667	0.0605869779160845	0.824444444444444	0.0605869779160845	0.0888888888888889	0	"model894"
-0.0155555555555556	0.0419680458495268	0.94	0.0419680458495268	0.0444444444444444	0	"model895"
0.491111111111111	0.0706233270314253	0.58	0.0706233270314254	0.911111111111111	0	"model896"
0.0177777777777778	0.0204208129660596	0.951111111111111	0.0204208129660596	0.0666666666666667	0	"model897"
0.102222222222222	0.0664192941376589	0.724444444444444	0.066419294137659	0.377777777777778	0	"model898"
0.00666666666666667	0.0210818510677892	0.94	0.0210818510677892	0.0666666666666667	0	"model899"
-0.0333333333333333	0.040908744508101	0.9	0.040908744508101	0.0666666666666667	0	"model900"
0.4	0.040572041296679	0.4	0.040572041296679	1	0	"model901"
-0.00444444444444444	0.0344265186329548	0.951111111111111	0.0344265186329548	0.0444444444444444	0	"model902"
-0.00444444444444444	0.00936971158568409	0.995555555555556	0.0093697115856841	0	0	"model903"
-0.00666666666666667	0.018294946718857	0.948888888888889	0.018294946718857	0.0444444444444444	0	"model904"
-0.0155555555555556	0.0554814320328119	0.917777777777778	0.0554814320328119	0.0666666666666667	0	"model905"
-0.0155555555555556	0.0235411090104751	0.962222222222222	0.0235411090104751	0.0222222222222222	0	"model906"
-0.0777777777777778	0.0664605868330606	0.833333333333333	0.0664605868330606	0.0888888888888889	0	"model907"
0.126666666666667	0.0770156665515261	0.748888888888889	0.0770156665515261	0.377777777777778	0	"model908"
-0.0222222222222222	0.0491351820793393	0.888888888888889	0.0491351820793392	0.0888888888888889	0	"model909"
-0.0244444444444444	0.0538758416176835	0.908888888888889	0.0538758416176835	0.0666666666666667	0	"model910"
-0.0622222222222222	0.0389153349231517	0.848888888888889	0.0389153349231517	0.0888888888888889	0	"model911"
0.0155555555555556	0.0378430808131698	0.948888888888889	0.0378430808131698	0.0666666666666667	0	"model912"
0.00666666666666667	0.0378430808131698	0.94	0.0378430808131698	0.0666666666666667	0	"model913"
-0.0955555555555556	0.0457223684800325	0.815555555555556	0.0457223684800325	0.0888888888888889	0	"model914"
-0.00888888888888889	0.01553790886178	0.991111111111111	0.01553790886178	0	0	"model915"
-0.0244444444444444	0.0568491373462219	0.908888888888889	0.0568491373462219	0.0666666666666667	0	"model916"
0.491111111111111	0.0736655400915664	0.602222222222222	0.0736655400915663	0.888888888888889	0	"model917"
0	0	1	0	0	0	"model918"
-0.0666666666666667	0.0619748167803019	0.844444444444444	0.0619748167803019	0.0888888888888889	0	"model919"
-0.00888888888888889	0.0114755062109849	0.991111111111111	0.011475506210985	0	0	"model920"
0.202222222222222	0.0632455532033676	0.713333333333333	0.0632455532033676	0.488888888888889	0	"model921"
-0.00222222222222222	0.00702728368926307	0.997777777777778	0.00702728368926308	0	0	"model922"
0.0822222222222222	0.0524306322049967	0.726666666666667	0.0524306322049967	0.355555555555556	0	"model923"
0.457777777777778	0.0546343375246986	0.48	0.0546343375246986	0.977777777777778	0	"model924"
0.551111111111111	0.0862573429807979	0.684444444444444	0.0862573429807979	0.866666666666667	0	"model925"
-0.108888888888889	0.0568491373462219	0.802222222222222	0.0568491373462219	0.0888888888888889	0	"model926"
-0.102222222222222	0.0493580185154302	0.808888888888889	0.0493580185154301	0.0888888888888889	0	"model927"
0.213333333333333	0.0994911608318863	0.724444444444444	0.0994911608318863	0.488888888888889	0	"model928"
-0.0288888888888889	0.0491909858248415	0.882222222222222	0.0491909858248415	0.0888888888888889	0	"model929"
0.0111111111111111	0.0300890311282813	0.922222222222222	0.0300890311282814	0.0888888888888889	0	"model930"
-0.0488888888888889	0.0466137265853401	0.862222222222222	0.0466137265853401	0.0888888888888889	0	"model931"
-0.0288888888888889	0.0524306322049967	0.882222222222222	0.0524306322049967	0.0888888888888889	0	"model932"
0.0177777777777778	0.0273171687623493	0.951111111111111	0.0273171687623493	0.0666666666666667	0	"model933"
0.0955555555555556	0.0491909858248415	0.717777777777778	0.0491909858248414	0.377777777777778	0	"model934"
-0.00666666666666667	0.0348226941438316	0.926666666666667	0.0348226941438316	0.0666666666666667	0	"model935"
0.00888888888888889	0.0238881711060698	0.942222222222222	0.0238881711060698	0.0666666666666667	0	"model936"
0.42	0.0706233270314253	0.442222222222222	0.0706233270314253	0.977777777777778	0	"model937"
-0.02	0.055875621231544	0.891111111111111	0.055875621231544	0.0888888888888889	0	"model938"
0.515555555555556	0.0677281745224442	0.604444444444444	0.0677281745224442	0.911111111111111	0	"model939"
0.373333333333333	0.0562182695141045	0.373333333333333	0.0562182695141045	1	0	"model940"
0.54	0.0679304089962097	0.695555555555556	0.0679304089962096	0.844444444444444	0	"model941"
-0.00888888888888889	0.0408416259321192	0.924444444444444	0.0408416259321192	0.0666666666666667	0	"model942"
-0.0111111111111111	0.0117121394821051	0.988888888888889	0.0117121394821051	0	0	"model943"
0.00444444444444444	0.0252287205421132	0.937777777777778	0.0252287205421132	0.0666666666666667	0	"model944"
-0.12	0.0621516354471201	0.768888888888889	0.0621516354471201	0.111111111111111	0	"model945"
0.1	0.0621957615694321	0.722222222222222	0.0621957615694321	0.377777777777778	0	"model946"
-0.00444444444444444	0.0389153349231517	0.928888888888889	0.0389153349231517	0.0666666666666667	0	"model947"
-0.122222222222222	0.0526395200131552	0.788888888888889	0.0526395200131552	0.0888888888888889	0	"model948"
-0.00222222222222222	0.0384186740144887	0.908888888888889	0.0384186740144887	0.0888888888888889	0	"model949"
-0.00666666666666667	0.0574253257579683	0.904444444444444	0.0574253257579683	0.0888888888888889	0	"model950"
0.248888888888889	0.0441968411560779	0.648888888888889	0.0441968411560779	0.6	0	"model951"
0.542222222222222	0.0638929145269565	0.675555555555556	0.0638929145269565	0.866666666666667	0	"model952"
0.386666666666667	0.0680514612021087	0.653333333333333	0.0680514612021088	0.733333333333333	0	"model953"
-0.0355555555555556	0.0281091347570523	0.875555555555556	0.0281091347570523	0.0888888888888889	0	"model954"
-0.02	0.0163969952749472	0.98	0.0163969952749471	0	0	"model955"
-0.0155555555555556	0.0210818510677892	0.895555555555556	0.0210818510677892	0.0888888888888889	0	"model956"
-0.0533333333333333	0.0575684717858532	0.857777777777778	0.0575684717858532	0.0888888888888889	0	"model957"
-0.0422222222222222	0.0649575148693148	0.868888888888889	0.0649575148693148	0.0888888888888889	0	"model958"
0.46	0.0762998920404035	0.593333333333333	0.0762998920404035	0.866666666666667	0	"model959"
-0.0666666666666667	0.0444444444444444	0.844444444444444	0.0444444444444444	0.0888888888888889	0	"model960"
0.24	0.0562182695141045	0.751111111111111	0.0562182695141045	0.488888888888889	0	"model961"
0.415555555555556	0.0748478108389282	0.704444444444444	0.0748478108389282	0.711111111111111	0	"model962"
0.311111111111111	0.0610830463054468	0.311111111111111	0.0610830463054468	1	0	"model963"
-0.0755555555555556	0.0566073279245713	0.835555555555556	0.0566073279245713	0.0888888888888889	0	"model964"
-0.131111111111111	0.0853942683671384	0.757777777777778	0.0853942683671384	0.111111111111111	0	"model965"
0.182222222222222	0.0635484758208214	0.693333333333333	0.0635484758208214	0.488888888888889	0	"model966"
-0.0311111111111111	0.03805994838123	0.88	0.03805994838123	0.0888888888888889	0	"model967"
0	0	1	0	0	0	"model968"
0.473333333333333	0.0662952617341169	0.606666666666667	0.0662952617341169	0.866666666666667	0	"model969"
0.544444444444444	0.0576161080966816	0.588888888888889	0.0576161080966817	0.955555555555556	0	"model970"
-0.106666666666667	0.07611989676246	0.804444444444444	0.07611989676246	0.0888888888888889	0	"model971"
0.517777777777778	0.0838379781743462	0.651111111111111	0.0838379781743461	0.866666666666667	0	"model972"
-0.0222222222222222	0.020951312035157	0.977777777777778	0.0209513120351569	0	0	"model973"
0	0	1	0	0	0	"model974"
-0.00888888888888889	0.0394752965762199	0.902222222222222	0.0394752965762199	0.0888888888888889	0	"model975"
-0.0333333333333333	0.0505117840629106	0.877777777777778	0.0505117840629106	0.0888888888888889	0	"model976"
-0.0311111111111111	0.0470822180209502	0.88	0.0470822180209503	0.0888888888888889	0	"model977"
-0.00666666666666667	0.0469070820710743	0.926666666666667	0.0469070820710743	0.0666666666666667	0	"model978"
-0.0311111111111111	0.0482335425069621	0.88	0.0482335425069621	0.0888888888888889	0	"model979"
-0.02	0.024455665213658	0.891111111111111	0.024455665213658	0.0888888888888889	0	"model980"
0.484444444444444	0.0823522495388877	0.573333333333333	0.0823522495388877	0.911111111111111	0	"model981"
-0.12	0.0536206253951225	0.791111111111111	0.0536206253951225	0.0888888888888889	0	"model982"
0.473333333333333	0.0818510139055483	0.473333333333333	0.0818510139055483	1	0	"model983"
0	0.0181443684650606	0.955555555555556	0.0181443684650606	0.0444444444444444	0	"model984"
0.506666666666667	0.0542311265710315	0.64	0.0542311265710315	0.866666666666667	0	"model985"
0.0177777777777778	0.0229510124219699	0.951111111111111	0.0229510124219699	0.0666666666666667	0	"model986"
-0.00666666666666667	0.0628975695269742	0.926666666666667	0.0628975695269741	0.0666666666666667	0	"model987"
0.344444444444444	0.0422287194481162	0.344444444444444	0.0422287194481162	1	0	"model988"
0	0	1	0	0	0	"model989"
-0.0133333333333333	0.0350582505665162	0.897777777777778	0.0350582505665163	0.0888888888888889	0	"model990"
0.506666666666667	0.0562182695141045	0.551111111111111	0.0562182695141045	0.955555555555556	0	"model991"
-0.0111111111111111	0.0188852574577511	0.988888888888889	0.018885257457751	0	0	"model992"
0.475555555555556	0.0764076856783859	0.52	0.0764076856783859	0.955555555555556	0	"model993"
0.0288888888888889	0.0235411090104751	0.962222222222222	0.0235411090104751	0.0666666666666667	0	"model994"
0.497777777777778	0.0727285197548656	0.608888888888889	0.0727285197548656	0.888888888888889	0	"model995"
0	0	1	0	0	0	"model996"
-0.0577777777777778	0.0525873758497744	0.853333333333333	0.0525873758497744	0.0888888888888889	0	"model997"
0.0133333333333333	0.021468706290651	0.968888888888889	0.021468706290651	0.0444444444444444	0	"model998"
-0.106666666666667	0.0521683462567674	0.76	0.0521683462567675	0.133333333333333	0	"model999"
0.368888888888889	0.0446906759377729	0.368888888888889	0.0446906759377729	1	0	"model1000"
