"TSS.MN"	"TSS.sd"	"speci.MN"	"speci.sd"	"sensi.MN"	"sensi.sd"	"model"
0.807692307692308	0.097638116741845	0.807692307692308	0.097638116741845	1	0	"model1"
0.0615384615384615	0.032433617027368	0.984615384615385	0.032433617027368	0.0769230769230769	0	"model2"
-0.0384615384615385	0.04054202128421	0.961538461538462	0.04054202128421	0	0	"model3"
0.184615384615385	0.115811177339859	0.184615384615385	0.115811177339859	1	0	"model4"
0.669230769230769	0.125876284191114	0.669230769230769	0.125876284191114	1	0	"model5"
0.284615384615385	0.089192446825262	0.284615384615385	0.089192446825262	1	0	"model6"
0.723076923076923	0.10998774661296	0.723076923076923	0.10998774661296	1	0	"model7"
0	0	1	0	0	0	"model8"
0.446153846153846	0.148629505089122	0.446153846153846	0.148629505089122	1	0	"model9"
0.730769230769231	0.0543928293220421	0.961538461538462	0.0543928293220421	0.769230769230769	0	"model10"
0.746153846153846	0.089192446825262	0.746153846153846	0.089192446825262	1	0	"model11"
0.523076923076923	0.144138146898002	0.523076923076923	0.144138146898002	1	0	"model12"
0.438461538461538	0.188596672291623	0.438461538461538	0.188596672291623	1	0	"model13"
0.861538461538462	0.0606777413651243	0.938461538461538	0.0606777413651243	0.923076923076923	0	"model14"
0.576923076923077	0.097638116741845	0.576923076923077	0.097638116741845	1	0	"model15"
0.284615384615385	0.125876284191114	0.284615384615385	0.125876284191114	1	0	"model16"
0.730769230769231	0.104154338520974	0.730769230769231	0.104154338520974	1	0	"model17"
0.353846153846154	0.097300851082104	0.353846153846154	0.097300851082104	1	0	"model18"
0.430769230769231	0.182033224095373	0.430769230769231	0.182033224095373	1	0	"model19"
0.2	0.0902913685213283	0.2	0.0902913685213283	1	0	"model20"
0.215384615384615	0.124563669758883	0.215384615384615	0.124563669758883	1	0	"model21"
0.676923076923077	0.113517659595788	0.676923076923077	0.113517659595788	1	0	"model22"
0.523076923076923	0.15298906554027	0.523076923076923	0.15298906554027	1	0	"model23"
0.661538461538462	0.141374858995797	0.661538461538462	0.141374858995797	1	0	"model24"
0.784615384615385	0.113517659595788	0.784615384615385	0.113517659595788	1	0	"model25"
0.869230769230769	0.0519191198238887	0.946153846153846	0.0519191198238887	0.923076923076923	0	"model26"
0.415384615384615	0.141374858995797	0.415384615384615	0.141374858995797	1	0	"model27"
0.738461538461539	0.103838239647777	0.738461538461539	0.103838239647777	1	0	"model28"
0.7	0.163982327746866	0.7	0.163982327746866	1	0	"model29"
0.923076923076923	0.0725237724293895	0.923076923076923	0.0725237724293895	1	0	"model30"
0.792307692307692	0.089192446825262	0.792307692307692	0.089192446825262	1	0	"model31"
0.430769230769231	0.103838239647777	0.430769230769231	0.103838239647777	1	0	"model32"
0.561538461538462	0.0814884542670292	0.561538461538462	0.0814884542670292	1	0	"model33"
0.838461538461538	0.105409255338946	0.915384615384615	0.105409255338946	0.923076923076923	0	"model34"
0.430769230769231	0.1669622625241	0.430769230769231	0.1669622625241	1	0	"model35"
-0.00769230769230769	0.024325212770526	0.992307692307692	0.024325212770526	0	0	"model36"
0.830769230769231	0.0794458122298957	0.907692307692308	0.0794458122298957	0.923076923076923	0	"model37"
0.346153846153846	0.110286221372341	0.346153846153846	0.110286221372341	1	0	"model38"
0.430769230769231	0.150388495370412	0.430769230769231	0.150388495370412	1	0	"model39"
0.507692307692308	0.154698493630752	0.507692307692308	0.154698493630752	1	0	"model40"
0.415384615384615	0.0743147525445612	0.415384615384615	0.0743147525445612	1	0	"model41"
0.776923076923077	0.0764945327701349	0.776923076923077	0.0764945327701349	1	0	"model42"
0.669230769230769	0.130995279737895	0.669230769230769	0.130995279737895	1	0	"model43"
0.269230769230769	0.12162606385263	0.269230769230769	0.12162606385263	1	0	"model44"
0.353846153846154	0.097300851082104	0.353846153846154	0.097300851082104	1	0	"model45"
0.3	0.155757359471666	0.3	0.155757359471666	1	0	"model46"
0.776923076923077	0.0846542257395855	0.853846153846154	0.0846542257395855	0.923076923076923	0	"model47"
0.569230769230769	0.126657323438241	0.569230769230769	0.126657323438241	1	0	"model48"
0.315384615384615	0.105409255338946	0.315384615384615	0.105409255338946	1	0	"model49"
0.838461538461538	0.0846542257395855	0.915384615384615	0.0846542257395855	0.923076923076923	0	"model50"
0.407692307692308	0.089192446825262	0.407692307692308	0.089192446825262	1	0	"model51"
0.807692307692308	0.097638116741845	0.807692307692308	0.097638116741845	1	0	"model52"
0.361538461538462	0.120540095113263	0.361538461538462	0.120540095113263	1	0	"model53"
0.561538461538462	0.130995279737895	0.561538461538462	0.130995279737895	1	0	"model54"
0.346153846153846	0.126916601751432	0.346153846153846	0.126916601751432	1	0	"model55"
0.507692307692308	0.150388495370412	0.507692307692308	0.150388495370412	1	0	"model56"
0.715384615384615	0.114956470622871	0.715384615384615	0.114956470622871	1	0	"model57"
0.384615384615385	0.140441681411581	0.384615384615385	0.140441681411581	1	0	"model58"
0.707692307692308	0.124563669758883	0.784615384615385	0.124563669758883	0.923076923076923	0	"model59"
0.776923076923077	0.0764945327701349	0.776923076923077	0.0764945327701349	1	0	"model60"
0.838461538461538	0.056758829797894	0.915384615384615	0.056758829797894	0.923076923076923	0	"model61"
0.753846153846154	0.0606777413651243	0.753846153846154	0.0606777413651243	1	0	"model62"
0.715384615384615	0.089192446825262	0.715384615384615	0.089192446825262	1	0	"model63"
0.792307692307692	0.102884116142251	0.792307692307692	0.102884116142251	1	0	"model64"
0.769230769230769	0.102564102564103	0.769230769230769	0.102564102564103	1	0	"model65"
0.261538461538462	0.158891624459791	0.261538461538462	0.158891624459791	1	0	"model66"
0.446153846153846	0.15298906554027	0.446153846153846	0.15298906554027	1	0	"model67"
0.7	0.056758829797894	0.7	0.056758829797894	1	0	"model68"
0.8	0.0826898230594723	0.876923076923077	0.0826898230594723	0.923076923076923	0	"model69"
0.584615384615385	0.145951276623156	0.584615384615385	0.145951276623156	1	0	"model70"
0.715384615384615	0.102884116142251	0.715384615384615	0.102884116142251	1	0	"model71"
0.492307692307692	0.170854679476489	0.492307692307692	0.170854679476489	1	0	"model72"
0.661538461538462	0.0397229061149478	0.969230769230769	0.0397229061149478	0.692307692307692	0	"model73"
0.361538461538462	0.145274004863747	0.361538461538462	0.145274004863747	1	0	"model74"
0.823076923076923	0.089192446825262	0.9	0.089192446825262	0.923076923076923	0	"model75"
0.446153846153846	0.0706874294978986	0.446153846153846	0.0706874294978986	1	0	"model76"
0.315384615384615	0.137842872366314	0.315384615384615	0.137842872366314	1	0	"model77"
0.723076923076923	0.170854679476489	0.723076923076923	0.170854679476489	1	0	"model78"
0.284615384615385	0.120540095113263	0.284615384615385	0.120540095113263	1	0	"model79"
0	0	1	0	0	0	"model80"
0.738461538461539	0.103838239647777	0.738461538461539	0.103838239647777	1	0	"model81"
0.723076923076923	0.103838239647777	0.723076923076923	0.103838239647777	1	0	"model82"
0.353846153846154	0.131745975165796	0.353846153846154	0.131745975165796	1	0	"model83"
0.623076923076923	0.122702421682107	0.623076923076923	0.122702421682107	1	0	"model84"
0.515384615384615	0.114956470622871	0.515384615384615	0.114956470622871	1	0	"model85"
0.4	0.113517659595788	0.4	0.113517659595788	1	0	"model86"
0.815384615384615	0.103838239647777	0.815384615384615	0.103838239647777	1	0	"model87"
0.707692307692308	0.124563669758883	0.707692307692308	0.124563669758883	1	0	"model88"
0.738461538461539	0.10998774661296	0.738461538461539	0.10998774661296	1	0	"model89"
0.438461538461538	0.120540095113263	0.438461538461538	0.120540095113263	1	0	"model90"
0.153846153846154	0.125614858604266	0.153846153846154	0.125614858604266	1	0	"model91"
0.546153846153846	0.155757359471666	0.546153846153846	0.155757359471666	1	0	"model92"
0.676923076923077	0.107570138273862	0.676923076923077	0.107570138273862	1	0	"model93"
0.761538461538462	0.0846542257395855	0.838461538461538	0.0846542257395855	0.923076923076923	0	"model94"
0.823076923076923	0.089192446825262	0.9	0.089192446825262	0.923076923076923	0	"model95"
0.792307692307692	0.0814884542670293	0.869230769230769	0.0814884542670292	0.923076923076923	0	"model96"
0.438461538461538	0.170276489393682	0.438461538461538	0.170276489393682	1	0	"model97"
0.692307692307692	0.173905897003212	0.692307692307692	0.173905897003212	1	0	"model98"
0.815384615384615	0.097300851082104	0.892307692307692	0.097300851082104	0.923076923076923	0	"model99"
0.476923076923077	0.107570138273862	0.476923076923077	0.107570138273862	1	0	"model100"
0.338461538461538	0.115811177339859	0.338461538461538	0.115811177339859	1	0	"model101"
0.323076923076923	0.148629505089122	0.323076923076923	0.148629505089122	1	0	"model102"
0.7	0.105409255338946	0.7	0.105409255338946	1	0	"model103"
0.8	0.0826898230594723	0.876923076923077	0.0826898230594723	0.923076923076923	0	"model104"
0.492307692307692	0.141374858995797	0.492307692307692	0.141374858995797	1	0	"model105"
0.830769230769231	0.0706874294978986	0.907692307692308	0.0706874294978986	0.923076923076923	0	"model106"
0.269230769230769	0.154910845815315	0.269230769230769	0.154910845815315	1	0	"model107"
0.876923076923077	0.0537850691369309	0.953846153846154	0.0537850691369308	0.923076923076923	0	"model108"
0.546153846153846	0.117221840519615	0.546153846153846	0.117221840519615	1	0	"model109"
0	0	1	0	0	0	"model110"
0.846153846153846	0.0512820512820513	0.923076923076923	0.0512820512820513	0.923076923076923	0	"model111"
0.346153846153846	0.110286221372341	0.346153846153846	0.110286221372341	1	0	"model112"
0.646153846153846	0.10998774661296	0.646153846153846	0.10998774661296	1	0	"model113"
0.169230769230769	0.0873301864919303	0.169230769230769	0.0873301864919303	1	0	"model114"
0.769230769230769	0.102564102564103	0.846153846153846	0.102564102564103	0.923076923076923	0	"model115"
0.653846153846154	0.104154338520974	0.653846153846154	0.104154338520974	1	0	"model116"
0.838461538461538	0.0989756875159938	0.915384615384615	0.0989756875159938	0.923076923076923	0	"model117"
0.8	0.103838239647777	0.8	0.103838239647777	1	0	"model118"
0.384615384615385	0.120267070764703	0.384615384615385	0.120267070764703	1	0	"model119"
0.338461538461538	0.131745975165796	0.338461538461538	0.131745975165796	1	0	"model120"
0.807692307692308	0.0653720450460614	0.884615384615385	0.0653720450460614	0.923076923076923	0	"model121"
0.215384615384615	0.032433617027368	0.984615384615385	0.032433617027368	0.230769230769231	0	"model122"
0.792307692307692	0.089192446825262	0.792307692307692	0.089192446825262	1	0	"model123"
0.776923076923077	0.0673534642900702	0.853846153846154	0.0673534642900702	0.923076923076923	0	"model124"
0	0	1	0	0	0	"model125"
0.684615384615385	0.142532739586536	0.684615384615385	0.142532739586536	1	0	"model126"
0.692307692307692	0.130744090092123	0.692307692307692	0.130744090092123	1	0	"model127"
0.815384615384615	0.141374858995797	0.815384615384615	0.141374858995797	1	0	"model128"
0.476923076923077	0.201245301234344	0.476923076923077	0.201245301234344	1	0	"model129"
0.892307692307692	0.0537850691369309	0.969230769230769	0.0537850691369308	0.923076923076923	0	"model130"
0.376923076923077	0.092093769210605	0.376923076923077	0.092093769210605	1	0	"model131"
0.392307692307692	0.132987717742461	0.392307692307692	0.132987717742461	1	0	"model132"
0.823076923076923	0.0814884542670293	0.9	0.0814884542670292	0.923076923076923	0	"model133"
0.615384615384615	0.108785658644084	0.615384615384615	0.108785658644084	1	0	"model134"
0.384615384615385	0.130744090092123	0.384615384615385	0.130744090092123	1	0	"model135"
-0.0307692307692308	0.0397229061149479	0.969230769230769	0.0397229061149478	0	0	"model136"
0.569230769230769	0.121355482730249	0.569230769230769	0.121355482730249	1	0	"model137"
0.638461538461538	0.162370668707565	0.638461538461538	0.162370668707565	1	0	"model138"
0.807692307692308	0.0830864192103572	0.807692307692308	0.0830864192103572	1	0	"model139"
0	0	1	0	0	0	"model140"
0.869230769230769	0.0633286617191204	0.946153846153846	0.0633286617191204	0.923076923076923	0	"model141"
0	0	1	0	0	0	"model142"
0.715384615384615	0.102884116142251	0.715384615384615	0.102884116142251	1	0	"model143"
0.884615384615385	0.0543928293220421	0.961538461538462	0.0543928293220421	0.923076923076923	0	"model144"
0.776923076923077	0.092093769210605	0.853846153846154	0.092093769210605	0.923076923076923	0	"model145"
0.284615384615385	0.109087422493244	0.284615384615385	0.109087422493244	1	0	"model146"
0.838461538461538	0.056758829797894	0.915384615384615	0.056758829797894	0.923076923076923	0	"model147"
0.2	0.097300851082104	0.2	0.097300851082104	1	0	"model148"
0	0	1	0	0	0	"model149"
0.269230769230769	0.0830864192103572	0.269230769230769	0.0830864192103572	1	0	"model150"
0	0	1	0	0	0	"model151"
0.792307692307692	0.0633286617191204	0.792307692307692	0.0633286617191204	1	0	"model152"
0.8	0.103838239647777	0.876923076923077	0.103838239647777	0.923076923076923	0	"model153"
0.815384615384615	0.0826898230594723	0.892307692307692	0.0826898230594723	0.923076923076923	0	"model154"
0.776923076923077	0.0764945327701349	0.853846153846154	0.0764945327701349	0.923076923076923	0	"model155"
0.653846153846154	0.097638116741845	0.653846153846154	0.097638116741845	1	0	"model156"
0.853846153846154	0.056758829797894	0.930769230769231	0.056758829797894	0.923076923076923	0	"model157"
0.392307692307692	0.0436650932459651	0.392307692307692	0.0436650932459651	1	0	"model158"
0.730769230769231	0.0906547155367369	0.730769230769231	0.0906547155367369	1	0	"model159"
0.369230769230769	0.169308451479171	0.369230769230769	0.169308451479171	1	0	"model160"
0.853846153846154	0.0436650932459651	0.930769230769231	0.0436650932459651	0.923076923076923	0	"model161"
0.330769230769231	0.102884116142251	0.330769230769231	0.102884116142251	1	0	"model162"
0.423076923076923	0.12162606385263	0.423076923076923	0.12162606385263	1	0	"model163"
0.715384615384615	0.089192446825262	0.715384615384615	0.089192446825262	1	0	"model164"
0.569230769230769	0.136645257379223	0.569230769230769	0.136645257379223	1	0	"model165"
0.369230769230769	0.161355207410793	0.369230769230769	0.161355207410793	1	0	"model166"
0	0	1	0	0	0	"model167"
0.315384615384615	0.0989756875159937	0.315384615384615	0.0989756875159937	1	0	"model168"
0.438461538461538	0.125876284191114	0.438461538461538	0.125876284191114	1	0	"model169"
0.161538461538462	0.122702421682107	0.161538461538462	0.122702421682107	1	0	"model170"
0.661538461538462	0.0537850691369308	0.969230769230769	0.0537850691369308	0.692307692307692	0	"model171"
0.3	0.147073132304615	0.3	0.147073132304615	1	0	"model172"
0.346153846153846	0.0830864192103572	0.346153846153846	0.0830864192103572	1	0	"model173"
0.107692307692308	0.0537850691369309	0.107692307692308	0.0537850691369309	1	0	"model174"
0.353846153846154	0.136645257379223	0.353846153846154	0.136645257379223	1	0	"model175"
0.861538461538462	0.101273936708367	0.861538461538462	0.101273936708367	1	0	"model176"
0	0	1	0	0	0	"model177"
0.784615384615385	0.113517659595788	0.784615384615385	0.113517659595788	1	0	"model178"
0.792307692307692	0.0519191198238887	0.869230769230769	0.0519191198238887	0.923076923076923	0	"model179"
0.476923076923077	0.13470692858014	0.476923076923077	0.13470692858014	1	0	"model180"
0.823076923076923	0.0519191198238887	0.9	0.0519191198238887	0.923076923076923	0	"model181"
0.407692307692308	0.109087422493244	0.407692307692308	0.109087422493244	1	0	"model182"
0.430769230769231	0.126657323438241	0.430769230769231	0.126657323438241	1	0	"model183"
0.830769230769231	0.119168718344844	0.830769230769231	0.119168718344844	1	0	"model184"
0.269230769230769	0.146176336551172	0.269230769230769	0.146176336551172	1	0	"model185"
-0.00769230769230769	0.024325212770526	0.992307692307692	0.024325212770526	0	0	"model186"
0.384615384615385	0.191879865988407	0.384615384615385	0.191879865988407	1	0	"model187"
0.407692307692308	0.109087422493244	0.407692307692308	0.109087422493244	1	0	"model188"
0.761538461538462	0.132987717742461	0.838461538461538	0.132987717742461	0.923076923076923	0	"model189"
0.815384615384615	0.0902913685213283	0.815384615384615	0.0902913685213283	1	0	"model190"
0.623076923076923	0.111472128816842	0.623076923076923	0.111472128816842	1	0	"model191"
-0.00769230769230769	0.024325212770526	0.992307692307692	0.024325212770526	0	0	"model192"
0.784615384615385	0.0945594303312091	0.861538461538462	0.0945594303312091	0.923076923076923	0	"model193"
0.369230769230769	0.216966110782627	0.369230769230769	0.216966110782627	1	0	"model194"
0.853846153846154	0.056758829797894	0.930769230769231	0.056758829797894	0.923076923076923	0	"model195"
0.584615384615385	0.145951276623156	0.584615384615385	0.145951276623156	1	0	"model196"
0.376923076923077	0.122702421682107	0.376923076923077	0.122702421682107	1	0	"model197"
0.369230769230769	0.0945594303312091	0.369230769230769	0.0945594303312091	1	0	"model198"
0.792307692307692	0.0814884542670293	0.869230769230769	0.0814884542670292	0.923076923076923	0	"model199"
0.715384615384615	0.0519191198238887	0.792307692307692	0.0519191198238887	0.923076923076923	0	"model200"
0.892307692307692	0.0397229061149479	0.969230769230769	0.0397229061149478	0.923076923076923	0	"model201"
0	0	1	0	0	0	"model202"
0.369230769230769	0.101273936708367	0.369230769230769	0.101273936708367	1	0	"model203"
0.323076923076923	0.139502261628056	0.323076923076923	0.139502261628056	1	0	"model204"
0.407692307692308	0.13592162339178	0.407692307692308	0.13592162339178	1	0	"model205"
0.861538461538462	0.0606777413651243	0.938461538461538	0.0606777413651243	0.923076923076923	0	"model206"
0.123076923076923	0.103838239647777	0.123076923076923	0.103838239647777	1	0	"model207"
0.369230769230769	0.144138146898002	0.369230769230769	0.144138146898002	1	0	"model208"
0.192307692307692	0.141607192528042	0.192307692307692	0.141607192528042	1	0	"model209"
0.430769230769231	0.145951276623156	0.430769230769231	0.145951276623156	1	0	"model210"
0.646153846153846	0.097300851082104	0.646153846153846	0.097300851082104	1	0	"model211"
-0.0307692307692308	0.0397229061149479	0.969230769230769	0.0397229061149478	0	0	"model212"
0.8	0.141374858995797	0.876923076923077	0.141374858995797	0.923076923076923	0	"model213"
0.915384615384615	0.056758829797894	0.915384615384615	0.056758829797894	1	0	"model214"
0.476923076923077	0.13470692858014	0.476923076923077	0.13470692858014	1	0	"model215"
0.707692307692308	0.124563669758883	0.707692307692308	0.124563669758883	1	0	"model216"
0.453846153846154	0.186493297907366	0.453846153846154	0.186493297907366	1	0	"model217"
0.830769230769231	0.0794458122298957	0.907692307692308	0.0794458122298957	0.923076923076923	0	"model218"
0.376923076923077	0.127948461024355	0.376923076923077	0.127948461024355	1	0	"model219"
0	0	1	0	0	0	"model220"
0	0	1	0	0	0	"model221"
0.853846153846154	0.056758829797894	0.853846153846154	0.056758829797894	1	0	"model222"
0.161538461538462	0.111472128816842	0.161538461538462	0.111472128816842	1	0	"model223"
0.330769230769231	0.120540095113263	0.330769230769231	0.120540095113263	1	0	"model224"
0.469230769230769	0.117221840519615	0.469230769230769	0.117221840519615	1	0	"model225"
0.376923076923077	0.147073132304615	0.376923076923077	0.147073132304615	1	0	"model226"
0.861538461538462	0.101273936708367	0.861538461538462	0.101273936708367	1	0	"model227"
0.453846153846154	0.127948461024355	0.453846153846154	0.127948461024355	1	0	"model228"
0.592307692307692	0.162370668707565	0.592307692307692	0.162370668707565	1	0	"model229"
0.823076923076923	0.0519191198238887	0.976923076923077	0.0519191198238887	0.846153846153846	0	"model230"
0.769230769230769	0.108785658644084	0.769230769230769	0.108785658644084	1	0	"model231"
0.415384615384615	0.131745975165796	0.415384615384615	0.131745975165796	1	0	"model232"
0.346153846153846	0.131995258217782	0.346153846153846	0.131995258217782	1	0	"model233"
0.753846153846154	0.0945594303312091	0.830769230769231	0.0945594303312091	0.923076923076923	0	"model234"
0.284615384615385	0.19205111088281	0.284615384615385	0.19205111088281	1	0	"model235"
0.453846153846154	0.0673534642900702	0.453846153846154	0.0673534642900702	1	0	"model236"
0.707692307692308	0.113517659595788	0.707692307692308	0.113517659595788	1	0	"model237"
0.238461538461538	0.127948461024355	0.238461538461538	0.127948461024355	1	0	"model238"
0.576923076923077	0.136885618615786	0.576923076923077	0.136885618615786	1	0	"model239"
0.823076923076923	0.0962819659257364	0.9	0.0962819659257363	0.923076923076923	0	"model240"
0.215384615384615	0.129734468109472	0.215384615384615	0.129734468109472	1	0	"model241"
0	0	1	0	0	0	"model242"
0.884615384615385	0.0747557935236577	0.961538461538462	0.0747557935236577	0.923076923076923	0	"model243"
0.376923076923077	0.147073132304615	0.376923076923077	0.147073132304615	1	0	"model244"
0.846153846153846	0.0512820512820513	0.923076923076923	0.0512820512820513	0.923076923076923	0	"model245"
0.815384615384615	0.064867234054736	0.892307692307692	0.064867234054736	0.923076923076923	0	"model246"
0.553846153846154	0.124563669758883	0.553846153846154	0.124563669758883	1	0	"model247"
0.430769230769231	0.0397229061149479	0.430769230769231	0.0397229061149479	1	0	"model248"
0.730769230769231	0.131995258217782	0.730769230769231	0.131995258217782	1	0	"model249"
0.453846153846154	0.0989756875159937	0.453846153846154	0.0989756875159937	1	0	"model250"
0.246153846153846	0.139502261628056	0.246153846153846	0.139502261628056	1	0	"model251"
0.892307692307692	0.103838239647777	0.892307692307692	0.103838239647777	1	0	"model252"
0.707692307692308	0.119168718344844	0.707692307692308	0.119168718344844	1	0	"model253"
0.846153846153846	0.08108404256842	0.846153846153846	0.08108404256842	1	0	"model254"
0.338461538461538	0.162976908534058	0.338461538461538	0.162976908534058	1	0	"model255"
0.215384615384615	0.107570138273862	0.215384615384615	0.107570138273862	1	0	"model256"
0.338461538461538	0.136645257379223	0.338461538461538	0.136645257379223	1	0	"model257"
0.384615384615385	0.120267070764703	0.384615384615385	0.120267070764703	1	0	"model258"
0.638461538461538	0.14067555614713	0.638461538461538	0.14067555614713	1	0	"model259"
0.338461538461538	0.154698493630752	0.338461538461538	0.154698493630752	1	0	"model260"
-0.0307692307692308	0.0397229061149479	0.969230769230769	0.0397229061149478	0	0	"model261"
0.446153846153846	0.107570138273862	0.446153846153846	0.107570138273862	1	0	"model262"
0.653846153846154	0.12162606385263	0.653846153846154	0.12162606385263	1	0	"model263"
0.792307692307692	0.102884116142251	0.869230769230769	0.102884116142251	0.923076923076923	0	"model264"
0.715384615384615	0.0633286617191204	0.715384615384615	0.0633286617191204	1	0	"model265"
0.707692307692308	0.107570138273862	0.707692307692308	0.107570138273862	1	0	"model266"
0.676923076923077	0.124563669758883	0.676923076923077	0.124563669758883	1	0	"model267"
0.653846153846154	0.097638116741845	0.653846153846154	0.097638116741845	1	0	"model268"
0.853846153846154	0.0673534642900702	0.930769230769231	0.0673534642900702	0.923076923076923	0	"model269"
0.330769230769231	0.089192446825262	0.330769230769231	0.089192446825262	1	0	"model270"
0.353846153846154	0.121355482730249	0.353846153846154	0.121355482730249	1	0	"model271"
0.338461538461538	0.115811177339859	0.338461538461538	0.115811177339859	1	0	"model272"
0.353846153846154	0.115811177339859	0.353846153846154	0.115811177339859	1	0	"model273"
0.238461538461538	0.105409255338946	0.238461538461538	0.105409255338946	1	0	"model274"
0.215384615384615	0.0706874294978986	0.215384615384615	0.0706874294978986	1	0	"model275"
-0.00769230769230769	0.024325212770526	0.992307692307692	0.024325212770526	0	0	"model276"
0.869230769230769	0.0814884542670293	0.946153846153846	0.0814884542670292	0.923076923076923	0	"model277"
0	0	1	0	0	0	"model278"
0.715384615384615	0.109087422493244	0.715384615384615	0.109087422493244	1	0	"model279"
0.2	0.097300851082104	0.2	0.097300851082104	1	0	"model280"
0.815384615384615	0.064867234054736	0.892307692307692	0.064867234054736	0.923076923076923	0	"model281"
0.553846153846154	0.113517659595788	0.553846153846154	0.113517659595788	1	0	"model282"
0.730769230769231	0.136885618615786	0.807692307692308	0.136885618615786	0.923076923076923	0	"model283"
0.838461538461538	0.0989756875159938	0.915384615384615	0.0989756875159938	0.923076923076923	0	"model284"
0.753846153846154	0.101273936708367	0.753846153846154	0.101273936708367	1	0	"model285"
-0.00769230769230769	0.024325212770526	0.992307692307692	0.024325212770526	0	0	"model286"
0.346153846153846	0.12162606385263	0.346153846153846	0.12162606385263	1	0	"model287"
0.823076923076923	0.114956470622871	0.9	0.114956470622871	0.923076923076923	0	"model288"
0.8	0.064867234054736	0.876923076923077	0.064867234054736	0.923076923076923	0	"model289"
0.784615384615385	0.113517659595788	0.784615384615385	0.113517659595788	1	0	"model290"
0.730769230769231	0.104154338520974	0.730769230769231	0.104154338520974	1	0	"model291"
0.169230769230769	0.048650425541052	0.169230769230769	0.048650425541052	1	0	"model292"
0.723076923076923	0.0826898230594723	0.8	0.0826898230594723	0.923076923076923	0	"model293"
0.915384615384615	0.024325212770526	0.992307692307692	0.024325212770526	0.923076923076923	0	"model294"
0.638461538461539	0.145274004863747	0.638461538461539	0.145274004863747	1	0	"model295"
0.223076923076923	0.132987717742461	0.223076923076923	0.132987717742461	1	0	"model296"
0.715384615384615	0.174094822530953	0.715384615384615	0.174094822530953	1	0	"model297"
0.861538461538462	0.0606777413651243	0.938461538461538	0.0606777413651243	0.923076923076923	0	"model298"
0.484615384615385	0.0519191198238887	0.946153846153846	0.0519191198238887	0.538461538461538	0	"model299"
0.484615384615385	0.114956470622871	0.484615384615385	0.114956470622871	1	0	"model300"
-0.0230769230769231	0.0371573762722806	0.976923076923077	0.0371573762722806	0	0	"model301"
0.307692307692308	0.114670152692297	0.307692307692308	0.114670152692297	1	0	"model302"
0.346153846153846	0.141607192528042	0.346153846153846	0.141607192528042	1	0	"model303"
0.338461538461538	0.141374858995797	0.338461538461538	0.141374858995797	1	0	"model304"
0.315384615384615	0.142532739586536	0.315384615384615	0.142532739586536	1	0	"model305"
0	0	1	0	0	0	"model306"
0	0	1	0	0	0	"model307"
0.753846153846154	0.101273936708367	0.753846153846154	0.101273936708367	1	0	"model308"
0.669230769230769	0.14067555614713	0.669230769230769	0.14067555614713	1	0	"model309"
0.230769230769231	0.181309431073474	0.230769230769231	0.181309431073474	1	0	"model310"
0.230769230769231	0.0888231183368655	0.230769230769231	0.0888231183368655	1	0	"model311"
0.653846153846154	0.104154338520974	0.653846153846154	0.104154338520974	1	0	"model312"
0.815384615384615	0.10998774661296	0.815384615384615	0.10998774661296	1	0	"model313"
0.3	0.092093769210605	0.3	0.092093769210605	1	0	"model314"
0.392307692307692	0.122702421682107	0.392307692307692	0.122702421682107	1	0	"model315"
0.476923076923077	0.107570138273862	0.476923076923077	0.107570138273862	1	0	"model316"
0.876923076923077	0.0397229061149479	0.953846153846154	0.0397229061149478	0.923076923076923	0	"model317"
0.784615384615385	0.101273936708367	0.784615384615385	0.101273936708367	1	0	"model318"
0.846153846153846	0.0512820512820513	0.923076923076923	0.0512820512820513	0.923076923076923	0	"model319"
0.538461538461538	0.108785658644084	0.538461538461538	0.108785658644084	1	0	"model320"
0.284615384615385	0.102884116142251	0.284615384615385	0.102884116142251	1	0	"model321"
0.176923076923077	0.120540095113263	0.176923076923077	0.120540095113263	1	0	"model322"
0.384615384615385	0.08108404256842	0.384615384615385	0.08108404256842	1	0	"model323"
0.423076923076923	0.0830864192103572	0.423076923076923	0.0830864192103572	1	0	"model324"
0.330769230769231	0.0633286617191204	0.330769230769231	0.0633286617191204	1	0	"model325"
0.892307692307692	0.0397229061149479	0.969230769230769	0.0397229061149478	0.923076923076923	0	"model326"
0.353846153846154	0.145951276623156	0.353846153846154	0.145951276623156	1	0	"model327"
0.846153846153846	0.08108404256842	0.923076923076923	0.08108404256842	0.923076923076923	0	"model328"
0.276923076923077	0.103838239647777	0.276923076923077	0.103838239647777	1	0	"model329"
0.9	0.0371573762722806	0.976923076923077	0.0371573762722806	0.923076923076923	0	"model330"
0.861538461538462	0.0945594303312091	0.861538461538462	0.0945594303312091	1	0	"model331"
0.361538461538462	0.13592162339178	0.361538461538462	0.13592162339178	1	0	"model332"
0.876923076923077	0.0902913685213282	0.876923076923077	0.0902913685213282	1	0	"model333"
0.861538461538462	0.0606777413651243	0.938461538461538	0.0606777413651243	0.923076923076923	0	"model334"
0.646153846153846	0.141374858995797	0.646153846153846	0.141374858995797	1	0	"model335"
0.538461538461538	0.140441681411581	0.538461538461538	0.140441681411581	1	0	"model336"
0.661538461538462	0.121355482730249	0.661538461538462	0.121355482730249	1	0	"model337"
0.861538461538462	0.0606777413651243	0.938461538461538	0.0606777413651243	0.923076923076923	0	"model338"
0.276923076923077	0.103838239647777	0.276923076923077	0.103838239647777	1	0	"model339"
-0.0153846153846154	0.032433617027368	0.984615384615385	0.032433617027368	0	0	"model340"
0.330769230769231	0.114956470622871	0.330769230769231	0.114956470622871	1	0	"model341"
0.807692307692308	0.131995258217782	0.807692307692308	0.131995258217782	1	0	"model342"
0.830769230769231	0.0873301864919303	0.830769230769231	0.0873301864919303	1	0	"model343"
0.861538461538462	0.0794458122298957	0.938461538461538	0.0794458122298957	0.923076923076923	0	"model344"
0.238461538461538	0.105409255338946	0.238461538461538	0.105409255338946	1	0	"model345"
0.661538461538462	0.162976908534058	0.661538461538462	0.162976908534058	1	0	"model346"
0.884615384615385	0.0543928293220421	0.961538461538462	0.0543928293220421	0.923076923076923	0	"model347"
0.423076923076923	0.196116135138184	0.423076923076923	0.196116135138184	1	0	"model348"
0.346153846153846	0.136885618615786	0.346153846153846	0.136885618615786	1	0	"model349"
0.876923076923077	0.0902913685213282	0.876923076923077	0.0902913685213282	1	0	"model350"
0.669230769230769	0.0371573762722806	0.976923076923077	0.0371573762722806	0.692307692307692	0	"model351"
0	0	1	0	0	0	"model352"
0.292307692307692	0.107570138273862	0.292307692307692	0.107570138273862	1	0	"model353"
0.353846153846154	0.0743147525445612	0.353846153846154	0.0743147525445612	1	0	"model354"
0.830769230769231	0.0945594303312091	0.907692307692308	0.0945594303312091	0.923076923076923	0	"model355"
0.384615384615385	0.114670152692297	0.384615384615385	0.114670152692297	1	0	"model356"
0.207692307692308	0.0371573762722806	0.976923076923077	0.0371573762722806	0.230769230769231	0	"model357"
0.546153846153846	0.0764945327701349	0.546153846153846	0.0764945327701349	1	0	"model358"
0.207692307692308	0.0814884542670292	0.207692307692308	0.0814884542670292	1	0	"model359"
0.407692307692308	0.174094822530953	0.407692307692308	0.174094822530953	1	0	"model360"
0.376923076923077	0.155757359471666	0.376923076923077	0.155757359471666	1	0	"model361"
0.438461538461538	0.102884116142251	0.438461538461538	0.102884116142251	1	0	"model362"
0.430769230769231	0.0826898230594723	0.430769230769231	0.0826898230594723	1	0	"model363"
0.369230769230769	0.101273936708367	0.369230769230769	0.101273936708367	1	0	"model364"
0	0	1	0	0	0	"model365"
-0.00769230769230769	0.024325212770526	0.992307692307692	0.024325212770526	0	0	"model366"
0.323076923076923	0.129734468109472	0.323076923076923	0.129734468109472	1	0	"model367"
0.707692307692308	0.0873301864919303	0.707692307692308	0.0873301864919303	1	0	"model368"
0.476923076923077	0.15298906554027	0.476923076923077	0.15298906554027	1	0	"model369"
0.846153846153846	0.0512820512820513	0.923076923076923	0.0512820512820513	0.923076923076923	0	"model370"
0.853846153846154	0.056758829797894	0.930769230769231	0.056758829797894	0.923076923076923	0	"model371"
0.423076923076923	0.136885618615786	0.423076923076923	0.136885618615786	1	0	"model372"
0.215384615384615	0.113517659595788	0.215384615384615	0.113517659595788	1	0	"model373"
0.607692307692308	0.155757359471666	0.607692307692308	0.155757359471666	1	0	"model374"
0.884615384615385	0.0906547155367368	0.884615384615385	0.0906547155367368	1	0	"model375"
0.7	0.142532739586536	0.7	0.142532739586536	1	0	"model376"
0.823076923076923	0.089192446825262	0.823076923076923	0.089192446825262	1	0	"model377"
0.7	0.127948461024355	0.7	0.127948461024355	1	0	"model378"
0.8	0.0743147525445612	0.876923076923077	0.0743147525445612	0.923076923076923	0	"model379"
0.0461538461538462	0.0397229061149479	0.969230769230769	0.0397229061149478	0.0769230769230769	0	"model380"
0.792307692307692	0.125876284191114	0.792307692307692	0.125876284191114	1	0	"model381"
0.2	0.0537850691369309	0.969230769230769	0.0537850691369308	0.230769230769231	0	"model382"
0.7	0.0989756875159938	0.7	0.0989756875159938	1	0	"model383"
0.838461538461538	0.0436650932459651	0.915384615384615	0.0436650932459651	0.923076923076923	0	"model384"
0.692307692307692	0.114670152692297	0.692307692307692	0.114670152692297	1	0	"model385"
0.776923076923077	0.122702421682107	0.776923076923077	0.122702421682107	1	0	"model386"
0.861538461538462	0.048650425541052	0.938461538461538	0.048650425541052	0.923076923076923	0	"model387"
-0.00769230769230769	0.024325212770526	0.992307692307692	0.024325212770526	0	0	"model388"
0.853846153846154	0.0673534642900702	0.930769230769231	0.0673534642900702	0.923076923076923	0	"model389"
0.661538461538462	0.131745975165796	0.661538461538462	0.131745975165796	1	0	"model390"
0.4	0.180582737042656	0.4	0.180582737042656	1	0	"model391"
0.584615384615385	0.174660372983861	0.584615384615385	0.174660372983861	1	0	"model392"
0.369230769230769	0.148629505089122	0.369230769230769	0.148629505089122	1	0	"model393"
0.476923076923077	0.119168718344844	0.476923076923077	0.119168718344844	1	0	"model394"
0.753846153846154	0.0794458122298957	0.753846153846154	0.0794458122298957	1	0	"model395"
0.684615384615385	0.137842872366314	0.684615384615385	0.137842872366314	1	0	"model396"
0.430769230769231	0.0902913685213282	0.430769230769231	0.0902913685213282	1	0	"model397"
0	0	1	0	0	0	"model398"
0.853846153846154	0.056758829797894	0.930769230769231	0.056758829797894	0.923076923076923	0	"model399"
0.253846153846154	0.120540095113263	0.253846153846154	0.120540095113263	1	0	"model400"
0.6	0.107570138273862	0.6	0.107570138273862	1	0	"model401"
0.253846153846154	0.102884116142251	0.253846153846154	0.102884116142251	1	0	"model402"
0.3	0.0764945327701349	0.3	0.0764945327701349	1	0	"model403"
0.469230769230769	0.0989756875159938	0.469230769230769	0.0989756875159938	1	0	"model404"
0.415384615384615	0.126657323438241	0.415384615384615	0.126657323438241	1	0	"model405"
0.876923076923077	0.064867234054736	0.953846153846154	0.064867234054736	0.923076923076923	0	"model406"
0.776923076923077	0.092093769210605	0.853846153846154	0.092093769210605	0.923076923076923	0	"model407"
0.638461538461538	0.102884116142251	0.638461538461538	0.102884116142251	1	0	"model408"
0.815384615384615	0.0537850691369308	0.969230769230769	0.0537850691369308	0.846153846153846	0	"model409"
0.823076923076923	0.0633286617191204	0.9	0.0633286617191204	0.923076923076923	0	"model410"
0	0	1	0	0	0	"model411"
0.661538461538462	0.0537850691369308	0.969230769230769	0.0537850691369308	0.692307692307692	0	"model412"
0.353846153846154	0.126657323438241	0.353846153846154	0.126657323438241	1	0	"model413"
0.384615384615385	0.108785658644084	0.384615384615385	0.108785658644084	1	0	"model414"
0.276923076923077	0.097300851082104	0.276923076923077	0.097300851082104	1	0	"model415"
0.407692307692308	0.089192446825262	0.407692307692308	0.089192446825262	1	0	"model416"
0.523076923076923	0.124563669758883	0.523076923076923	0.124563669758883	1	0	"model417"
0.346153846153846	0.104154338520974	0.346153846153846	0.104154338520974	1	0	"model418"
0.653846153846154	0.104154338520974	0.653846153846154	0.104154338520974	1	0	"model419"
0.761538461538462	0.111472128816842	0.761538461538462	0.111472128816842	1	0	"model420"
0.776923076923077	0.105409255338946	0.853846153846154	0.105409255338946	0.923076923076923	0	"model421"
0.715384615384615	0.13592162339178	0.715384615384615	0.13592162339178	1	0	"model422"
0	0	1	0	0	0	"model423"
0.361538461538462	0.177831188557946	0.361538461538462	0.177831188557946	1	0	"model424"
0.853846153846154	0.111472128816842	0.853846153846154	0.111472128816842	1	0	"model425"
0.3	0.0989756875159938	0.3	0.0989756875159938	1	0	"model426"
0.869230769230769	0.0962819659257364	0.869230769230769	0.0962819659257364	1	0	"model427"
0.9	0.0814884542670292	0.9	0.0814884542670292	1	0	"model428"
0.869230769230769	0.0519191198238887	0.946153846153846	0.0519191198238887	0.923076923076923	0	"model429"
0	0	1	0	0	0	"model430"
0.415384615384615	0.126657323438241	0.415384615384615	0.126657323438241	1	0	"model431"
0	0	1	0	0	0	"model432"
0.592307692307692	0.14067555614713	0.592307692307692	0.14067555614713	1	0	"model433"
0.638461538461539	0.130995279737895	0.638461538461539	0.130995279737895	1	0	"model434"
0.315384615384615	0.147073132304615	0.315384615384615	0.147073132304615	1	0	"model435"
0.853846153846154	0.092093769210605	0.853846153846154	0.092093769210605	1	0	"model436"
0.461538461538462	0.102564102564103	0.461538461538462	0.102564102564103	1	0	"model437"
0.330769230769231	0.114956470622871	0.330769230769231	0.114956470622871	1	0	"model438"
0.769230769230769	0.102564102564103	0.846153846153846	0.102564102564103	0.923076923076923	0	"model439"
0.876923076923077	0.064867234054736	0.876923076923077	0.064867234054736	1	0	"model440"
0	0	1	0	0	0	"model441"
0.353846153846154	0.115811177339859	0.353846153846154	0.115811177339859	1	0	"model442"
-0.00769230769230769	0.024325212770526	0.992307692307692	0.024325212770526	0	0	"model443"
0.730769230769231	0.116094681258172	0.730769230769231	0.116094681258172	1	0	"model444"
0.253846153846154	0.114956470622871	0.253846153846154	0.114956470622871	1	0	"model445"
0.507692307692308	0.182033224095373	0.507692307692308	0.182033224095373	1	0	"model446"
0.869230769230769	0.0519191198238887	0.946153846153846	0.0519191198238887	0.923076923076923	0	"model447"
0.846153846153846	0.0628074293021328	0.923076923076923	0.0628074293021328	0.923076923076923	0	"model448"
0.361538461538462	0.120540095113263	0.361538461538462	0.120540095113263	1	0	"model449"
0.0692307692307692	0.024325212770526	0.992307692307692	0.024325212770526	0.0769230769230769	0	"model450"
0.792307692307692	0.089192446825262	0.792307692307692	0.089192446825262	1	0	"model451"
0.661538461538462	0.0902913685213283	0.661538461538462	0.0902913685213283	1	0	"model452"
0.846153846153846	0.0888231183368655	0.846153846153846	0.0888231183368655	1	0	"model453"
0.838461538461538	0.0989756875159938	0.838461538461538	0.0989756875159938	1	0	"model454"
0.569230769230769	0.154698493630752	0.569230769230769	0.154698493630752	1	0	"model455"
0.269230769230769	0.150606924672702	0.269230769230769	0.150606924672702	1	0	"model456"
0.592307692307692	0.102884116142251	0.592307692307692	0.102884116142251	1	0	"model457"
0.415384615384615	0.126657323438241	0.415384615384615	0.126657323438241	1	0	"model458"
0.892307692307692	0.0397229061149479	0.969230769230769	0.0397229061149478	0.923076923076923	0	"model459"
0.284615384615385	0.13592162339178	0.284615384615385	0.13592162339178	1	0	"model460"
0.415384615384615	0.136645257379223	0.415384615384615	0.136645257379223	1	0	"model461"
0.361538461538462	0.149731295596476	0.361538461538462	0.149731295596476	1	0	"model462"
0.407692307692308	0.125876284191114	0.407692307692308	0.125876284191114	1	0	"model463"
0.861538461538462	0.107570138273862	0.861538461538462	0.107570138273862	1	0	"model464"
0.446153846153846	0.113517659595788	0.446153846153846	0.113517659595788	1	0	"model465"
0.623076923076923	0.151477492181969	0.623076923076923	0.151477492181969	1	0	"model466"
0	0	1	0	0	0	"model467"
0.438461538461538	0.158269737046266	0.438461538461538	0.158269737046266	1	0	"model468"
0.353846153846154	0.126657323438241	0.353846153846154	0.126657323438241	1	0	"model469"
0.253846153846154	0.0962819659257364	0.253846153846154	0.0962819659257364	1	0	"model470"
0.661538461538462	0.0397229061149478	0.969230769230769	0.0397229061149478	0.692307692307692	0	"model471"
0.838461538461538	0.056758829797894	0.915384615384615	0.056758829797894	0.923076923076923	0	"model472"
0.761538461538462	0.0846542257395855	0.761538461538462	0.0846542257395855	1	0	"model473"
0.738461538461539	0.0902913685213282	0.738461538461539	0.0902913685213282	1	0	"model474"
0.884615384615385	0.0543928293220421	0.961538461538462	0.0543928293220421	0.923076923076923	0	"model475"
0.830769230769231	0.0873301864919303	0.830769230769231	0.0873301864919303	1	0	"model476"
0.792307692307692	0.0519191198238887	0.792307692307692	0.0519191198238887	1	0	"model477"
0.346153846153846	0.126916601751432	0.346153846153846	0.126916601751432	1	0	"model478"
0.376923076923077	0.0989756875159938	0.376923076923077	0.0989756875159938	1	0	"model479"
0.207692307692308	0.114956470622871	0.207692307692308	0.114956470622871	1	0	"model480"
0.884615384615385	0.097638116741845	0.884615384615385	0.097638116741845	1	0	"model481"
0.4	0.101273936708367	0.4	0.101273936708367	1	0	"model482"
0.646153846153846	0.158891624459791	0.646153846153846	0.158891624459791	1	0	"model483"
0.330769230769231	0.109087422493244	0.330769230769231	0.109087422493244	1	0	"model484"
0.476923076923077	0.139502261628056	0.476923076923077	0.139502261628056	1	0	"model485"
0.369230769230769	0.124563669758883	0.369230769230769	0.124563669758883	1	0	"model486"
0.761538461538461	0.117221840519615	0.838461538461538	0.117221840519615	0.923076923076923	0	"model487"
0.638461538461539	0.125876284191114	0.638461538461539	0.125876284191114	1	0	"model488"
0.430769230769231	0.0902913685213282	0.430769230769231	0.0902913685213282	1	0	"model489"
0.9	0.0371573762722806	0.976923076923077	0.0371573762722806	0.923076923076923	0	"model490"
0.315384615384615	0.127948461024355	0.315384615384615	0.127948461024355	1	0	"model491"
0.723076923076923	0.064867234054736	0.723076923076923	0.064867234054736	1	0	"model492"
0.738461538461539	0.0537850691369309	0.738461538461539	0.0537850691369309	1	0	"model493"
0.369230769230769	0.161355207410793	0.369230769230769	0.161355207410793	1	0	"model494"
0.384615384615385	0.130744090092123	0.384615384615385	0.130744090092123	1	0	"model495"
0.646153846153846	0.182033224095373	0.646153846153846	0.182033224095373	1	0	"model496"
-0.0153846153846154	0.032433617027368	0.984615384615385	0.032433617027368	0	0	"model497"
0.492307692307692	0.0902913685213282	0.492307692307692	0.0902913685213282	1	0	"model498"
0.861538461538462	0.0606777413651243	0.938461538461538	0.0606777413651243	0.923076923076923	0	"model499"
0.407692307692308	0.072975638311578	0.407692307692308	0.072975638311578	1	0	"model500"
0.469230769230769	0.0673534642900702	0.469230769230769	0.0673534642900702	1	0	"model501"
0.738461538461539	0.136645257379223	0.738461538461539	0.136645257379223	1	0	"model502"
0.761538461538461	0.092093769210605	0.761538461538461	0.092093769210605	1	0	"model503"
0.646153846153846	0.154698493630752	0.646153846153846	0.154698493630752	1	0	"model504"
0.361538461538462	0.16637054561547	0.361538461538462	0.16637054561547	1	0	"model505"
0.638461538461538	0.130995279737895	0.638461538461538	0.130995279737895	1	0	"model506"
0.869230769230769	0.0633286617191204	0.946153846153846	0.0633286617191204	0.923076923076923	0	"model507"
0.415384615384615	0.145951276623156	0.415384615384615	0.145951276623156	1	0	"model508"
0.823076923076923	0.072975638311578	0.9	0.072975638311578	0.923076923076923	0	"model509"
0.546153846153846	0.0989756875159938	0.546153846153846	0.0989756875159938	1	0	"model510"
0.823076923076923	0.102884116142251	0.823076923076923	0.102884116142251	1	0	"model511"
0.453846153846154	0.127948461024355	0.453846153846154	0.127948461024355	1	0	"model512"
0.592307692307692	0.0962819659257364	0.592307692307692	0.0962819659257364	1	0	"model513"
0.861538461538462	0.0794458122298957	0.938461538461538	0.0794458122298957	0.923076923076923	0	"model514"
0.176923076923077	0.0633286617191204	0.176923076923077	0.0633286617191204	1	0	"model515"
-0.00769230769230769	0.024325212770526	0.992307692307692	0.024325212770526	0	0	"model516"
0.307692307692308	0.108785658644084	0.307692307692308	0.108785658644084	1	0	"model517"
0.876923076923077	0.0537850691369309	0.953846153846154	0.0537850691369308	0.923076923076923	0	"model518"
0.746153846153846	0.089192446825262	0.746153846153846	0.089192446825262	1	0	"model519"
0.384615384615385	0.149511587047315	0.384615384615385	0.149511587047315	1	0	"model520"
0	0	1	0	0	0	"model521"
0.592307692307692	0.0962819659257364	0.592307692307692	0.0962819659257364	1	0	"model522"
0.415384615384615	0.162976908534058	0.415384615384615	0.162976908534058	1	0	"model523"
0.415384615384615	0.121355482730249	0.415384615384615	0.121355482730249	1	0	"model524"
0.761538461538461	0.092093769210605	0.761538461538461	0.092093769210605	1	0	"model525"
0.876923076923077	0.064867234054736	0.953846153846154	0.064867234054736	0.923076923076923	0	"model526"
0.230769230769231	0.102564102564103	0.230769230769231	0.102564102564103	1	0	"model527"
0.823076923076923	0.130995279737895	0.823076923076923	0.130995279737895	1	0	"model528"
0.669230769230769	0.170276489393682	0.669230769230769	0.170276489393682	1	0	"model529"
0.353846153846154	0.10998774661296	0.353846153846154	0.10998774661296	1	0	"model530"
0.8	0.0902913685213282	0.8	0.0902913685213282	1	0	"model531"
0.346153846153846	0.159098380076806	0.346153846153846	0.159098380076806	1	0	"model532"
0.715384615384615	0.130995279737895	0.715384615384615	0.130995279737895	1	0	"model533"
0.661538461538462	0.126657323438241	0.661538461538462	0.126657323438241	1	0	"model534"
0.184615384615385	0.097300851082104	0.184615384615385	0.097300851082104	1	0	"model535"
0.253846153846154	0.102884116142251	0.253846153846154	0.102884116142251	1	0	"model536"
0.646153846153846	0.145951276623156	0.646153846153846	0.145951276623156	1	0	"model537"
-0.00769230769230769	0.024325212770526	0.992307692307692	0.024325212770526	0	0	"model538"
0.369230769230769	0.139502261628056	0.369230769230769	0.139502261628056	1	0	"model539"
0.361538461538462	0.0814884542670292	0.361538461538462	0.0814884542670292	1	0	"model540"
0.830769230769231	0.101273936708367	0.830769230769231	0.101273936708367	1	0	"model541"
0.823076923076923	0.0814884542670293	0.9	0.0814884542670292	0.923076923076923	0	"model542"
0.507692307692308	0.131745975165796	0.507692307692308	0.131745975165796	1	0	"model543"
0.730769230769231	0.159098380076806	0.730769230769231	0.159098380076806	1	0	"model544"
0	0	1	0	0	0	"model545"
0.661538461538462	0.150388495370412	0.661538461538462	0.150388495370412	1	0	"model546"
0.515384615384615	0.102884116142251	0.515384615384615	0.102884116142251	1	0	"model547"
0.646153846153846	0.097300851082104	0.646153846153846	0.097300851082104	1	0	"model548"
0.292307692307692	0.0945594303312091	0.292307692307692	0.0945594303312091	1	0	"model549"
0.423076923076923	0.104154338520974	0.423076923076923	0.104154338520974	1	0	"model550"
0.830769230769231	0.0706874294978986	0.907692307692308	0.0706874294978986	0.923076923076923	0	"model551"
0.684615384615385	0.0989756875159938	0.684615384615385	0.0989756875159938	1	0	"model552"
0.415384615384615	0.10998774661296	0.415384615384615	0.10998774661296	1	0	"model553"
0.353846153846154	0.0397229061149479	0.969230769230769	0.0397229061149478	0.384615384615385	0	"model554"
0.869230769230769	0.0633286617191204	0.946153846153846	0.0633286617191204	0.923076923076923	0	"model555"
0.546153846153846	0.117221840519615	0.546153846153846	0.117221840519615	1	0	"model556"
0.884615384615385	0.097638116741845	0.961538461538462	0.097638116741845	0.923076923076923	0	"model557"
0.361538461538462	0.102884116142251	0.361538461538462	0.102884116142251	1	0	"model558"
0.607692307692308	0.105409255338946	0.607692307692308	0.105409255338946	1	0	"model559"
0.453846153846154	0.122702421682107	0.453846153846154	0.122702421682107	1	0	"model560"
0.676923076923077	0.101273936708367	0.676923076923077	0.101273936708367	1	0	"model561"
0.407692307692308	0.145274004863747	0.407692307692308	0.145274004863747	1	0	"model562"
0.676923076923077	0.13470692858014	0.676923076923077	0.13470692858014	1	0	"model563"
0.361538461538462	0.120540095113263	0.361538461538462	0.120540095113263	1	0	"model564"
0.407692307692308	0.125876284191114	0.407692307692308	0.125876284191114	1	0	"model565"
0	0	1	0	0	0	"model566"
0.276923076923077	0.097300851082104	0.276923076923077	0.097300851082104	1	0	"model567"
-0.0153846153846154	0.032433617027368	0.984615384615385	0.032433617027368	0	0	"model568"
-0.00769230769230769	0.024325212770526	0.992307692307692	0.024325212770526	0	0	"model569"
0.584615384615385	0.178384893650524	0.584615384615385	0.178384893650524	1	0	"model570"
0.876923076923077	0.0537850691369309	0.953846153846154	0.0537850691369308	0.923076923076923	0	"model571"
0.330769230769231	0.130995279737895	0.330769230769231	0.130995279737895	1	0	"model572"
0.376923076923077	0.0989756875159938	0.376923076923077	0.0989756875159938	1	0	"model573"
0.6	0.119168718344844	0.6	0.119168718344844	1	0	"model574"
0.661538461538462	0.0537850691369308	0.969230769230769	0.0537850691369308	0.692307692307692	0	"model575"
0.784615384615385	0.0873301864919303	0.784615384615385	0.0873301864919303	1	0	"model576"
0.630769230769231	0.169308451479171	0.630769230769231	0.169308451479171	1	0	"model577"
0.376923076923077	0.137842872366314	0.376923076923077	0.137842872366314	1	0	"model578"
0.276923076923077	0.131745975165796	0.276923076923077	0.131745975165796	1	0	"model579"
0.869230769230769	0.0633286617191204	0.946153846153846	0.0633286617191204	0.923076923076923	0	"model580"
0.861538461538462	0.0606777413651243	0.938461538461538	0.0606777413651243	0.923076923076923	0	"model581"
0.453846153846154	0.024325212770526	0.992307692307692	0.024325212770526	0.461538461538462	0	"model582"
0.0461538461538462	0.0537850691369309	0.969230769230769	0.0537850691369308	0.0769230769230769	0	"model583"
0.746153846153846	0.0814884542670292	0.746153846153846	0.0814884542670292	1	0	"model584"
0.838461538461538	0.0436650932459651	0.915384615384615	0.0436650932459651	0.923076923076923	0	"model585"
0.215384615384615	0.032433617027368	0.984615384615385	0.032433617027368	0.230769230769231	0	"model586"
0.876923076923077	0.0743147525445612	0.876923076923077	0.0743147525445612	1	0	"model587"
0.784615384615385	0.101273936708367	0.861538461538462	0.101273936708367	0.923076923076923	0	"model588"
0.792307692307692	0.072975638311578	0.869230769230769	0.072975638311578	0.923076923076923	0	"model589"
0.276923076923077	0.103838239647777	0.276923076923077	0.103838239647777	1	0	"model590"
0.353846153846154	0.158891624459791	0.353846153846154	0.158891624459791	1	0	"model591"
0.438461538461538	0.114956470622871	0.438461538461538	0.114956470622871	1	0	"model592"
0.438461538461538	0.162370668707565	0.438461538461538	0.162370668707565	1	0	"model593"
0.753846153846154	0.0945594303312091	0.753846153846154	0.0945594303312091	1	0	"model594"
0.230769230769231	0.108785658644084	0.230769230769231	0.108785658644084	1	0	"model595"
0.9	0.0371573762722806	0.9	0.0371573762722806	1	0	"model596"
0.507692307692308	0.221167781054849	0.507692307692308	0.221167781054849	1	0	"model597"
0.738461538461539	0.103838239647777	0.738461538461539	0.103838239647777	1	0	"model598"
0.692307692307692	0.120267070764703	0.692307692307692	0.120267070764703	1	0	"model599"
0.230769230769231	0.08108404256842	0.230769230769231	0.08108404256842	1	0	"model600"
0.730769230769231	0.189292603336326	0.730769230769231	0.189292603336326	1	0	"model601"
0	0	1	0	0	0	"model602"
0.353846153846154	0.115811177339859	0.353846153846154	0.115811177339859	1	0	"model603"
0.9	0.109087422493244	0.9	0.109087422493244	1	0	"model604"
0.261538461538462	0.145951276623156	0.261538461538462	0.145951276623156	1	0	"model605"
0.284615384615385	0.125876284191114	0.284615384615385	0.125876284191114	1	0	"model606"
0.346153846153846	0.136885618615786	0.346153846153846	0.136885618615786	1	0	"model607"
0	0	1	0	0	0	"model608"
0.238461538461538	0.0764945327701349	0.238461538461538	0.0764945327701349	1	0	"model609"
0.492307692307692	0.103838239647777	0.492307692307692	0.103838239647777	1	0	"model610"
0.461538461538462	0.130744090092123	0.461538461538462	0.130744090092123	1	0	"model611"
0.238461538461538	0.122702421682107	0.238461538461538	0.122702421682107	1	0	"model612"
0.730769230769231	0.0906547155367368	0.730769230769231	0.0906547155367368	1	0	"model613"
0.253846153846154	0.0519191198238887	0.253846153846154	0.0519191198238887	1	0	"model614"
0.638461538461538	0.089192446825262	0.638461538461538	0.089192446825262	1	0	"model615"
0.723076923076923	0.103838239647777	0.723076923076923	0.103838239647777	1	0	"model616"
0.869230769230769	0.0633286617191204	0.946153846153846	0.0633286617191204	0.923076923076923	0	"model617"
0.646153846153846	0.1669622625241	0.646153846153846	0.1669622625241	1	0	"model618"
0.761538461538461	0.117221840519615	0.838461538461538	0.117221840519615	0.923076923076923	0	"model619"
0.507692307692308	0.145951276623156	0.507692307692308	0.145951276623156	1	0	"model620"
0.630769230769231	0.169308451479171	0.630769230769231	0.169308451479171	1	0	"model621"
0	0	1	0	0	0	"model622"
0.307692307692308	0.0628074293021328	0.307692307692308	0.0628074293021328	1	0	"model623"
0.169230769230769	0.0606777413651243	0.169230769230769	0.0606777413651243	1	0	"model624"
0.892307692307692	0.0537850691369309	0.969230769230769	0.0537850691369308	0.923076923076923	0	"model625"
0.884615384615385	0.04054202128421	0.961538461538462	0.04054202128421	0.923076923076923	0	"model626"
0.715384615384615	0.0519191198238887	0.715384615384615	0.0519191198238887	1	0	"model627"
0.892307692307692	0.064867234054736	0.892307692307692	0.064867234054736	1	0	"model628"
0.861538461538462	0.048650425541052	0.938461538461538	0.048650425541052	0.923076923076923	0	"model629"
0.876923076923077	0.0537850691369309	0.953846153846154	0.0537850691369308	0.923076923076923	0	"model630"
-0.00769230769230769	0.024325212770526	0.992307692307692	0.024325212770526	0	0	"model631"
0.146153846153846	0.111472128816842	0.146153846153846	0.111472128816842	1	0	"model632"
0.461538461538462	0.140441681411581	0.461538461538462	0.140441681411581	1	0	"model633"
0.738461538461539	0.0397229061149479	0.969230769230769	0.0397229061149478	0.769230769230769	0	"model634"
0.223076923076923	0.0989756875159938	0.223076923076923	0.0989756875159938	1	0	"model635"
0.330769230769231	0.0633286617191204	0.330769230769231	0.0633286617191204	1	0	"model636"
0.738461538461539	0.0537850691369309	0.969230769230769	0.0537850691369308	0.769230769230769	0	"model637"
0.815384615384615	0.0743147525445612	0.892307692307692	0.0743147525445612	0.923076923076923	0	"model638"
0.869230769230769	0.0519191198238887	0.946153846153846	0.0519191198238887	0.923076923076923	0	"model639"
0.807692307692308	0.0653720450460614	0.884615384615385	0.0653720450460614	0.923076923076923	0	"model640"
0.823076923076923	0.114956470622871	0.9	0.114956470622871	0.923076923076923	0	"model641"
0.184615384615385	0.0826898230594723	0.184615384615385	0.0826898230594723	1	0	"model642"
0.338461538461538	0.0902913685213283	0.338461538461538	0.0902913685213283	1	0	"model643"
0	0	1	0	0	0	"model644"
0.2	0.0902913685213283	0.2	0.0902913685213283	1	0	"model645"
0.823076923076923	0.089192446825262	0.9	0.089192446825262	0.923076923076923	0	"model646"
0.438461538461538	0.174094822530953	0.438461538461538	0.174094822530953	1	0	"model647"
0	0	1	0	0	0	"model648"
0.207692307692308	0.145274004863747	0.207692307692308	0.145274004863747	1	0	"model649"
0.692307692307692	0.08108404256842	0.692307692307692	0.08108404256842	1	0	"model650"
0.346153846153846	0.131995258217782	0.346153846153846	0.131995258217782	1	0	"model651"
0.584615384615385	0.121355482730249	0.584615384615385	0.121355482730249	1	0	"model652"
0.584615384615385	0.097300851082104	0.584615384615385	0.097300851082104	1	0	"model653"
0.607692307692308	0.147073132304615	0.607692307692308	0.147073132304615	1	0	"model654"
0.730769230769231	0.146176336551172	0.730769230769231	0.146176336551172	1	0	"model655"
0.823076923076923	0.0371573762722806	0.976923076923077	0.0371573762722806	0.846153846153846	0	"model656"
0.446153846153846	0.18418753842121	0.446153846153846	0.18418753842121	1	0	"model657"
0.776923076923077	0.0764945327701349	0.853846153846154	0.0764945327701349	0.923076923076923	0	"model658"
0.376923076923077	0.193415611955345	0.376923076923077	0.193415611955345	1	0	"model659"
0.884615384615385	0.131995258217782	0.884615384615385	0.131995258217782	1	0	"model660"
0.761538461538461	0.117221840519615	0.761538461538461	0.117221840519615	1	0	"model661"
0.515384615384615	0.145274004863747	0.515384615384615	0.145274004863747	1	0	"model662"
0.915384615384615	0.0846542257395855	0.915384615384615	0.0846542257395855	1	0	"model663"
0.207692307692308	0.072975638311578	0.207692307692308	0.072975638311578	1	0	"model664"
0.684615384615385	0.117221840519615	0.684615384615385	0.117221840519615	1	0	"model665"
0.446153846153846	0.124563669758883	0.446153846153846	0.124563669758883	1	0	"model666"
0.623076923076923	0.105409255338946	0.623076923076923	0.105409255338946	1	0	"model667"
0.3	0.0846542257395855	0.3	0.0846542257395855	1	0	"model668"
0.361538461538462	0.0962819659257363	0.361538461538462	0.0962819659257363	1	0	"model669"
0.307692307692308	0.0628074293021328	0.307692307692308	0.0628074293021328	1	0	"model670"
0.815384615384615	0.121355482730249	0.815384615384615	0.121355482730249	1	0	"model671"
0.338461538461538	0.1669622625241	0.338461538461538	0.1669622625241	1	0	"model672"
0.769230769230769	0.0725237724293895	0.769230769230769	0.0725237724293895	1	0	"model673"
0.576923076923077	0.0830864192103572	0.961538461538462	0.0830864192103572	0.615384615384615	0	"model674"
0.269230769230769	0.104154338520974	0.269230769230769	0.104154338520974	1	0	"model675"
0.776923076923077	0.111472128816842	0.776923076923077	0.111472128816842	1	0	"model676"
0.853846153846154	0.056758829797894	0.930769230769231	0.056758829797894	0.923076923076923	0	"model677"
0.4	0.129734468109472	0.4	0.129734468109472	1	0	"model678"
0.507692307692308	0.115811177339859	0.507692307692308	0.115811177339859	1	0	"model679"
0.215384615384615	0.0873301864919303	0.215384615384615	0.0873301864919303	1	0	"model680"
0.307692307692308	0.120267070764703	0.307692307692308	0.120267070764703	1	0	"model681"
0.0384615384615385	0.0543928293220421	0.961538461538462	0.0543928293220421	0.0769230769230769	0	"model682"
0.876923076923077	0.0537850691369309	0.953846153846154	0.0537850691369308	0.923076923076923	0	"model683"
0.523076923076923	0.032433617027368	0.984615384615385	0.032433617027368	0.538461538461538	0	"model684"
0.284615384615385	0.158269737046266	0.284615384615385	0.158269737046266	1	0	"model685"
0.138461538461538	0.119168718344844	0.138461538461538	0.119168718344844	1	0	"model686"
0.446153846153846	0.032433617027368	0.984615384615385	0.032433617027368	0.461538461538462	0	"model687"
0.853846153846154	0.056758829797894	0.930769230769231	0.056758829797894	0.923076923076923	0	"model688"
0.369230769230769	0.107570138273862	0.369230769230769	0.107570138273862	1	0	"model689"
0.876923076923077	0.0397229061149479	0.953846153846154	0.0397229061149478	0.923076923076923	0	"model690"
-0.0307692307692308	0.0397229061149479	0.969230769230769	0.0397229061149478	0	0	"model691"
0.723076923076923	0.121355482730249	0.723076923076923	0.121355482730249	1	0	"model692"
0.261538461538462	0.136645257379223	0.261538461538462	0.136645257379223	1	0	"model693"
0.384615384615385	0.0725237724293895	0.384615384615385	0.0725237724293895	1	0	"model694"
0.715384615384615	0.145274004863747	0.715384615384615	0.145274004863747	1	0	"model695"
0.715384615384615	0.0814884542670292	0.715384615384615	0.0814884542670292	1	0	"model696"
0.3	0.024325212770526	0.992307692307692	0.024325212770526	0.307692307692308	0	"model697"
0.384615384615385	0.102564102564103	0.384615384615385	0.102564102564103	1	0	"model698"
0.369230769230769	0.201245301234344	0.369230769230769	0.201245301234344	1	0	"model699"
0.861538461538462	0.107570138273862	0.861538461538462	0.107570138273862	1	0	"model700"
0.369230769230769	0.15298906554027	0.369230769230769	0.15298906554027	1	0	"model701"
0.761538461538461	0.0764945327701349	0.761538461538461	0.0764945327701349	1	0	"model702"
0.723076923076923	0.103838239647777	0.723076923076923	0.103838239647777	1	0	"model703"
0.246153846153846	0.124563669758883	0.246153846153846	0.124563669758883	1	0	"model704"
0.753846153846154	0.148629505089122	0.753846153846154	0.148629505089122	1	0	"model705"
0.884615384615385	0.0543928293220421	0.961538461538462	0.0543928293220421	0.923076923076923	0	"model706"
0.692307692307692	0.0888231183368655	0.692307692307692	0.0888231183368655	1	0	"model707"
0.384615384615385	0.177646236673731	0.384615384615385	0.177646236673731	1	0	"model708"
0.561538461538462	0.0814884542670292	0.561538461538462	0.0814884542670292	1	0	"model709"
0	0	1	0	0	0	"model710"
0.576923076923077	0.0543928293220421	0.961538461538462	0.0543928293220421	0.615384615384615	0	"model711"
0.369230769230769	0.107570138273862	0.369230769230769	0.107570138273862	1	0	"model712"
0.907692307692308	0.0794458122298957	0.907692307692308	0.0794458122298957	1	0	"model713"
0	0	1	0	0	0	"model714"
0.684615384615385	0.111472128816842	0.684615384615385	0.111472128816842	1	0	"model715"
0.338461538461538	0.195948442815824	0.338461538461538	0.195948442815824	1	0	"model716"
0	0	1	0	0	0	"model717"
0.776923076923077	0.111472128816842	0.776923076923077	0.111472128816842	1	0	"model718"
0.461538461538462	0.158061897512025	0.461538461538462	0.158061897512025	1	0	"model719"
0.6	0.101273936708367	0.6	0.101273936708367	1	0	"model720"
0.876923076923077	0.121355482730249	0.876923076923077	0.121355482730249	1	0	"model721"
0.376923076923077	0.122702421682107	0.376923076923077	0.122702421682107	1	0	"model722"
0	0	1	0	0	0	"model723"
0.630769230769231	0.0873301864919303	0.630769230769231	0.0873301864919303	1	0	"model724"
0.846153846153846	0.0362618862146947	0.923076923076923	0.0362618862146947	0.923076923076923	0	"model725"
0.407692307692308	0.0962819659257363	0.407692307692308	0.0962819659257363	1	0	"model726"
0.861538461538462	0.032433617027368	0.938461538461538	0.032433617027368	0.923076923076923	0	"model727"
0.876923076923077	0.064867234054736	0.876923076923077	0.064867234054736	1	0	"model728"
0.707692307692308	0.101273936708367	0.707692307692308	0.101273936708367	1	0	"model729"
0.346153846153846	0.110286221372341	0.346153846153846	0.110286221372341	1	0	"model730"
0.784615384615385	0.0794458122298957	0.861538461538462	0.0794458122298957	0.923076923076923	0	"model731"
0.261538461538462	0.195948442815824	0.261538461538462	0.195948442815824	1	0	"model732"
0.861538461538462	0.0606777413651243	0.938461538461538	0.0606777413651243	0.923076923076923	0	"model733"
0.392307692307692	0.105409255338946	0.392307692307692	0.105409255338946	1	0	"model734"
0.238461538461538	0.0989756875159938	0.238461538461538	0.0989756875159938	1	0	"model735"
0.892307692307692	0.0537850691369309	0.969230769230769	0.0537850691369308	0.923076923076923	0	"model736"
0.807692307692308	0.0543928293220421	0.884615384615385	0.0543928293220421	0.923076923076923	0	"model737"
0.6	0.13470692858014	0.6	0.13470692858014	1	0	"model738"
0.607692307692308	0.127948461024355	0.607692307692308	0.127948461024355	1	0	"model739"
0.823076923076923	0.0962819659257363	0.9	0.0962819659257364	0.923076923076923	0	"model740"
0.361538461538462	0.114956470622871	0.361538461538462	0.114956470622871	1	0	"model741"
0.338461538461538	0.115811177339859	0.338461538461538	0.115811177339859	1	0	"model742"
0.861538461538462	0.048650425541052	0.938461538461538	0.048650425541052	0.923076923076923	0	"model743"
0.869230769230769	0.0519191198238887	0.869230769230769	0.0519191198238887	1	0	"model744"
0.884615384615385	0.0830864192103572	0.884615384615385	0.0830864192103572	1	0	"model745"
0.369230769230769	0.173148133498812	0.369230769230769	0.173148133498812	1	0	"model746"
0	0	1	0	0	0	"model747"
0.838461538461538	0.056758829797894	0.915384615384615	0.056758829797894	0.923076923076923	0	"model748"
0.723076923076923	0.150388495370412	0.723076923076923	0.150388495370412	1	0	"model749"
0.653846153846154	0.116094681258172	0.653846153846154	0.116094681258172	1	0	"model750"
0.353846153846154	0.162976908534058	0.353846153846154	0.162976908534058	1	0	"model751"
0.3	0.056758829797894	0.3	0.056758829797894	1	0	"model752"
0.292307692307692	0.113517659595788	0.292307692307692	0.113517659595788	1	0	"model753"
0.761538461538461	0.132987717742461	0.761538461538461	0.132987717742461	1	0	"model754"
0.415384615384615	0.126657323438241	0.415384615384615	0.126657323438241	1	0	"model755"
0.192307692307692	0.0747557935236577	0.192307692307692	0.0747557935236577	1	0	"model756"
0.484615384615385	0.185077768539678	0.484615384615385	0.185077768539678	1	0	"model757"
0.315384615384615	0.117221840519615	0.315384615384615	0.117221840519615	1	0	"model758"
-0.0230769230769231	0.0371573762722806	0.976923076923077	0.0371573762722806	0	0	"model759"
0	0	1	0	0	0	"model760"
0.876923076923077	0.0743147525445613	0.953846153846154	0.0743147525445612	0.923076923076923	0	"model761"
0.676923076923077	0.113517659595788	0.676923076923077	0.113517659595788	1	0	"model762"
-0.0230769230769231	0.0371573762722806	0.976923076923077	0.0371573762722806	0	0	"model763"
0.884615384615385	0.0543928293220421	0.961538461538462	0.0543928293220421	0.923076923076923	0	"model764"
0.730769230769231	0.097638116741845	0.730769230769231	0.097638116741845	1	0	"model765"
0.369230769230769	0.0945594303312091	0.369230769230769	0.0945594303312091	1	0	"model766"
0.230769230769231	0.08108404256842	0.230769230769231	0.08108404256842	1	0	"model767"
0.161538461538462	0.111472128816842	0.161538461538462	0.111472128816842	1	0	"model768"
0.476923076923077	0.187723130438186	0.476923076923077	0.187723130438186	1	0	"model769"
0.746153846153846	0.089192446825262	0.746153846153846	0.089192446825262	1	0	"model770"
0.715384615384615	0.162370668707565	0.715384615384615	0.162370668707565	1	0	"model771"
0.776923076923077	0.105409255338946	0.776923076923077	0.105409255338946	1	0	"model772"
0.869230769230769	0.0633286617191204	0.946153846153846	0.0633286617191204	0.923076923076923	0	"model773"
-0.0153846153846154	0.032433617027368	0.984615384615385	0.032433617027368	0	0	"model774"
0.184615384615385	0.126657323438241	0.184615384615385	0.126657323438241	1	0	"model775"
0.369230769230769	0.124563669758883	0.369230769230769	0.124563669758883	1	0	"model776"
0.846153846153846	0.08108404256842	0.923076923076923	0.08108404256842	0.923076923076923	0	"model777"
0.846153846153846	0.0628074293021328	0.923076923076923	0.0628074293021328	0.923076923076923	0	"model778"
0.884615384615385	0.0747557935236577	0.961538461538462	0.0747557935236577	0.923076923076923	0	"model779"
0.0615384615384615	0.032433617027368	0.984615384615385	0.032433617027368	0.0769230769230769	0	"model780"
0.769230769230769	0.0959399329942036	0.846153846153846	0.0959399329942036	0.923076923076923	0	"model781"
0.853846153846154	0.056758829797894	0.930769230769231	0.056758829797894	0.923076923076923	0	"model782"
0.261538461538462	0.0902913685213283	0.261538461538462	0.0902913685213283	1	0	"model783"
0.861538461538462	0.048650425541052	0.938461538461538	0.048650425541052	0.923076923076923	0	"model784"
0.592307692307692	0.0371573762722806	0.976923076923077	0.0371573762722806	0.615384615384615	0	"model785"
0	0	1	0	0	0	"model786"
0.4	0.113517659595788	0.4	0.113517659595788	1	0	"model787"
0.884615384615385	0.04054202128421	0.961538461538462	0.04054202128421	0.923076923076923	0	"model788"
0.384615384615385	0.130744090092123	0.384615384615385	0.130744090092123	1	0	"model789"
0.907692307692308	0.032433617027368	0.984615384615385	0.032433617027368	0.923076923076923	0	"model790"
0.346153846153846	0.17484848329469	0.346153846153846	0.17484848329469	1	0	"model791"
0.330769230769231	0.114956470622871	0.330769230769231	0.114956470622871	1	0	"model792"
0.492307692307692	0.126657323438241	0.492307692307692	0.126657323438241	1	0	"model793"
0.6	0.129734468109472	0.6	0.129734468109472	1	0	"model794"
0.653846153846154	0.150606924672702	0.653846153846154	0.150606924672702	1	0	"model795"
0.476923076923077	0.107570138273862	0.476923076923077	0.107570138273862	1	0	"model796"
0.192307692307692	0.12162606385263	0.192307692307692	0.12162606385263	1	0	"model797"
0.592307692307692	0.125876284191114	0.592307692307692	0.125876284191114	1	0	"model798"
-0.00769230769230769	0.024325212770526	0.992307692307692	0.024325212770526	0	0	"model799"
0.838461538461538	0.117221840519615	0.838461538461538	0.117221840519615	1	0	"model800"
0.353846153846154	0.0902913685213283	0.353846153846154	0.0902913685213283	1	0	"model801"
0.253846153846154	0.162370668707565	0.253846153846154	0.162370668707565	1	0	"model802"
0.423076923076923	0.0747557935236577	0.423076923076923	0.0747557935236577	1	0	"model803"
0.430769230769231	0.131745975165796	0.430769230769231	0.131745975165796	1	0	"model804"
0.553846153846154	0.129734468109472	0.553846153846154	0.129734468109472	1	0	"model805"
0.792307692307692	0.0519191198238887	0.869230769230769	0.0519191198238887	0.923076923076923	0	"model806"
0	0	1	0	0	0	"model807"
0.515384615384615	0.109087422493244	0.515384615384615	0.109087422493244	1	0	"model808"
0.792307692307692	0.0814884542670292	0.869230769230769	0.0814884542670293	0.923076923076923	0	"model809"
0.338461538461538	0.0902913685213283	0.338461538461538	0.0902913685213283	1	0	"model810"
0.830769230769231	0.0706874294978986	0.907692307692308	0.0706874294978986	0.923076923076923	0	"model811"
0.707692307692308	0.129734468109472	0.707692307692308	0.129734468109472	1	0	"model812"
0.692307692307692	0.140441681411581	0.692307692307692	0.140441681411581	1	0	"model813"
0	0	1	0	0	0	"model814"
0.3	0.105409255338946	0.3	0.105409255338946	1	0	"model815"
-0.0307692307692308	0.0397229061149479	0.969230769230769	0.0397229061149478	0	0	"model816"
0.815384615384615	0.103838239647777	0.815384615384615	0.103838239647777	1	0	"model817"
0.369230769230769	0.119168718344844	0.369230769230769	0.119168718344844	1	0	"model818"
0.384615384615385	0.125614858604266	0.384615384615385	0.125614858604266	1	0	"model819"
0.169230769230769	0.107570138273862	0.169230769230769	0.107570138273862	1	0	"model820"
0.707692307692308	0.101273936708367	0.707692307692308	0.101273936708367	1	0	"model821"
0	0	1	0	0	0	"model822"
0.361538461538462	0.109087422493244	0.361538461538462	0.109087422493244	1	0	"model823"
0.276923076923077	0.10998774661296	0.276923076923077	0.10998774661296	1	0	"model824"
0.338461538461538	0.0826898230594723	0.338461538461538	0.0826898230594723	1	0	"model825"
-0.00769230769230769	0.024325212770526	0.992307692307692	0.024325212770526	0	0	"model826"
0.0538461538461538	0.0371573762722806	0.976923076923077	0.0371573762722806	0.0769230769230769	0	"model827"
0.284615384615385	0.114956470622871	0.284615384615385	0.114956470622871	1	0	"model828"
0.815384615384615	0.0826898230594723	0.892307692307692	0.0826898230594723	0.923076923076923	0	"model829"
-0.0153846153846154	0.032433617027368	0.984615384615385	0.032433617027368	0	0	"model830"
0.861538461538462	0.0606777413651243	0.938461538461538	0.0606777413651243	0.923076923076923	0	"model831"
0.7	0.0989756875159938	0.7	0.0989756875159938	1	0	"model832"
0.184615384615385	0.141374858995797	0.184615384615385	0.141374858995797	1	0	"model833"
0.246153846153846	0.0873301864919303	0.246153846153846	0.0873301864919303	1	0	"model834"
0.492307692307692	0.199275479258723	0.492307692307692	0.199275479258723	1	0	"model835"
0.884615384615385	0.0543928293220421	0.961538461538462	0.0543928293220421	0.923076923076923	0	"model836"
0.423076923076923	0.20592792825909	0.423076923076923	0.20592792825909	1	0	"model837"
0.653846153846154	0.12162606385263	0.653846153846154	0.12162606385263	1	0	"model838"
-0.00769230769230769	0.024325212770526	0.992307692307692	0.024325212770526	0	0	"model839"
0.830769230769231	0.032433617027368	0.984615384615385	0.032433617027368	0.846153846153846	0	"model840"
0.376923076923077	0.147073132304615	0.376923076923077	0.147073132304615	1	0	"model841"
-0.0230769230769231	0.0371573762722806	0.976923076923077	0.0371573762722806	0	0	"model842"
0.4	0.157227791966727	0.4	0.157227791966727	1	0	"model843"
0.753846153846154	0.0873301864919303	0.830769230769231	0.0873301864919303	0.923076923076923	0	"model844"
0.353846153846154	0.218174844986489	0.353846153846154	0.218174844986489	1	0	"model845"
0.876923076923077	0.0537850691369309	0.953846153846154	0.0537850691369308	0.923076923076923	0	"model846"
0.646153846153846	0.115811177339859	0.646153846153846	0.115811177339859	1	0	"model847"
0.646153846153846	0.150388495370412	0.646153846153846	0.150388495370412	1	0	"model848"
0.469230769230769	0.117221840519615	0.469230769230769	0.117221840519615	1	0	"model849"
0.461538461538462	0.153846153846154	0.461538461538462	0.153846153846154	1	0	"model850"
0.846153846153846	0.08108404256842	0.846153846153846	0.08108404256842	1	0	"model851"
0.638461538461538	0.149731295596476	0.638461538461538	0.149731295596476	1	0	"model852"
0.292307692307692	0.124563669758883	0.292307692307692	0.124563669758883	1	0	"model853"
0.676923076923077	0.107570138273862	0.676923076923077	0.107570138273862	1	0	"model854"
0.815384615384615	0.064867234054736	0.892307692307692	0.064867234054736	0.923076923076923	0	"model855"
0.376923076923077	0.127948461024355	0.376923076923077	0.127948461024355	1	0	"model856"
0.146153846153846	0.117221840519615	0.146153846153846	0.117221840519615	1	0	"model857"
0.261538461538462	0.0902913685213283	0.261538461538462	0.0902913685213283	1	0	"model858"
0.484615384615385	0.177831188557946	0.484615384615385	0.177831188557946	1	0	"model859"
0.492307692307692	0.136645257379223	0.492307692307692	0.136645257379223	1	0	"model860"
0.307692307692308	0.0888231183368655	0.307692307692308	0.0888231183368655	1	0	"model861"
0.769230769230769	0.108785658644084	0.769230769230769	0.108785658644084	1	0	"model862"
0.4	0.139502261628056	0.4	0.139502261628056	1	0	"model863"
0.353846153846154	0.141374858995797	0.353846153846154	0.141374858995797	1	0	"model864"
0.546153846153846	0.0989756875159937	0.546153846153846	0.0989756875159937	1	0	"model865"
0.3	0.163982327746866	0.3	0.163982327746866	1	0	"model866"
0.676923076923077	0.124563669758883	0.676923076923077	0.124563669758883	1	0	"model867"
0.415384615384615	0.0397229061149479	0.953846153846154	0.0397229061149478	0.461538461538462	0	"model868"
0.315384615384615	0.137842872366314	0.315384615384615	0.137842872366314	1	0	"model869"
0.153846153846154	0.0959399329942036	0.153846153846154	0.0959399329942036	1	0	"model870"
0.4	0.13470692858014	0.4	0.13470692858014	1	0	"model871"
0.423076923076923	0.17484848329469	0.423076923076923	0.17484848329469	1	0	"model872"
0.4	0.0945594303312091	0.4	0.0945594303312091	1	0	"model873"
0.423076923076923	0.178569080476719	0.423076923076923	0.178569080476719	1	0	"model874"
0.707692307692308	0.0945594303312091	0.707692307692308	0.0945594303312091	1	0	"model875"
0.784615384615385	0.129734468109472	0.784615384615385	0.129734468109472	1	0	"model876"
0.830769230769231	0.0873301864919303	0.830769230769231	0.0873301864919303	1	0	"model877"
0.692307692307692	0.0888231183368655	0.692307692307692	0.0888231183368655	1	0	"model878"
0.384615384615385	0.140441681411581	0.384615384615385	0.140441681411581	1	0	"model879"
0.761538461538461	0.092093769210605	0.838461538461538	0.092093769210605	0.923076923076923	0	"model880"
0.138461538461538	0.113517659595788	0.138461538461538	0.113517659595788	1	0	"model881"
0.407692307692308	0.16637054561547	0.407692307692308	0.16637054561547	1	0	"model882"
0.661538461538462	0.064867234054736	0.969230769230769	0.064867234054736	0.692307692307692	0	"model883"
0	0	1	0	0	0	"model884"
0.315384615384615	0.137842872366314	0.315384615384615	0.137842872366314	1	0	"model885"
0.761538461538461	0.056758829797894	0.761538461538461	0.056758829797894	1	0	"model886"
0.730769230769231	0.0906547155367369	0.730769230769231	0.0906547155367369	1	0	"model887"
0.753846153846154	0.124563669758883	0.753846153846154	0.124563669758883	1	0	"model888"
0.746153846153846	0.0962819659257363	0.746153846153846	0.0962819659257363	1	0	"model889"
-0.0230769230769231	0.0519191198238887	0.976923076923077	0.0519191198238887	0	0	"model890"
0.892307692307692	0.0397229061149479	0.969230769230769	0.0397229061149478	0.923076923076923	0	"model891"
0.369230769230769	0.101273936708367	0.369230769230769	0.101273936708367	1	0	"model892"
0.492307692307692	0.0537850691369308	0.492307692307692	0.0537850691369308	1	0	"model893"
0.523076923076923	0.0706874294978986	0.523076923076923	0.0706874294978986	1	0	"model894"
-0.00769230769230769	0.024325212770526	0.992307692307692	0.024325212770526	0	0	"model895"
0.892307692307692	0.0537850691369309	0.969230769230769	0.0537850691369308	0.923076923076923	0	"model896"
0.507692307692308	0.064867234054736	0.969230769230769	0.064867234054736	0.538461538461538	0	"model897"
0	0	1	0	0	0	"model898"
0.446153846153846	0.139502261628056	0.446153846153846	0.139502261628056	1	0	"model899"
0.507692307692308	0.154698493630752	0.507692307692308	0.154698493630752	1	0	"model900"
0.284615384615385	0.102884116142251	0.284615384615385	0.102884116142251	1	0	"model901"
0.684615384615385	0.151477492181968	0.684615384615385	0.151477492181968	1	0	"model902"
0.6	0.032433617027368	0.984615384615385	0.032433617027368	0.615384615384615	0	"model903"
0.784615384615385	0.107570138273862	0.861538461538462	0.107570138273862	0.923076923076923	0	"model904"
0.769230769230769	0.120267070764703	0.769230769230769	0.120267070764703	1	0	"model905"
0.784615384615385	0.107570138273862	0.784615384615385	0.107570138273862	1	0	"model906"
0.392307692307692	0.122702421682107	0.392307692307692	0.122702421682107	1	0	"model907"
0.807692307692308	0.0830864192103572	0.884615384615385	0.0830864192103572	0.923076923076923	0	"model908"
0.653846153846154	0.131995258217782	0.653846153846154	0.131995258217782	1	0	"model909"
0.392307692307692	0.0989756875159938	0.392307692307692	0.0989756875159938	1	0	"model910"
0.884615384615385	0.0747557935236577	0.884615384615385	0.0747557935236577	1	0	"model911"
0	0	1	0	0	0	"model912"
0.269230769230769	0.136885618615786	0.269230769230769	0.136885618615786	1	0	"model913"
0.838461538461538	0.0764945327701349	0.915384615384615	0.0764945327701349	0.923076923076923	0	"model914"
0.607692307692308	0.137842872366314	0.607692307692308	0.137842872366314	1	0	"model915"
0.423076923076923	0.116094681258172	0.423076923076923	0.116094681258172	1	0	"model916"
0.430769230769231	0.0397229061149479	0.969230769230769	0.0397229061149478	0.461538461538462	0	"model917"
0.446153846153846	0.107570138273862	0.446153846153846	0.107570138273862	1	0	"model918"
0.3	0.159922729533463	0.3	0.159922729533463	1	0	"model919"
0.915384615384615	0.0764945327701349	0.915384615384615	0.0764945327701349	1	0	"model920"
0.423076923076923	0.171046975181107	0.423076923076923	0.171046975181107	1	0	"model921"
-0.00769230769230769	0.024325212770526	0.992307692307692	0.024325212770526	0	0	"model922"
0.407692307692308	0.0814884542670292	0.407692307692308	0.0814884542670292	1	0	"model923"
0.769230769230769	0.149511587047315	0.769230769230769	0.149511587047315	1	0	"model924"
-0.0153846153846154	0.032433617027368	0.984615384615385	0.032433617027368	0	0	"model925"
0.684615384615385	0.056758829797894	0.684615384615385	0.056758829797894	1	0	"model926"
0.592307692307692	0.14067555614713	0.592307692307692	0.14067555614713	1	0	"model927"
0.830769230769231	0.0945594303312091	0.907692307692308	0.0945594303312091	0.923076923076923	0	"model928"
0.438461538461538	0.072975638311578	0.438461538461538	0.072975638311578	1	0	"model929"
0.269230769230769	0.146176336551172	0.269230769230769	0.146176336551172	1	0	"model930"
0.669230769230769	0.109087422493244	0.669230769230769	0.109087422493244	1	0	"model931"
0.561538461538462	0.109087422493244	0.561538461538462	0.109087422493244	1	0	"model932"
0.846153846153846	0.0628074293021328	0.846153846153846	0.0628074293021328	1	0	"model933"
0	0	1	0	0	0	"model934"
0.653846153846154	0.136885618615786	0.653846153846154	0.136885618615786	1	0	"model935"
-0.00769230769230769	0.024325212770526	0.992307692307692	0.024325212770526	0	0	"model936"
0.284615384615385	0.120540095113263	0.284615384615385	0.120540095113263	1	0	"model937"
0.5	0.131995258217782	0.5	0.131995258217782	1	0	"model938"
0.646153846153846	0.10998774661296	0.646153846153846	0.10998774661296	1	0	"model939"
0.323076923076923	0.113517659595788	0.323076923076923	0.113517659595788	1	0	"model940"
0.792307692307692	0.089192446825262	0.869230769230769	0.089192446825262	0.923076923076923	0	"model941"
0.361538461538462	0.114956470622871	0.361538461538462	0.114956470622871	1	0	"model942"
0.453846153846154	0.105409255338946	0.453846153846154	0.105409255338946	1	0	"model943"
0.4	0.139502261628056	0.4	0.139502261628056	1	0	"model944"
0.438461538461538	0.149731295596476	0.438461538461538	0.149731295596476	1	0	"model945"
0.292307692307692	0.119168718344844	0.292307692307692	0.119168718344844	1	0	"model946"
0.738461538461539	0.103838239647777	0.738461538461539	0.103838239647777	1	0	"model947"
0.553846153846154	0.13470692858014	0.553846153846154	0.13470692858014	1	0	"model948"
0.446153846153846	0.148629505089122	0.446153846153846	0.148629505089122	1	0	"model949"
-0.0153846153846154	0.032433617027368	0.984615384615385	0.032433617027368	0	0	"model950"
0.815384615384615	0.115811177339859	0.892307692307692	0.115811177339859	0.923076923076923	0	"model951"
-0.0153846153846154	0.032433617027368	0.984615384615385	0.032433617027368	0	0	"model952"
0.830769230769231	0.0606777413651243	0.830769230769231	0.0606777413651243	1	0	"model953"
0.838461538461538	0.0673534642900702	0.915384615384615	0.0673534642900702	0.923076923076923	0	"model954"
-0.0307692307692308	0.0397229061149479	0.969230769230769	0.0397229061149478	0	0	"model955"
0.376923076923077	0.167943824551926	0.376923076923077	0.167943824551926	1	0	"model956"
0.369230769230769	0.13470692858014	0.369230769230769	0.13470692858014	1	0	"model957"
0.761538461538461	0.105409255338946	0.761538461538461	0.105409255338946	1	0	"model958"
0.461538461538462	0.125614858604266	0.461538461538462	0.125614858604266	1	0	"model959"
0.730769230769231	0.0830864192103572	0.730769230769231	0.0830864192103572	1	0	"model960"
-0.00769230769230769	0.024325212770526	0.992307692307692	0.024325212770526	0	0	"model961"
0.492307692307692	0.121355482730249	0.492307692307692	0.121355482730249	1	0	"model962"
0.8	0.154698493630752	0.8	0.154698493630752	1	0	"model963"
0.430769230769231	0.126657323438241	0.430769230769231	0.126657323438241	1	0	"model964"
0.815384615384615	0.141374858995797	0.815384615384615	0.141374858995797	1	0	"model965"
0.338461538461538	0.10998774661296	0.338461538461538	0.10998774661296	1	0	"model966"
0.861538461538462	0.0794458122298957	0.938461538461538	0.0794458122298957	0.923076923076923	0	"model967"
0.876923076923077	0.0743147525445613	0.876923076923077	0.0743147525445613	1	0	"model968"
-0.0153846153846154	0.032433617027368	0.984615384615385	0.032433617027368	0	0	"model969"
0.7	0.132987717742461	0.7	0.132987717742461	1	0	"model970"
0.407692307692308	0.120540095113263	0.407692307692308	0.120540095113263	1	0	"model971"
0.838461538461538	0.0764945327701349	0.915384615384615	0.0764945327701349	0.923076923076923	0	"model972"
0.276923076923077	0.115811177339859	0.276923076923077	0.115811177339859	1	0	"model973"
0.769230769230769	0.125614858604266	0.769230769230769	0.125614858604266	1	0	"model974"
0.876923076923077	0.064867234054736	0.876923076923077	0.064867234054736	1	0	"model975"
0.330769230769231	0.125876284191114	0.330769230769231	0.125876284191114	1	0	"model976"
0.338461538461538	0.064867234054736	0.338461538461538	0.064867234054736	1	0	"model977"
0.230769230769231	0.125614858604266	0.230769230769231	0.125614858604266	1	0	"model978"
0	0	1	0	0	0	"model979"
0.892307692307692	0.0537850691369309	0.969230769230769	0.0537850691369308	0.923076923076923	0	"model980"
0.638461538461538	0.102884116142251	0.638461538461538	0.102884116142251	1	0	"model981"
0.792307692307692	0.0962819659257363	0.792307692307692	0.0962819659257363	1	0	"model982"
0.523076923076923	0.13470692858014	0.523076923076923	0.13470692858014	1	0	"model983"
0.492307692307692	0.064867234054736	0.953846153846154	0.064867234054736	0.538461538461538	0	"model984"
0.546153846153846	0.167943824551926	0.546153846153846	0.167943824551926	1	0	"model985"
0.861538461538462	0.048650425541052	0.938461538461538	0.048650425541052	0.923076923076923	0	"model986"
0.330769230769231	0.13592162339178	0.330769230769231	0.13592162339178	1	0	"model987"
0.653846153846154	0.04054202128421	0.961538461538462	0.04054202128421	0.692307692307692	0	"model988"
0.792307692307692	0.109087422493244	0.792307692307692	0.109087422493244	1	0	"model989"
0.876923076923077	0.0537850691369309	0.953846153846154	0.0537850691369308	0.923076923076923	0	"model990"
0.876923076923077	0.0743147525445612	0.953846153846154	0.0743147525445612	0.923076923076923	0	"model991"
0.807692307692308	0.097638116741845	0.807692307692308	0.097638116741845	1	0	"model992"
0.4	0.124563669758883	0.4	0.124563669758883	1	0	"model993"
0.415384615384615	0.10998774661296	0.415384615384615	0.10998774661296	1	0	"model994"
0.446153846153846	0.0706874294978986	0.446153846153846	0.0706874294978986	1	0	"model995"
0.161538461538462	0.092093769210605	0.161538461538462	0.092093769210605	1	0	"model996"
0.8	0.126657323438241	0.8	0.126657323438241	1	0	"model997"
0.330769230769231	0.072975638311578	0.330769230769231	0.072975638311578	1	0	"model998"
0.746153846153846	0.109087422493244	0.746153846153846	0.109087422493244	1	0	"model999"
0.876923076923077	0.0537850691369309	0.953846153846154	0.0537850691369308	0.923076923076923	0	"model1000"
