"TSS.MN"	"TSS.sd"	"speci.MN"	"speci.sd"	"sensi.MN"	"sensi.sd"	"model"
0.203448275862069	0.00726960381647904	0.996551724137931	0.00726960381647905	0.206896551724138	0	"model1"
0.25	0.0121914962273543	0.991379310344828	0.0121914962273543	0.258620689655172	0	"model2"
0.803448275862069	0.0327132171741556	0.906896551724138	0.0327132171741557	0.896551724137931	0	"model3"
0	0	1	0	0	0	"model4"
0.789655172413793	0.0226993306415305	0.789655172413793	0.0226993306415305	1	0	"model5"
0.0517241379310345	0	1	0	0.0517241379310345	0	"model6"
0.818965517241379	0.0233449379443562	0.870689655172414	0.0233449379443562	0.948275862068966	0	"model7"
0.782758620689655	0.0515322109688733	0.851724137931035	0.0515322109688733	0.931034482758621	0	"model8"
0.818965517241379	0.0365744886820628	0.853448275862069	0.0365744886820628	0.96551724137931	0	"model9"
0.0172413793103448	0	1	0	0.0172413793103448	0	"model10"
0.782758620689655	0.0272003668188488	0.868965517241379	0.0272003668188488	0.913793103448276	0	"model11"
0.775862068965517	0.0354276666837297	0.879310344827586	0.0354276666837298	0.896551724137931	0	"model12"
0.774137931034483	0.0385100357879332	0.860344827586207	0.0385100357879333	0.913793103448276	0	"model13"
0.306896551724138	0.00726960381647905	0.996551724137931	0.00726960381647905	0.310344827586207	0	"model14"
0.787931034482759	0.031530728101943	0.787931034482759	0.031530728101943	1	0	"model15"
0.81551724137931	0.0422716679274328	0.918965517241379	0.0422716679274328	0.896551724137931	0	"model16"
0.629310344827586	0.0284468245304933	0.939655172413793	0.0284468245304933	0.689655172413793	0	"model17"
0.0344827586206897	0	1	0	0.0344827586206897	0	"model18"
0	0	1	0	0	0	"model19"
0	0	1	0	0	0	"model20"
0.28448275862069	0.0121914962273543	0.991379310344828	0.0121914962273543	0.293103448275862	0	"model21"
0	0	1	0	0	0	"model22"
0.768965517241379	0.0166567548806775	0.906896551724138	0.0166567548806775	0.862068965517241	0	"model23"
0	0	1	0	0	0	"model24"
0.808620689655172	0.0393583762488826	0.808620689655172	0.0393583762488826	1	0	"model25"
0	0	1	0	0	0	"model26"
0.762068965517241	0.0342906526210949	0.917241379310345	0.0342906526210949	0.844827586206897	0	"model27"
0	0	1	0	0	0	"model28"
0	0	1	0	0	0	"model29"
0	0	1	0	0	0	"model30"
0.117241379310345	0.00726960381647904	0.996551724137931	0.00726960381647905	0.120689655172414	0	"model31"
0.827586206896552	0.0414431181087815	0.879310344827586	0.0414431181087815	0.948275862068966	0	"model32"
0	0	1	0	0	0	"model33"
0.78448275862069	0.0447021528336323	0.78448275862069	0.0447021528336323	1	0	"model34"
0.806896551724138	0.0623238699389699	0.806896551724138	0.0623238699389699	1	0	"model35"
0	0	1	0	0	0	"model36"
0	0	1	0	0	0	"model37"
0.579310344827586	0.042388710148473	0.579310344827586	0.042388710148473	1	0	"model38"
0.698275862068966	0.0306812593449176	0.922413793103448	0.0306812593449176	0.775862068965517	0	"model39"
0	0	1	0	0	0	"model40"
0	0	1	0	0	0	"model41"
0.643103448275862	0.0335604628061068	0.918965517241379	0.0335604628061068	0.724137931034483	0	"model42"
0	0	1	0	0	0	"model43"
0.791379310344828	0.0553934747587195	0.791379310344828	0.0553934747587195	1	0	"model44"
0.205172413793103	0.00545220286235928	0.998275862068966	0.00545220286235929	0.206896551724138	0	"model45"
0	0	1	0	0	0	"model46"
0	0	1	0	0	0	"model47"
0	0	1	0	0	0	"model48"
0.762068965517241	0.0301929322679625	0.917241379310345	0.0301929322679625	0.844827586206897	0	"model49"
0.0344827586206897	0	1	0	0.0344827586206897	0	"model50"
0.827586206896552	0.0389789079489958	0.844827586206897	0.0389789079489958	0.982758620689655	0	"model51"
0.801724137931034	0.0233449379443562	0.887931034482759	0.0233449379443562	0.913793103448276	0	"model52"
0	0	1	0	0	0	"model53"
0	0	1	0	0	0	"model54"
0.78448275862069	0.0587501387938531	0.78448275862069	0.0587501387938531	1	0	"model55"
0.817241379310345	0.0534204599476885	0.817241379310345	0.0534204599476885	1	0	"model56"
0	0	1	0	0	0	"model57"
0	0	1	0	0	0	"model58"
0	0	1	0	0	0	"model59"
0.777586206896552	0.0385100357879332	0.91551724137931	0.0385100357879332	0.862068965517241	0	"model60"
0	0	1	0	0	0	"model61"
0	0	1	0	0	0	"model62"
0	0	1	0	0	0	"model63"
0	0	1	0	0	0	"model64"
0.28448275862069	0.0146523549241172	0.991379310344828	0.0146523549241172	0.293103448275862	0	"model65"
0.758620689655172	0.0269564124127783	0.931034482758621	0.0269564124127783	0.827586206896552	0	"model66"
0.0172413793103448	0	1	0	0.0172413793103448	0	"model67"
0.722413793103448	0.0789890209127755	0.722413793103448	0.0789890209127755	1	0	"model68"
0	0	1	0	0	0	"model69"
0.817241379310345	0.0316874683956097	0.903448275862069	0.0316874683956097	0.913793103448276	0	"model70"
0	0	1	0	0	0	"model71"
0	0	1	0	0	0	"model72"
0.0344827586206897	0	1	0	0.0344827586206897	0	"model73"
0.63448275862069	0.0279194432218187	0.944827586206897	0.0279194432218187	0.689655172413793	0	"model74"
0.793103448275862	0.0314783079025957	0.879310344827586	0.0314783079025958	0.913793103448276	0	"model75"
0	0	1	0	0	0	"model76"
0.355172413793103	0.0185339258581576	0.975862068965517	0.0185339258581576	0.379310344827586	0	"model77"
0	0	1	0	0	0	"model78"
0.0172413793103448	0	1	0	0.0172413793103448	0	"model79"
0.78448275862069	0.029585144083296	0.853448275862069	0.029585144083296	0.931034482758621	0	"model80"
0.703448275862069	0.0649196379146802	0.703448275862069	0.0649196379146802	1	0	"model81"
0.346551724137931	0.00978700365857839	0.98448275862069	0.00978700365857839	0.362068965517241	0	"model82"
0	0	1	0	0	0	"model83"
0	0	1	0	0	0	"model84"
0.670689655172414	0.0358447497230176	0.946551724137931	0.0358447497230176	0.724137931034483	0	"model85"
0	0	1	0	0	0	"model86"
0.470689655172414	0.0199914104953174	0.970689655172414	0.0199914104953173	0.5	0	"model87"
0	0	1	0	0	0	"model88"
0.787931034482759	0.0481182429630678	0.787931034482759	0.0481182429630678	1	0	"model89"
0.779310344827586	0.0458331081319009	0.917241379310345	0.0458331081319009	0.862068965517241	0	"model90"
0.748275862068966	0.0246524259649738	0.886206896551724	0.0246524259649738	0.862068965517241	0	"model91"
0	0	1	0	0	0	"model92"
0.337931034482759	0.0120552741168983	0.993103448275862	0.0120552741168983	0.344827586206897	0	"model93"
0	0	1	0	0	0	"model94"
0	0	1	0	0	0	"model95"
0.810344827586207	0.0398172599441121	0.896551724137931	0.0398172599441121	0.913793103448276	0	"model96"
0.782758620689655	0.03829501436542	0.782758620689655	0.03829501436542	1	0	"model97"
0	0	1	0	0	0	"model98"
0.374137931034483	0.00832837744033875	0.994827586206896	0.00832837744033877	0.379310344827586	0	"model99"
0	0	1	0	0	0	"model100"
0	0	1	0	0	0	"model101"
0.781034482758621	0.0335604628061067	0.867241379310345	0.0335604628061068	0.913793103448276	0	"model102"
0.677586206896552	0.0257661054844367	0.936206896551724	0.0257661054844367	0.741379310344828	0	"model103"
0	0	1	0	0	0	"model104"
0.763793103448276	0.0345306181282754	0.918965517241379	0.0345306181282754	0.844827586206897	0	"model105"
0.727586206896552	0.0323068260288625	0.93448275862069	0.0323068260288625	0.793103448275862	0	"model106"
0	0	1	0	0	0	"model107"
0.812068965517241	0.0433517750934393	0.846551724137931	0.0433517750934393	0.96551724137931	0	"model108"
0.556896551724138	0.0257661054844366	0.970689655172414	0.0257661054844367	0.586206896551724	0	"model109"
0.774137931034483	0.0441070893203446	0.860344827586207	0.0441070893203446	0.913793103448276	0	"model110"
0.846551724137931	0.0448496850922452	0.846551724137931	0.0448496850922452	1	0	"model111"
0.744827586206897	0.0254436133576766	0.917241379310345	0.0254436133576766	0.827586206896552	0	"model112"
0	0	1	0	0	0	"model113"
0	0	1	0	0	0	"model114"
0.801724137931034	0.0496053922460691	0.853448275862069	0.0496053922460691	0.948275862068966	0	"model115"
0	0	1	0	0	0	"model116"
0	0	1	0	0	0	"model117"
0.737931034482759	0.0544007336376976	0.737931034482759	0.0544007336376976	1	0	"model118"
0.0517241379310345	0	1	0	0.0517241379310345	0	"model119"
0	0	1	0	0	0	"model120"
0	0	1	0	0	0	"model121"
0	0	1	0	0	0	"model122"
0	0	1	0	0	0	"model123"
0	0	1	0	0	0	"model124"
0	0	1	0	0	0	"model125"
0.0672413793103448	0.00545220286235927	0.998275862068966	0.00545220286235929	0.0689655172413793	0	"model126"
0.568965517241379	0.0229885057471264	0.948275862068966	0.0229885057471264	0.620689655172414	0	"model127"
0.0344827586206897	0	1	0	0.0344827586206897	0	"model128"
0.813793103448276	0.0420758740637313	0.86551724137931	0.0420758740637313	0.948275862068966	0	"model129"
0.729310344827586	0.0645369289132404	0.729310344827586	0.0645369289132404	1	0	"model130"
0	0	1	0	0	0	"model131"
0.789655172413793	0.0436176228988742	0.875862068965517	0.0436176228988742	0.913793103448276	0	"model132"
0.731034482758621	0.0218088114494371	0.937931034482759	0.0218088114494371	0.793103448275862	0	"model133"
0.779310344827586	0.0479463301485384	0.848275862068966	0.0479463301485384	0.931034482758621	0	"model134"
0	0	1	0	0	0	"model135"
0.591379310344828	0.0215804406385271	0.953448275862069	0.0215804406385271	0.637931034482759	0	"model136"
0.729310344827586	0.0597535343934254	0.729310344827586	0.0597535343934254	1	0	"model137"
0.38448275862069	0.0116370440984578	0.987931034482759	0.0116370440984578	0.396551724137931	0	"model138"
0	0	1	0	0	0	"model139"
0	0	1	0	0	0	"model140"
0	0	1	0	0	0	"model141"
0.782758620689655	0.0416022093582847	0.886206896551724	0.0416022093582847	0.896551724137931	0	"model142"
0.763793103448276	0.0304651914498818	0.901724137931034	0.0304651914498818	0.862068965517241	0	"model143"
0	0	1	0	0	0	"model144"
0.731034482758621	0.0259576776796235	0.920689655172414	0.0259576776796235	0.810344827586207	0	"model145"
0.53448275862069	0.0269564124127783	0.96551724137931	0.0269564124127783	0.568965517241379	0	"model146"
0.794827586206897	0.0329646675855172	0.881034482758621	0.0329646675855172	0.913793103448276	0	"model147"
0	0	1	0	0	0	"model148"
0	0	1	0	0	0	"model149"
0.446551724137931	0.0171453263105475	0.981034482758621	0.0171453263105475	0.46551724137931	0	"model150"
0.701724137931034	0.0230602329284355	0.925862068965517	0.0230602329284355	0.775862068965517	0	"model151"
0.713793103448276	0.0502339618009475	0.920689655172414	0.0502339618009475	0.793103448275862	0	"model152"
0	0	1	0	0	0	"model153"
0.793103448275862	0.0445170499564071	0.931034482758621	0.0445170499564071	0.862068965517241	0	"model154"
0	0	1	0	0	0	"model155"
0.801724137931034	0.0431991275240601	0.801724137931034	0.0431991275240601	1	0	"model156"
0.787931034482759	0.053327635446722	0.787931034482759	0.053327635446722	1	0	"model157"
0	0	1	0	0	0	"model158"
0.481034482758621	0.0127218066788383	0.981034482758621	0.0127218066788383	0.5	0	"model159"
0	0	1	0	0	0	"model160"
0	0	1	0	0	0	"model161"
0.836206896551724	0.0365744886820628	0.870689655172414	0.0365744886820628	0.96551724137931	0	"model162"
0.775862068965517	0.0539128248255567	0.775862068965517	0.0539128248255567	1	0	"model163"
0.789655172413793	0.0301929322679625	0.789655172413793	0.0301929322679625	1	0	"model164"
0.370689655172414	0.00908700477059878	0.991379310344828	0.00908700477059881	0.379310344827586	0	"model165"
0.408620689655172	0.0116370440984578	0.977586206896552	0.0116370440984578	0.431034482758621	0	"model166"
0	0	1	0	0	0	"model167"
0	0	1	0	0	0	"model168"
0.772413793103448	0.0404754410612851	0.841379310344828	0.0404754410612851	0.931034482758621	0	"model169"
0.782758620689655	0.0676112237694379	0.868965517241379	0.0676112237694379	0.913793103448276	0	"model170"
0.55	0.0206417068920322	0.946551724137931	0.0206417068920322	0.603448275862069	0	"model171"
0	0	1	0	0	0	"model172"
0	0	1	0	0	0	"model173"
0	0	1	0	0	0	"model174"
0	0	1	0	0	0	"model175"
0.687931034482759	0.0298075919077929	0.929310344827586	0.029807591907793	0.758620689655172	0	"model176"
0.639655172413793	0.0249851323210163	0.932758620689655	0.0249851323210163	0.706896551724138	0	"model177"
0.610344827586207	0.0166567548806775	0.972413793103448	0.0166567548806775	0.637931034482759	0	"model178"
0.646551724137931	0.035659981741353	0.939655172413793	0.035659981741353	0.706896551724138	0	"model179"
0.832758620689655	0.031530728101943	0.88448275862069	0.031530728101943	0.948275862068966	0	"model180"
0	0	1	0	0	0	"model181"
0.755172413793104	0.0493048519299476	0.893103448275862	0.0493048519299476	0.862068965517241	0	"model182"
0	0	1	0	0	0	"model183"
0.825862068965517	0.0329646675855172	0.843103448275862	0.0329646675855172	0.982758620689655	0	"model184"
0.744827586206897	0.0211943550742365	0.9	0.0211943550742365	0.844827586206897	0	"model185"
0.83448275862069	0.0453986612830609	0.83448275862069	0.0453986612830609	1	0	"model186"
0.791379310344828	0.040188813188614	0.791379310344828	0.040188813188614	1	0	"model187"
0.782758620689655	0.0374225760829878	0.868965517241379	0.0374225760829878	0.913793103448276	0	"model188"
0	0	1	0	0	0	"model189"
0.763793103448276	0.0414829481209623	0.936206896551724	0.0414829481209623	0.827586206896552	0	"model190"
0.103448275862069	0	1	0	0.103448275862069	0	"model191"
0	0	1	0	0	0	"model192"
0.710344827586207	0.0226993306415304	0.93448275862069	0.0226993306415304	0.775862068965517	0	"model193"
0	0	1	0	0	0	"model194"
0.779310344827586	0.0486303351754165	0.917241379310345	0.0486303351754165	0.862068965517241	0	"model195"
0.848275862068966	0.0458331081319009	0.86551724137931	0.0458331081319009	0.982758620689655	0	"model196"
0.218965517241379	0.00832837744033876	0.994827586206896	0.00832837744033877	0.224137931034483	0	"model197"
0	0	1	0	0	0	"model198"
0.675862068965517	0.0617916324400718	0.675862068965517	0.0617916324400718	1	0	"model199"
0.806896551724138	0.0525477216122412	0.806896551724138	0.0525477216122412	1	0	"model200"
0.0517241379310345	0	1	0	0.0517241379310345	0	"model201"
0.827586206896552	0.0389789079489958	0.862068965517241	0.0389789079489958	0.96551724137931	0	"model202"
0	0	1	0	0	0	"model203"
0.0344827586206897	0	1	0	0.0344827586206897	0	"model204"
0	0	1	0	0	0	"model205"
0.83448275862069	0.044665193626955	0.83448275862069	0.044665193626955	1	0	"model206"
0.81551724137931	0.0494720441762238	0.85	0.0494720441762238	0.96551724137931	0	"model207"
0	0	1	0	0	0	"model208"
0	0	1	0	0	0	"model209"
0.679310344827586	0.0666270195227101	0.679310344827586	0.0666270195227101	1	0	"model210"
0	0	1	0	0	0	"model211"
0	0	1	0	0	0	"model212"
0.155172413793103	0	1	0	0.155172413793103	0	"model213"
0	0	1	0	0	0	"model214"
0.762068965517241	0.0352407119925423	0.9	0.0352407119925423	0.862068965517241	0	"model215"
0	0	1	0	0	0	"model216"
0.627586206896552	0.0232740881969156	0.955172413793103	0.0232740881969156	0.672413793103448	0	"model217"
0.760344827586207	0.0339518516959585	0.898275862068965	0.0339518516959585	0.862068965517241	0	"model218"
0	0	1	0	0	0	"model219"
0	0	1	0	0	0	"model220"
0.336206896551724	0.00908700477059881	0.991379310344828	0.00908700477059881	0.344827586206897	0	"model221"
0.810344827586207	0.0618984460590173	0.844827586206897	0.0618984460590173	0.96551724137931	0	"model222"
0	0	1	0	0	0	"model223"
0.796551724137931	0.0290784152659161	0.9	0.0290784152659162	0.896551724137931	0	"model224"
0	0	1	0	0	0	"model225"
0.355172413793103	0.00890340999128141	0.993103448275862	0.00890340999128144	0.362068965517241	0	"model226"
0	0	1	0	0	0	"model227"
0	0	1	0	0	0	"model228"
0	0	1	0	0	0	"model229"
0.772413793103448	0.0579292099694444	0.772413793103448	0.0579292099694444	1	0	"model230"
0.775862068965517	0.0354276666837297	0.775862068965517	0.0354276666837297	1	0	"model231"
0.0862068965517241	0	1	0	0.0862068965517241	0	"model232"
0	0	1	0	0	0	"model233"
0	0	1	0	0	0	"model234"
0.798275862068966	0.0257661054844367	0.901724137931034	0.0257661054844367	0.896551724137931	0	"model235"
0	0	1	0	0	0	"model236"
0.791379310344828	0.0329646675855172	0.877586206896552	0.0329646675855172	0.913793103448276	0	"model237"
0	0	1	0	0	0	"model238"
0.741379310344828	0.0314783079025958	0.896551724137931	0.0314783079025958	0.844827586206897	0	"model239"
0	0	1	0	0	0	"model240"
0.287931034482759	0.00832837744033875	0.994827586206896	0.00832837744033877	0.293103448275862	0	"model241"
0.120689655172414	0	1	0	0.120689655172414	0	"model242"
0.768965517241379	0.0316874683956097	0.906896551724138	0.0316874683956097	0.862068965517241	0	"model243"
0	0	1	0	0	0	"model244"
0	0	1	0	0	0	"model245"
0.0344827586206897	0	1	0	0.0344827586206897	0	"model246"
0	0	1	0	0	0	"model247"
0	0	1	0	0	0	"model248"
0	0	1	0	0	0	"model249"
0.801724137931034	0.0475659349346174	0.853448275862069	0.0475659349346174	0.948275862068966	0	"model250"
0.839655172413793	0.0398587146767809	0.874137931034483	0.0398587146767809	0.96551724137931	0	"model251"
0.812068965517241	0.0376425813650869	0.898275862068965	0.0376425813650869	0.913793103448276	0	"model252"
0	0	1	0	0	0	"model253"
0.794827586206897	0.0298075919077929	0.91551724137931	0.029807591907793	0.879310344827586	0	"model254"
0.556896551724138	0.0244506291795203	0.953448275862069	0.0244506291795203	0.603448275862069	0	"model255"
0	0	1	0	0	0	"model256"
0	0	1	0	0	0	"model257"
0.767241379310345	0.040024104244782	0.767241379310345	0.040024104244782	1	0	"model258"
0.793103448275862	0.0314783079025958	0.793103448275862	0.0314783079025958	1	0	"model259"
0.620689655172414	0.0335112177864673	0.948275862068966	0.0335112177864672	0.672413793103448	0	"model260"
0	0	1	0	0	0	"model261"
0.805172413793103	0.0398587146767809	0.925862068965517	0.0398587146767809	0.879310344827586	0	"model262"
0	0	1	0	0	0	"model263"
0	0	1	0	0	0	"model264"
0.76551724137931	0.03829501436542	0.76551724137931	0.03829501436542	1	0	"model265"
0	0	1	0	0	0	"model266"
0	0	1	0	0	0	"model267"
0	0	1	0	0	0	"model268"
0.103448275862069	0	1	0	0.103448275862069	0	"model269"
0	0	1	0	0	0	"model270"
0.339655172413793	0.00832837744033877	0.994827586206896	0.00832837744033877	0.344827586206897	0	"model271"
0	0	1	0	0	0	"model272"
0	0	1	0	0	0	"model273"
0	0	1	0	0	0	"model274"
0	0	1	0	0	0	"model275"
0.836206896551724	0.0587501387938531	0.853448275862069	0.0587501387938531	0.982758620689655	0	"model276"
0	0	1	0	0	0	"model277"
0.0344827586206897	0	1	0	0.0344827586206897	0	"model278"
0.824137931034483	0.0301929322679625	0.824137931034483	0.0301929322679625	1	0	"model279"
0	0	1	0	0	0	"model280"
0.527586206896552	0.0259576776796235	0.958620689655172	0.0259576776796235	0.568965517241379	0	"model281"
0.772413793103448	0.0458331081319009	0.772413793103448	0.0458331081319009	1	0	"model282"
0.374137931034483	0.0141943552129063	0.977586206896552	0.0141943552129063	0.396551724137931	0	"model283"
0	0	1	0	0	0	"model284"
0.787931034482759	0.0481182429630678	0.874137931034483	0.0481182429630678	0.913793103448276	0	"model285"
0.598275862068966	0.0215804406385271	0.960344827586207	0.0215804406385271	0.637931034482759	0	"model286"
0	0	1	0	0	0	"model287"
0.794827586206897	0.0729002090594325	0.794827586206897	0.0729002090594325	1	0	"model288"
0	0	1	0	0	0	"model289"
0	0	1	0	0	0	"model290"
0.782758620689655	0.0337077662037131	0.782758620689655	0.0337077662037131	1	0	"model291"
0.605172413793103	0.0249851323210163	0.967241379310345	0.0249851323210163	0.637931034482759	0	"model292"
0.798275862068966	0.0381654200365149	0.798275862068966	0.0381654200365149	1	0	"model293"
0	0	1	0	0	0	"model294"
0	0	1	0	0	0	"model295"
0	0	1	0	0	0	"model296"
0	0	1	0	0	0	"model297"
0.103448275862069	0	1	0	0.103448275862069	0	"model298"
0.756896551724138	0.0385100357879332	0.894827586206897	0.0385100357879332	0.862068965517241	0	"model299"
0.806896551724138	0.0479463301485384	0.841379310344828	0.0479463301485384	0.96551724137931	0	"model300"
0	0	1	0	0	0	"model301"
0.803448275862069	0.0185339258581576	0.924137931034483	0.0185339258581576	0.879310344827586	0	"model302"
0.812068965517241	0.0339518516959584	0.829310344827586	0.0339518516959585	0.982758620689655	0	"model303"
0.0862068965517241	0	1	0	0.0862068965517241	0	"model304"
0.694827586206897	0.0685090256100487	0.694827586206897	0.0685090256100487	1	0	"model305"
0	0	1	0	0	0	"model306"
0	0	1	0	0	0	"model307"
0	0	1	0	0	0	"model308"
0	0	1	0	0	0	"model309"
0	0	1	0	0	0	"model310"
0	0	1	0	0	0	"model311"
0	0	1	0	0	0	"model312"
0.0172413793103448	0	1	0	0.0172413793103448	0	"model313"
0	0	1	0	0	0	"model314"
0	0	1	0	0	0	"model315"
0.493103448275862	0.0166567548806775	0.975862068965517	0.0166567548806775	0.517241379310345	0	"model316"
0.663793103448276	0.0284468245304933	0.922413793103448	0.0284468245304933	0.741379310344828	0	"model317"
0.73448275862069	0.0356136399651257	0.73448275862069	0.0356136399651257	1	0	"model318"
0.751724137931034	0.0515322109688733	0.906896551724138	0.0515322109688733	0.844827586206897	0	"model319"
0.756896551724138	0.0393583762488826	0.877586206896552	0.0393583762488826	0.879310344827586	0	"model320"
0	0	1	0	0	0	"model321"
0.287931034482759	0.00832837744033875	0.994827586206896	0.00832837744033877	0.293103448275862	0	"model322"
0	0	1	0	0	0	"model323"
0.774137931034483	0.0503980718813649	0.877586206896552	0.050398071881365	0.896551724137931	0	"model324"
0	0	1	0	0	0	"model325"
0	0	1	0	0	0	"model326"
0.796551724137931	0.0443684116451006	0.9	0.0443684116451007	0.896551724137931	0	"model327"
0.76551724137931	0.0527985474843947	0.76551724137931	0.0527985474843947	1	0	"model328"
0.789655172413793	0.033313509761355	0.875862068965517	0.0333135097613551	0.913793103448276	0	"model329"
0	0	1	0	0	0	"model330"
0.362068965517241	0.016255328303139	0.982758620689655	0.016255328303139	0.379310344827586	0	"model331"
0	0	1	0	0	0	"model332"
0	0	1	0	0	0	"model333"
0	0	1	0	0	0	"model334"
0.660344827586207	0.0345306181282754	0.936206896551724	0.0345306181282754	0.724137931034483	0	"model335"
0.817241379310345	0.0482210964675932	0.817241379310345	0.0482210964675932	1	0	"model336"
0.81551724137931	0.0569226690317902	0.85	0.0569226690317903	0.96551724137931	0	"model337"
0.793103448275862	0.0363480190823952	0.931034482758621	0.0363480190823952	0.862068965517241	0	"model338"
0	0	1	0	0	0	"model339"
0.827586206896552	0.0430075561698154	0.827586206896552	0.0430075561698154	1	0	"model340"
0.779310344827586	0.0465481763938312	0.779310344827586	0.0465481763938312	1	0	"model341"
0	0	1	0	0	0	"model342"
0	0	1	0	0	0	"model343"
0	0	1	0	0	0	"model344"
0.770689655172414	0.0282136499049048	0.908620689655172	0.0282136499049048	0.862068965517241	0	"model345"
0.825862068965517	0.0433517750934393	0.825862068965517	0.0433517750934393	1	0	"model346"
0	0	1	0	0	0	"model347"
0	0	1	0	0	0	"model348"
0	0	1	0	0	0	"model349"
0.76551724137931	0.0439194785621674	0.903448275862069	0.0439194785621674	0.862068965517241	0	"model350"
0.65	0.0282136499049048	0.960344827586207	0.0282136499049048	0.689655172413793	0	"model351"
0	0	1	0	0	0	"model352"
0.83448275862069	0.0527985474843947	0.83448275862069	0.0527985474843947	1	0	"model353"
0.672413793103448	0.0199086299720561	0.948275862068966	0.0199086299720561	0.724137931034483	0	"model354"
0	0	1	0	0	0	"model355"
0.0344827586206897	0	1	0	0.0344827586206897	0	"model356"
0.668965517241379	0.0195740073171568	0.962068965517241	0.0195740073171568	0.706896551724138	0	"model357"
0	0	1	0	0	0	"model358"
0.103448275862069	0	1	0	0.103448275862069	0	"model359"
0	0	1	0	0	0	"model360"
0	0	1	0	0	0	"model361"
0.789655172413793	0.0573562066660903	0.875862068965517	0.0573562066660903	0.913793103448276	0	"model362"
0.768965517241379	0.0408005502282732	0.768965517241379	0.0408005502282732	1	0	"model363"
0.772413793103448	0.0267102299738443	0.910344827586207	0.0267102299738443	0.862068965517241	0	"model364"
0.362068965517241	0	1	0	0.362068965517241	0	"model365"
0.222413793103448	0.00545220286235928	0.998275862068966	0.00545220286235929	0.224137931034483	0	"model366"
0.0344827586206897	0	1	0	0.0344827586206897	0	"model367"
0.708620689655172	0.0677332437636142	0.708620689655172	0.0677332437636142	1	0	"model368"
0.782758620689655	0.0641004298556261	0.782758620689655	0.0641004298556261	1	0	"model369"
0.68448275862069	0.0215804406385271	0.925862068965517	0.0215804406385271	0.758620689655172	0	"model370"
0	0	1	0	0	0	"model371"
0.5	0.0199086299720561	0.96551724137931	0.0199086299720561	0.53448275862069	0	"model372"
0.796551724137931	0.0679037033919169	0.796551724137931	0.0679037033919169	1	0	"model373"
0	0	1	0	0	0	"model374"
0.712068965517241	0.0551544510988969	0.712068965517241	0.0551544510988969	1	0	"model375"
0.432758620689655	0.0171453263105475	0.98448275862069	0.0171453263105475	0.448275862068966	0	"model376"
0	0	1	0	0	0	"model377"
0	0	1	0	0	0	"model378"
0	0	1	0	0	0	"model379"
0	0	1	0	0	0	"model380"
0	0	1	0	0	0	"model381"
0.794827586206897	0.0418002219447544	0.881034482758621	0.0418002219447544	0.913793103448276	0	"model382"
0.824137931034483	0.0458331081319009	0.858620689655172	0.0458331081319009	0.96551724137931	0	"model383"
0.789655172413793	0.0290784152659161	0.893103448275862	0.0290784152659162	0.896551724137931	0	"model384"
0	0	1	0	0	0	"model385"
0.66551724137931	0.0575860921833349	0.66551724137931	0.0575860921833349	1	0	"model386"
0	0	1	0	0	0	"model387"
0.4	0.0195740073171568	0.968965517241379	0.0195740073171568	0.431034482758621	0	"model388"
0.368965517241379	0.0120552741168983	0.989655172413793	0.0120552741168983	0.379310344827586	0	"model389"
0.791379310344828	0.048392033183956	0.877586206896552	0.0483920331839561	0.913793103448276	0	"model390"
0	0	1	0	0	0	"model391"
0.781034482758621	0.0372899498793295	0.918965517241379	0.0372899498793295	0.862068965517241	0	"model392"
0.575862068965517	0.0527985474843947	0.575862068965517	0.0527985474843947	1	0	"model393"
0.760344827586207	0.0298075919077929	0.898275862068965	0.029807591907793	0.862068965517241	0	"model394"
0	0	1	0	0	0	"model395"
0	0	1	0	0	0	"model396"
0.798275862068966	0.0438065264371483	0.798275862068966	0.0438065264371483	1	0	"model397"
0	0	1	0	0	0	"model398"
0	0	1	0	0	0	"model399"
0.772413793103448	0.0267102299738443	0.927586206896552	0.0267102299738443	0.844827586206897	0	"model400"
0.282758620689655	0.0185339258581576	0.989655172413793	0.0185339258581576	0.293103448275862	0	"model401"
0.546551724137931	0.0215804406385271	0.960344827586207	0.0215804406385271	0.586206896551724	0	"model402"
0	0	1	0	0	0	"model403"
0	0	1	0	0	0	"model404"
0.829310344827586	0.049738382812457	0.846551724137931	0.049738382812457	0.982758620689655	0	"model405"
0	0	1	0	0	0	"model406"
0	0	1	0	0	0	"model407"
0	0	1	0	0	0	"model408"
0.808620689655172	0.0358447497230176	0.894827586206897	0.0358447497230177	0.913793103448276	0	"model409"
0.168965517241379	0.00726960381647904	0.996551724137931	0.00726960381647905	0.172413793103448	0	"model410"
0.813793103448276	0.0556017775744728	0.813793103448276	0.0556017775744728	1	0	"model411"
0.753448275862069	0.0514359789316424	0.753448275862069	0.0514359789316424	1	0	"model412"
0	0	1	0	0	0	"model413"
0.303448275862069	0.0120552741168983	0.993103448275862	0.0120552741168983	0.310344827586207	0	"model414"
0.0344827586206897	0	1	0	0.0344827586206897	0	"model415"
0.306896551724138	0.00726960381647905	0.996551724137931	0.00726960381647905	0.310344827586207	0	"model416"
0	0	1	0	0	0	"model417"
0	0	1	0	0	0	"model418"
0	0	1	0	0	0	"model419"
0.506896551724138	0.0202377205306425	0.955172413793103	0.0202377205306425	0.551724137931034	0	"model420"
0.0862068965517241	0	1	0	0.0862068965517241	0	"model421"
0	0	1	0	0	0	"model422"
0.810344827586207	0.0422325817721237	0.896551724137931	0.0422325817721238	0.913793103448276	0	"model423"
0.801724137931034	0.0383381151267998	0.870689655172414	0.0383381151267998	0.931034482758621	0	"model424"
0.839655172413793	0.0422716679274329	0.874137931034483	0.0422716679274329	0.96551724137931	0	"model425"
0.746551724137931	0.0460129170143634	0.746551724137931	0.0460129170143634	1	0	"model426"
0	0	1	0	0	0	"model427"
0	0	1	0	0	0	"model428"
0	0	1	0	0	0	"model429"
0.582758620689655	0.0312677482959436	0.927586206896552	0.0312677482959436	0.655172413793103	0	"model430"
0.567241379310345	0.0171453263105474	0.963793103448276	0.0171453263105474	0.603448275862069	0	"model431"
0	0	1	0	0	0	"model432"
0.777586206896552	0.0339518516959585	0.863793103448276	0.0339518516959585	0.913793103448276	0	"model433"
0	0	1	0	0	0	"model434"
0.0344827586206897	0	1	0	0.0344827586206897	0	"model435"
0	0	1	0	0	0	"model436"
0.456896551724138	0.0186228180988732	0.974137931034483	0.0186228180988731	0.482758620689655	0	"model437"
0.118965517241379	0.00545220286235928	0.998275862068966	0.00545220286235929	0.120689655172414	0	"model438"
0.793103448275862	0.0304109346099378	0.896551724137931	0.0304109346099378	0.896551724137931	0	"model439"
0	0	1	0	0	0	"model440"
0.189655172413793	0	1	0	0.189655172413793	0	"model441"
0.0344827586206897	0	1	0	0.0344827586206897	0	"model442"
0.720689655172414	0.0436176228988742	0.720689655172414	0.0436176228988742	1	0	"model443"
0.618965517241379	0.0329646675855172	0.946551724137931	0.0329646675855172	0.672413793103448	0	"model444"
0	0	1	0	0	0	"model445"
0.770689655172414	0.0580715773750305	0.874137931034483	0.0580715773750305	0.896551724137931	0	"model446"
0.355172413793103	0.0120552741168983	0.993103448275862	0.0120552741168983	0.362068965517241	0	"model447"
0	0	1	0	0	0	"model448"
0.775862068965517	0.0354276666837297	0.913793103448276	0.0354276666837297	0.862068965517241	0	"model449"
0	0	1	0	0	0	"model450"
0	0	1	0	0	0	"model451"
0.870689655172414	0.0365744886820628	0.870689655172414	0.0365744886820628	1	0	"model452"
0.801724137931034	0.0317395431528369	0.887931034482759	0.031739543152837	0.913793103448276	0	"model453"
0	0	1	0	0	0	"model454"
0.8	0.0475312025934145	0.8	0.0475312025934145	1	0	"model455"
0.777586206896552	0.0236262124035569	0.898275862068965	0.0236262124035569	0.879310344827586	0	"model456"
0.832758620689655	0.0507897726328407	0.832758620689655	0.0507897726328407	1	0	"model457"
0.810344827586207	0.0344827586206896	0.827586206896552	0.0344827586206897	0.982758620689655	0	"model458"
0.603448275862069	0.0372456361977463	0.948275862068966	0.0372456361977463	0.655172413793103	0	"model459"
0	0	1	0	0	0	"model460"
0.820689655172414	0.0283887104258126	0.906896551724138	0.0283887104258126	0.913793103448276	0	"model461"
0	0	1	0	0	0	"model462"
0	0	1	0	0	0	"model463"
0	0	1	0	0	0	"model464"
0.737931034482759	0.0301929322679625	0.927586206896552	0.0301929322679625	0.810344827586207	0	"model465"
0	0	1	0	0	0	"model466"
0.812068965517241	0.0367546596674011	0.846551724137931	0.0367546596674011	0.96551724137931	0	"model467"
0.763793103448276	0.0335604628061067	0.936206896551724	0.0335604628061067	0.827586206896552	0	"model468"
0.782758620689655	0.0408005502282732	0.782758620689655	0.0408005502282732	1	0	"model469"
0.548275862068966	0.0211943550742365	0.944827586206897	0.0211943550742365	0.603448275862069	0	"model470"
0	0	1	0	0	0	"model471"
0	0	1	0	0	0	"model472"
0	0	1	0	0	0	"model473"
0	0	1	0	0	0	"model474"
0	0	1	0	0	0	"model475"
0.512068965517241	0.0257661054844366	0.960344827586207	0.0257661054844366	0.551724137931034	0	"model476"
0.786206896551724	0.0327132171741556	0.906896551724138	0.0327132171741556	0.879310344827586	0	"model477"
0	0	1	0	0	0	"model478"
0	0	1	0	0	0	"model479"
0.0344827586206897	0	1	0	0.0344827586206897	0	"model480"
0.746551724137931	0.0230602329284355	0.901724137931034	0.0230602329284355	0.844827586206897	0	"model481"
0	0	1	0	0	0	"model482"
0	0	1	0	0	0	"model483"
0.803448275862069	0.0453986612830609	0.837931034482759	0.0453986612830609	0.96551724137931	0	"model484"
0.698275862068966	0.0337567244956055	0.922413793103448	0.0337567244956056	0.775862068965517	0	"model485"
0	0	1	0	0	0	"model486"
0	0	1	0	0	0	"model487"
0	0	1	0	0	0	"model488"
0	0	1	0	0	0	"model489"
0.658620689655172	0.0404754410612851	0.93448275862069	0.0404754410612851	0.724137931034483	0	"model490"
0.818965517241379	0.0391901772901892	0.818965517241379	0.0391901772901892	1	0	"model491"
0.805172413793103	0.0438065264371483	0.908620689655172	0.0438065264371483	0.896551724137931	0	"model492"
0.706896551724138	0.050757246358206	0.706896551724138	0.050757246358206	1	0	"model493"
0	0	1	0	0	0	"model494"
0.789655172413793	0.0579292099694444	0.858620689655172	0.0579292099694444	0.931034482758621	0	"model495"
0.648275862068966	0.0259576776796235	0.924137931034483	0.0259576776796235	0.724137931034483	0	"model496"
0	0	1	0	0	0	"model497"
0.78448275862069	0.0609574811367714	0.78448275862069	0.0609574811367714	1	0	"model498"
0.0172413793103448	0	1	0	0.0172413793103448	0	"model499"
0.777586206896552	0.0349111322953734	0.898275862068965	0.0349111322953734	0.879310344827586	0	"model500"
0	0	1	0	0	0	"model501"
0	0	1	0	0	0	"model502"
0.358620689655172	0.00726960381647902	0.996551724137931	0.00726960381647905	0.362068965517241	0	"model503"
0.644827586206897	0.0232740881969156	0.937931034482759	0.0232740881969156	0.706896551724138	0	"model504"
0.631034482758621	0.0232740881969156	0.941379310344828	0.0232740881969156	0.689655172413793	0	"model505"
0.367241379310345	0.00832837744033875	0.987931034482759	0.00832837744033877	0.379310344827586	0	"model506"
0	0	1	0	0	0	"model507"
0	0	1	0	0	0	"model508"
0.0689655172413793	0	1	0	0.0689655172413793	0	"model509"
0	0	1	0	0	0	"model510"
0.810344827586207	0.0335112177864672	0.896551724137931	0.0335112177864673	0.913793103448276	0	"model511"
0.387931034482759	0.0121914962273543	0.991379310344828	0.0121914962273543	0.396551724137931	0	"model512"
0	0	1	0	0	0	"model513"
0.355172413793103	0.0120552741168983	0.975862068965517	0.0120552741168983	0.379310344827586	0	"model514"
0.808620689655172	0.0490698257612334	0.808620689655172	0.0490698257612334	1	0	"model515"
0	0	1	0	0	0	"model516"
0	0	1	0	0	0	"model517"
0.667241379310345	0.0293610109757352	0.667241379310345	0.0293610109757352	1	0	"model518"
0.772413793103448	0.0279194432218187	0.910344827586207	0.0279194432218187	0.862068965517241	0	"model519"
0.810344827586207	0.0480839095709239	0.810344827586207	0.0480839095709239	1	0	"model520"
0.753448275862069	0.0650467072042341	0.753448275862069	0.0650467072042341	1	0	"model521"
0.798275862068966	0.031530728101943	0.867241379310345	0.031530728101943	0.931034482758621	0	"model522"
0	0	1	0	0	0	"model523"
0	0	1	0	0	0	"model524"
0	0	1	0	0	0	"model525"
0.503448275862069	0.0267102299738443	0.968965517241379	0.0267102299738442	0.53448275862069	0	"model526"
0	0	1	0	0	0	"model527"
0.0344827586206897	0	1	0	0.0344827586206897	0	"model528"
0	0	1	0	0	0	"model529"
0.0172413793103448	0	1	0	0.0172413793103448	0	"model530"
0.4	0.0136001834094244	0.986206896551724	0.0136001834094244	0.413793103448276	0	"model531"
0.0637931034482759	0.00832837744033876	0.994827586206896	0.00832837744033877	0.0689655172413793	0	"model532"
0.362068965517241	0.0114942528735632	0.982758620689655	0.0114942528735632	0.379310344827586	0	"model533"
0	0	1	0	0	0	"model534"
0.832758620689655	0.0445541320535961	0.832758620689655	0.0445541320535961	1	0	"model535"
0.627586206896552	0.0232740881969156	0.955172413793103	0.0232740881969156	0.672413793103448	0	"model536"
0.8	0.0374225760829878	0.886206896551724	0.0374225760829878	0.913793103448276	0	"model537"
0.713793103448276	0.0475312025934146	0.920689655172414	0.0475312025934146	0.793103448275862	0	"model538"
0.0862068965517241	0	1	0	0.0862068965517241	0	"model539"
0.0517241379310345	0	1	0	0.0517241379310345	0	"model540"
0.603448275862069	0.0215037780849077	0.948275862068966	0.0215037780849077	0.655172413793103	0	"model541"
0	0	1	0	0	0	"model542"
0	0	1	0	0	0	"model543"
0	0	1	0	0	0	"model544"
0.8	0.0306273852746534	0.83448275862069	0.0306273852746534	0.96551724137931	0	"model545"
0	0	1	0	0	0	"model546"
0	0	1	0	0	0	"model547"
0	0	1	0	0	0	"model548"
0.812068965517241	0.0308958162200359	0.91551724137931	0.0308958162200359	0.896551724137931	0	"model549"
0	0	1	0	0	0	"model550"
0	0	1	0	0	0	"model551"
0.73448275862069	0.0408005502282732	0.906896551724138	0.0408005502282732	0.827586206896552	0	"model552"
0.812068965517241	0.0441070893203446	0.812068965517241	0.0441070893203446	1	0	"model553"
0.468965517241379	0.0109044057247186	0.986206896551724	0.0109044057247185	0.482758620689655	0	"model554"
0.363793103448276	0.0171453263105475	0.98448275862069	0.0171453263105475	0.379310344827586	0	"model555"
0.772413793103448	0.0254436133576766	0.927586206896552	0.0254436133576766	0.844827586206897	0	"model556"
0.753448275862069	0.0270176075253866	0.753448275862069	0.0270176075253866	1	0	"model557"
0.803448275862069	0.0327132171741556	0.837931034482759	0.0327132171741557	0.96551724137931	0	"model558"
0.803448275862069	0.0166567548806775	0.855172413793103	0.0166567548806775	0.948275862068966	0	"model559"
0	0	1	0	0	0	"model560"
0.772413793103448	0.0279194432218187	0.944827586206897	0.0279194432218187	0.827586206896552	0	"model561"
0.48448275862069	0.0647413219155813	0.48448275862069	0.0647413219155813	1	0	"model562"
0	0	1	0	0	0	"model563"
0.641379310344828	0.0323068260288625	0.93448275862069	0.0323068260288625	0.706896551724138	0	"model564"
0	0	1	0	0	0	"model565"
0	0	1	0	0	0	"model566"
0.777586206896552	0.0367546596674011	0.863793103448276	0.0367546596674011	0.913793103448276	0	"model567"
0	0	1	0	0	0	"model568"
0	0	1	0	0	0	"model569"
0	0	1	0	0	0	"model570"
0.606896551724138	0.0195740073171568	0.951724137931034	0.0195740073171568	0.655172413793103	0	"model571"
0	0	1	0	0	0	"model572"
0.781034482758621	0.031530728101943	0.88448275862069	0.031530728101943	0.896551724137931	0	"model573"
0	0	1	0	0	0	"model574"
0	0	1	0	0	0	"model575"
0.717241379310345	0.0399828209906347	0.924137931034483	0.0399828209906347	0.793103448275862	0	"model576"
0.712068965517241	0.0494720441762238	0.918965517241379	0.0494720441762238	0.793103448275862	0	"model577"
0.755172413793103	0.033313509761355	0.927586206896552	0.033313509761355	0.827586206896552	0	"model578"
0.789655172413793	0.0352407119925423	0.858620689655172	0.0352407119925423	0.931034482758621	0	"model579"
0	0	1	0	0	0	"model580"
0.612068965517241	0.0167556088932337	0.956896551724138	0.0167556088932336	0.655172413793103	0	"model581"
0.739655172413793	0.0594209518416682	0.739655172413793	0.0594209518416682	1	0	"model582"
0.870689655172414	0.035659981741353	0.870689655172414	0.035659981741353	1	0	"model583"
0.172413793103448	0	1	0	0.172413793103448	0	"model584"
0	0	1	0	0	0	"model585"
0	0	1	0	0	0	"model586"
0	0	1	0	0	0	"model587"
0.801724137931034	0.042427652471935	0.887931034482759	0.0424276524719351	0.913793103448276	0	"model588"
0.377586206896552	0.0171453263105475	0.981034482758621	0.0171453263105475	0.396551724137931	0	"model589"
0	0	1	0	0	0	"model590"
0.808620689655172	0.0376425813650869	0.808620689655172	0.0376425813650869	1	0	"model591"
0	0	1	0	0	0	"model592"
0	0	1	0	0	0	"model593"
0	0	1	0	0	0	"model594"
0	0	1	0	0	0	"model595"
0	0	1	0	0	0	"model596"
0.61551724137931	0.0487998384261006	0.61551724137931	0.0487998384261006	1	0	"model597"
0.829310344827586	0.0410024344407746	0.829310344827586	0.0410024344407746	1	0	"model598"
0.767241379310345	0.0416418872016938	0.853448275862069	0.0416418872016938	0.913793103448276	0	"model599"
0	0	1	0	0	0	"model600"
0	0	1	0	0	0	"model601"
0.770689655172414	0.0539434484149762	0.770689655172414	0.0539434484149762	1	0	"model602"
0	0	1	0	0	0	"model603"
0.837931034482759	0.03829501436542	0.872413793103448	0.03829501436542	0.96551724137931	0	"model604"
0	0	1	0	0	0	"model605"
0	0	1	0	0	0	"model606"
0.793103448275862	0.0459770114942529	0.793103448275862	0.0459770114942529	1	0	"model607"
0.120689655172414	0	1	0	0.120689655172414	0	"model608"
0.772413793103448	0.0226993306415305	0.910344827586207	0.0226993306415305	0.862068965517241	0	"model609"
0	0	1	0	0	0	"model610"
0.456896551724138	0.0121914962273543	0.991379310344828	0.0121914962273543	0.46551724137931	0	"model611"
0	0	1	0	0	0	"model612"
0.317241379310345	0.0120552741168983	0.989655172413793	0.0120552741168983	0.327586206896552	0	"model613"
0.78448275862069	0.0496053922460691	0.78448275862069	0.0496053922460691	1	0	"model614"
0	0	1	0	0	0	"model615"
0.63448275862069	0.0226993306415304	0.944827586206897	0.0226993306415305	0.689655172413793	0	"model616"
0.339655172413793	0.00832837744033877	0.994827586206896	0.00832837744033877	0.344827586206897	0	"model617"
0.801724137931034	0.065148184188245	0.870689655172414	0.065148184188245	0.931034482758621	0	"model618"
0.803448275862069	0.0272003668188488	0.889655172413793	0.0272003668188488	0.913793103448276	0	"model619"
0.594827586206897	0.0327636616407799	0.939655172413793	0.0327636616407798	0.655172413793103	0	"model620"
0.503448275862069	0.0241105482337966	0.968965517241379	0.0241105482337966	0.53448275862069	0	"model621"
0	0	1	0	0	0	"model622"
0	0	1	0	0	0	"model623"
0.81551724137931	0.059198192100313	0.81551724137931	0.059198192100313	1	0	"model624"
0.775862068965517	0.0293047098482344	0.913793103448276	0.0293047098482344	0.862068965517241	0	"model625"
0.306896551724138	0.00726960381647905	0.996551724137931	0.00726960381647905	0.310344827586207	0	"model626"
0.741379310344828	0.0181740095411976	0.948275862068966	0.0181740095411976	0.793103448275862	0	"model627"
0	0	1	0	0	0	"model628"
0	0	1	0	0	0	"model629"
0.837931034482759	0.0346738002965479	0.837931034482759	0.0346738002965479	1	0	"model630"
0	0	1	0	0	0	"model631"
0.832758620689655	0.0452893984019438	0.867241379310345	0.0452893984019438	0.96551724137931	0	"model632"
0	0	1	0	0	0	"model633"
0.653448275862069	0.0189742230105968	0.946551724137931	0.0189742230105968	0.706896551724138	0	"model634"
0.71551724137931	0.0636090333941915	0.71551724137931	0.0636090333941915	1	0	"model635"
0	0	1	0	0	0	"model636"
0	0	1	0	0	0	"model637"
0.743103448275862	0.0349111322953734	0.743103448275862	0.0349111322953734	1	0	"model638"
0.858620689655172	0.0451067054490772	0.858620689655172	0.0451067054490772	1	0	"model639"
0	0	1	0	0	0	"model640"
0.539655172413793	0.01826465354261	0.970689655172414	0.01826465354261	0.568965517241379	0	"model641"
0.841379310344828	0.0361658223506949	0.875862068965517	0.0361658223506949	0.96551724137931	0	"model642"
0.817241379310345	0.03829501436542	0.817241379310345	0.03829501436542	1	0	"model643"
0	0	1	0	0	0	"model644"
0.598275862068966	0.0282136499049048	0.943103448275862	0.0282136499049048	0.655172413793103	0	"model645"
0	0	1	0	0	0	"model646"
0.836206896551724	0.0558684542966195	0.853448275862069	0.0558684542966195	0.982758620689655	0	"model647"
0	0	1	0	0	0	"model648"
0	0	1	0	0	0	"model649"
0	0	1	0	0	0	"model650"
0.0637931034482759	0.00832837744033876	0.994827586206896	0.00832837744033877	0.0689655172413793	0	"model651"
0.518965517241379	0.027502266928748	0.967241379310345	0.027502266928748	0.551724137931034	0	"model652"
0	0	1	0	0	0	"model653"
0	0	1	0	0	0	"model654"
0.848275862068966	0.0301929322679625	0.848275862068966	0.0301929322679625	1	0	"model655"
0.753448275862069	0.0390212533259033	0.908620689655172	0.0390212533259033	0.844827586206897	0	"model656"
0	0	1	0	0	0	"model657"
0	0	1	0	0	0	"model658"
0	0	1	0	0	0	"model659"
0	0	1	0	0	0	"model660"
0.0344827586206897	0	1	0	0.0344827586206897	0	"model661"
0.770689655172414	0.031530728101943	0.925862068965517	0.031530728101943	0.844827586206897	0	"model662"
0	0	1	0	0	0	"model663"
0.772413793103448	0.0352407119925423	0.927586206896552	0.0352407119925423	0.844827586206897	0	"model664"
0	0	1	0	0	0	"model665"
0	0	1	0	0	0	"model666"
0	0	1	0	0	0	"model667"
0.81551724137931	0.0481182429630678	0.85	0.0481182429630678	0.96551724137931	0	"model668"
0.803448275862069	0.0581568305318323	0.803448275862069	0.0581568305318323	1	0	"model669"
0	0	1	0	0	0	"model670"
0.562068965517241	0.0408005502282732	0.562068965517241	0.0408005502282732	1	0	"model671"
0.0517241379310345	0	1	0	0.0517241379310345	0	"model672"
0.789655172413793	0.0544007336376976	0.789655172413793	0.0544007336376976	1	0	"model673"
0	0	1	0	0	0	"model674"
0.241379310344828	0	1	0	0.241379310344828	0	"model675"
0	0	1	0	0	0	"model676"
0	0	1	0	0	0	"model677"
0.770689655172414	0.0430459386461471	0.770689655172414	0.0430459386461471	1	0	"model678"
0	0	1	0	0	0	"model679"
0	0	1	0	0	0	"model680"
0.739655172413793	0.029807591907793	0.894827586206897	0.029807591907793	0.844827586206897	0	"model681"
0.689655172413793	0.0602763705844915	0.689655172413793	0.0602763705844915	1	0	"model682"
0.843103448275862	0.0462991587612019	0.860344827586207	0.0462991587612019	0.982758620689655	0	"model683"
0	0	1	0	0	0	"model684"
0.101724137931034	0.00545220286235927	0.998275862068966	0.00545220286235929	0.103448275862069	0	"model685"
0	0	1	0	0	0	"model686"
0.832758620689655	0.0563394295777125	0.832758620689655	0.0563394295777125	1	0	"model687"
0	0	1	0	0	0	"model688"
0	0	1	0	0	0	"model689"
0.787931034482759	0.0293610109757352	0.891379310344828	0.0293610109757352	0.896551724137931	0	"model690"
0	0	1	0	0	0	"model691"
0.736206896551724	0.031530728101943	0.908620689655172	0.031530728101943	0.827586206896552	0	"model692"
0	0	1	0	0	0	"model693"
0.758620689655172	0.0354276666837297	0.896551724137931	0.0354276666837298	0.862068965517241	0	"model694"
0.78448275862069	0.0337567244956056	0.922413793103448	0.0337567244956055	0.862068965517241	0	"model695"
0	0	1	0	0	0	"model696"
0	0	1	0	0	0	"model697"
0	0	1	0	0	0	"model698"
0	0	1	0	0	0	"model699"
0.606896551724138	0.0211943550742365	0.951724137931034	0.0211943550742365	0.655172413793103	0	"model700"
0.681034482758621	0.0260212216613144	0.939655172413793	0.0260212216613144	0.741379310344828	0	"model701"
0.0482758620689655	0.00726960381647903	0.996551724137931	0.00726960381647905	0.0517241379310345	0	"model702"
0.76551724137931	0.0316874683956097	0.920689655172414	0.0316874683956097	0.844827586206897	0	"model703"
0	0	1	0	0	0	"model704"
0	0	1	0	0	0	"model705"
0	0	1	0	0	0	"model706"
0.274137931034483	0.00545220286235927	0.998275862068966	0.00545220286235929	0.275862068965517	0	"model707"
0.817241379310345	0.0439194785621674	0.83448275862069	0.0439194785621674	0.982758620689655	0	"model708"
0	0	1	0	0	0	"model709"
0.767241379310345	0.0272610143117964	0.767241379310345	0.0272610143117964	1	0	"model710"
0.686206896551724	0.0352407119925423	0.927586206896552	0.0352407119925423	0.758620689655172	0	"model711"
0.374137931034483	0.0116370440984578	0.994827586206897	0.0116370440984578	0.379310344827586	0	"model712"
0	0	1	0	0	0	"model713"
0	0	1	0	0	0	"model714"
0	0	1	0	0	0	"model715"
0	0	1	0	0	0	"model716"
0.83448275862069	0.0356136399651257	0.851724137931035	0.0356136399651257	0.982758620689655	0	"model717"
0	0	1	0	0	0	"model718"
0	0	1	0	0	0	"model719"
0	0	1	0	0	0	"model720"
0	0	1	0	0	0	"model721"
0	0	1	0	0	0	"model722"
0	0	1	0	0	0	"model723"
0.805172413793103	0.0304651914498818	0.908620689655172	0.0304651914498818	0.896551724137931	0	"model724"
0	0	1	0	0	0	"model725"
0.412068965517241	0.0221842058225503	0.981034482758621	0.0221842058225503	0.431034482758621	0	"model726"
0	0	1	0	0	0	"model727"
0.83448275862069	0.0680979919245914	0.83448275862069	0.0680979919245914	1	0	"model728"
0.274137931034483	0.00545220286235927	0.998275862068966	0.00545220286235929	0.275862068965517	0	"model729"
0.798275862068966	0.0406789387797388	0.88448275862069	0.0406789387797388	0.913793103448276	0	"model730"
0.470689655172414	0.0244506291795203	0.970689655172414	0.0244506291795203	0.5	0	"model731"
0.525862068965517	0.0883825086162627	0.525862068965517	0.0883825086162627	1	0	"model732"
0.744827586206897	0.0412834137840643	0.744827586206897	0.0412834137840643	1	0	"model733"
0.0344827586206897	0	1	0	0.0344827586206897	0	"model734"
0.806896551724138	0.038809064404906	0.806896551724138	0.038809064404906	1	0	"model735"
0	0	1	0	0	0	"model736"
0.232758620689655	0.0121914962273543	0.991379310344828	0.0121914962273543	0.241379310344828	0	"model737"
0	0	1	0	0	0	"model738"
0	0	1	0	0	0	"model739"
0.274137931034483	0.00545220286235927	0.998275862068966	0.00545220286235929	0.275862068965517	0	"model740"
0	0	1	0	0	0	"model741"
0.806896551724138	0.0195740073171568	0.893103448275862	0.0195740073171568	0.913793103448276	0	"model742"
0	0	1	0	0	0	"model743"
0.598275862068966	0.0163566085870778	0.960344827586207	0.0163566085870778	0.637931034482759	0	"model744"
0	0	1	0	0	0	"model745"
0.0344827586206897	0	1	0	0.0344827586206897	0	"model746"
0.543103448275862	0.0233449379443562	0.956896551724138	0.0233449379443562	0.586206896551724	0	"model747"
0	0	1	0	0	0	"model748"
0	0	1	0	0	0	"model749"
0	0	1	0	0	0	"model750"
0.756896551724138	0.0510492367613849	0.843103448275862	0.051049236761385	0.913793103448276	0	"model751"
0.796551724137931	0.0428536824880626	0.848275862068965	0.0428536824880626	0.948275862068966	0	"model752"
0.120689655172414	0	1	0	0.120689655172414	0	"model753"
0.812068965517241	0.0425830656387188	0.846551724137931	0.0425830656387189	0.96551724137931	0	"model754"
0.810344827586207	0.0381221240270735	0.827586206896552	0.0381221240270736	0.982758620689655	0	"model755"
0.806896551724138	0.0370678517163152	0.893103448275862	0.0370678517163152	0.913793103448276	0	"model756"
0.103448275862069	0	1	0	0.103448275862069	0	"model757"
0.463793103448276	0.0171453263105475	0.981034482758621	0.0171453263105475	0.482758620689655	0	"model758"
0.527586206896552	0.0202377205306425	0.958620689655172	0.0202377205306425	0.568965517241379	0	"model759"
0.796551724137931	0.0537901561232073	0.796551724137931	0.0537901561232073	1	0	"model760"
0	0	1	0	0	0	"model761"
0.813793103448276	0.0443684116451006	0.9	0.0443684116451007	0.913793103448276	0	"model762"
0.763793103448276	0.0372899498793295	0.763793103448276	0.0372899498793295	1	0	"model763"
0.777586206896552	0.0249851323210163	0.932758620689655	0.0249851323210163	0.844827586206897	0	"model764"
0.0344827586206897	0	1	0	0.0344827586206897	0	"model765"
0.832758620689655	0.052704627669473	0.832758620689655	0.052704627669473	1	0	"model766"
0.417241379310345	0.0158437341978048	0.986206896551724	0.0158437341978048	0.431034482758621	0	"model767"
0.777586206896552	0.0339518516959584	0.91551724137931	0.0339518516959585	0.862068965517241	0	"model768"
0.05	0.00545220286235927	0.998275862068966	0.00545220286235929	0.0517241379310345	0	"model769"
0	0	1	0	0	0	"model770"
0	0	1	0	0	0	"model771"
0.753448275862069	0.0438065264371483	0.753448275862069	0.0438065264371483	1	0	"model772"
0	0	1	0	0	0	"model773"
0.829310344827586	0.0418002219447544	0.829310344827586	0.0418002219447544	1	0	"model774"
0.0344827586206897	0	1	0	0.0344827586206897	0	"model775"
0	0	1	0	0	0	"model776"
0	0	1	0	0	0	"model777"
0.0344827586206897	0	1	0	0.0344827586206897	0	"model778"
0	0	1	0	0	0	"model779"
0.786206896551724	0.0690612362565508	0.786206896551724	0.0690612362565508	1	0	"model780"
0	0	1	0	0	0	"model781"
0	0	1	0	0	0	"model782"
0.825862068965517	0.0516921995902732	0.825862068965517	0.0516921995902732	1	0	"model783"
0.843103448275862	0.050398071881365	0.860344827586207	0.050398071881365	0.982758620689655	0	"model784"
0.0172413793103448	0	1	0	0.0172413793103448	0	"model785"
0	0	1	0	0	0	"model786"
0.663793103448276	0.0146523549241172	0.956896551724138	0.0146523549241172	0.706896551724138	0	"model787"
0.808620689655172	0.0367546596674011	0.843103448275862	0.0367546596674011	0.96551724137931	0	"model788"
0	0	1	0	0	0	"model789"
0.808620689655172	0.05657344690724	0.894827586206897	0.0565734469072401	0.913793103448276	0	"model790"
0	0	1	0	0	0	"model791"
0.827586206896552	0.0514038615517193	0.827586206896552	0.0514038615517193	1	0	"model792"
0.0689655172413793	0	1	0	0.0689655172413793	0	"model793"
0.767241379310345	0.0327636616407798	0.922413793103448	0.0327636616407798	0.844827586206897	0	"model794"
0	0	1	0	0	0	"model795"
0	0	1	0	0	0	"model796"
0.286206896551724	0.00890340999128141	0.993103448275862	0.00890340999128144	0.293103448275862	0	"model797"
0	0	1	0	0	0	"model798"
0	0	1	0	0	0	"model799"
0.801724137931034	0.0489350182928919	0.887931034482759	0.048935018292892	0.913793103448276	0	"model800"
0	0	1	0	0	0	"model801"
0.808620689655172	0.048392033183956	0.843103448275862	0.0483920331839561	0.96551724137931	0	"model802"
0.755172413793103	0.0506269322886097	0.841379310344828	0.0506269322886098	0.913793103448276	0	"model803"
0	0	1	0	0	0	"model804"
0.458620689655172	0.00890340999128141	0.993103448275862	0.00890340999128144	0.46551724137931	0	"model805"
0.812068965517241	0.031946993355603	0.829310344827586	0.031946993355603	0.982758620689655	0	"model806"
0	0	1	0	0	0	"model807"
0.801724137931034	0.058185220492289	0.801724137931034	0.058185220492289	1	0	"model808"
0.103448275862069	0	1	0	0.103448275862069	0	"model809"
0	0	1	0	0	0	"model810"
0	0	1	0	0	0	"model811"
0.331034482758621	0.0158437341978049	0.986206896551724	0.0158437341978048	0.344827586206897	0	"model812"
0.794827586206897	0.0376425813650869	0.881034482758621	0.0376425813650869	0.913793103448276	0	"model813"
0.756896551724138	0.0189742230105967	0.929310344827586	0.0189742230105967	0.827586206896552	0	"model814"
0.808620689655172	0.0483920331839561	0.808620689655172	0.0483920331839561	1	0	"model815"
0.120689655172414	0	1	0	0.120689655172414	0	"model816"
0.58448275862069	0.0329646675855172	0.963793103448276	0.0329646675855172	0.620689655172414	0	"model817"
0.768965517241379	0.0399828209906347	0.768965517241379	0.0399828209906347	1	0	"model818"
0	0	1	0	0	0	"model819"
0	0	1	0	0	0	"model820"
0.370689655172414	0.0121914962273543	0.991379310344828	0.0121914962273543	0.379310344827586	0	"model821"
0.796551724137931	0.0537901561232073	0.882758620689655	0.0537901561232073	0.913793103448276	0	"model822"
0	0	1	0	0	0	"model823"
0	0	1	0	0	0	"model824"
0	0	1	0	0	0	"model825"
0.482758620689655	0.0243829924547086	0.96551724137931	0.0243829924547085	0.517241379310345	0	"model826"
0.748275862068966	0.03652930708522	0.920689655172414	0.03652930708522	0.827586206896552	0	"model827"
0	0	1	0	0	0	"model828"
0.827586206896552	0.0344827586206896	0.862068965517241	0.0344827586206896	0.96551724137931	0	"model829"
0.806896551724138	0.0404754410612851	0.806896551724138	0.0404754410612851	1	0	"model830"
0	0	1	0	0	0	"model831"
0.0689655172413793	0	1	0	0.0689655172413793	0	"model832"
0.801724137931034	0.0604132070161742	0.870689655172414	0.0604132070161743	0.931034482758621	0	"model833"
0.758620689655172	0.0437688109532408	0.931034482758621	0.0437688109532409	0.827586206896552	0	"model834"
0.429310344827586	0.0189742230105968	0.981034482758621	0.0189742230105967	0.448275862068966	0	"model835"
0	0	1	0	0	0	"model836"
0	0	1	0	0	0	"model837"
0	0	1	0	0	0	"model838"
0.0172413793103448	0	1	0	0.0172413793103448	0	"model839"
0.763793103448276	0.036393425744799	0.763793103448276	0.036393425744799	1	0	"model840"
0.224137931034483	0	1	0	0.224137931034483	0	"model841"
0.0172413793103448	0	1	0	0.0172413793103448	0	"model842"
0	0	1	0	0	0	"model843"
0.8	0.0489012583590406	0.886206896551724	0.0489012583590406	0.913793103448276	0	"model844"
0	0	1	0	0	0	"model845"
0.548275862068966	0.0623238699389699	0.548275862068966	0.0623238699389699	1	0	"model846"
0	0	1	0	0	0	"model847"
0	0	1	0	0	0	"model848"
0.758620689655172	0.0445170499564071	0.896551724137931	0.0445170499564071	0.862068965517241	0	"model849"
0	0	1	0	0	0	"model850"
0.78448275862069	0.0447021528336323	0.922413793103448	0.0447021528336323	0.862068965517241	0	"model851"
0.73448275862069	0.0685813052421899	0.73448275862069	0.0685813052421899	1	0	"model852"
0	0	1	0	0	0	"model853"
0.829310344827586	0.051049236761385	0.863793103448276	0.051049236761385	0.96551724137931	0	"model854"
0.0827586206896552	0.00726960381647904	0.996551724137931	0.00726960381647905	0.0862068965517241	0	"model855"
0	0	1	0	0	0	"model856"
0	0	1	0	0	0	"model857"
0	0	1	0	0	0	"model858"
0	0	1	0	0	0	"model859"
0.81551724137931	0.0445541320535961	0.918965517241379	0.0445541320535961	0.896551724137931	0	"model860"
0.808620689655172	0.0262738608061206	0.825862068965517	0.0262738608061206	0.982758620689655	0	"model861"
0	0	1	0	0	0	"model862"
0	0	1	0	0	0	"model863"
0.689655172413793	0.0229885057471264	0.931034482758621	0.0229885057471264	0.758620689655172	0	"model864"
0.729310344827586	0.0551544510988969	0.729310344827586	0.0551544510988969	1	0	"model865"
0	0	1	0	0	0	"model866"
0.205172413793103	0.00545220286235928	0.998275862068966	0.00545220286235929	0.206896551724138	0	"model867"
0	0	1	0	0	0	"model868"
0	0	1	0	0	0	"model869"
0	0	1	0	0	0	"model870"
0	0	1	0	0	0	"model871"
0.793103448275862	0.050757246358206	0.844827586206897	0.050757246358206	0.948275862068966	0	"model872"
0.0172413793103448	0	1	0	0.0172413793103448	0	"model873"
0.774137931034483	0.0425830656387189	0.774137931034483	0.0425830656387189	1	0	"model874"
0	0	1	0	0	0	"model875"
0	0	1	0	0	0	"model876"
0.796551724137931	0.0370678517163152	0.882758620689655	0.0370678517163152	0.913793103448276	0	"model877"
0	0	1	0	0	0	"model878"
0.760344827586207	0.0490698257612335	0.898275862068965	0.0490698257612335	0.862068965517241	0	"model879"
0	0	1	0	0	0	"model880"
0.813793103448276	0.051915355359247	0.848275862068966	0.0519153553592469	0.96551724137931	0	"model881"
0.0172413793103448	0	1	0	0.0172413793103448	0	"model882"
0.556896551724138	0.0345306181282754	0.953448275862069	0.0345306181282754	0.603448275862069	0	"model883"
0.824137931034483	0.0342906526210949	0.841379310344828	0.0342906526210949	0.982758620689655	0	"model884"
0.748275862068966	0.0306273852746534	0.937931034482759	0.0306273852746534	0.810344827586207	0	"model885"
0.0344827586206897	0	1	0	0.0344827586206897	0	"model886"
0	0	1	0	0	0	"model887"
0.760344827586207	0.0367546596674011	0.898275862068965	0.0367546596674011	0.862068965517241	0	"model888"
0	0	1	0	0	0	"model889"
0.56551724137931	0.0486303351754165	0.56551724137931	0.0486303351754165	1	0	"model890"
0	0	1	0	0	0	"model891"
0.796551724137931	0.0279194432218187	0.882758620689655	0.0279194432218187	0.913793103448276	0	"model892"
0.8	0.0346738002965479	0.886206896551724	0.034673800296548	0.913793103448276	0	"model893"
0.732758620689655	0.0408410069067583	0.905172413793103	0.0408410069067583	0.827586206896552	0	"model894"
0	0	1	0	0	0	"model895"
0.377586206896552	0.0150964661339813	0.981034482758621	0.0150964661339813	0.396551724137931	0	"model896"
0	0	1	0	0	0	"model897"
0	0	1	0	0	0	"model898"
0.83448275862069	0.0502339618009475	0.868965517241379	0.0502339618009475	0.96551724137931	0	"model899"
0.741379310344828	0.0281550545147492	0.896551724137931	0.0281550545147492	0.844827586206897	0	"model900"
0.798275862068966	0.0551544510988969	0.88448275862069	0.0551544510988969	0.913793103448276	0	"model901"
0	0	1	0	0	0	"model902"
0	0	1	0	0	0	"model903"
0.813793103448276	0.0290784152659161	0.831034482758621	0.0290784152659161	0.982758620689655	0	"model904"
0.751724137931034	0.0246524259649738	0.906896551724138	0.0246524259649738	0.844827586206897	0	"model905"
0	0	1	0	0	0	"model906"
0.0862068965517241	0	1	0	0.0862068965517241	0	"model907"
0.787931034482759	0.036393425744799	0.908620689655172	0.036393425744799	0.879310344827586	0	"model908"
0	0	1	0	0	0	"model909"
0.8	0.0316874683956097	0.886206896551724	0.0316874683956097	0.913793103448276	0	"model910"
0.775862068965517	0.0602763705844915	0.775862068965517	0.0602763705844915	1	0	"model911"
0.613793103448276	0.0202377205306426	0.958620689655172	0.0202377205306425	0.655172413793103	0	"model912"
0.796551724137931	0.0396510076107134	0.882758620689655	0.0396510076107134	0.913793103448276	0	"model913"
0	0	1	0	0	0	"model914"
0	0	1	0	0	0	"model915"
0.798275862068966	0.0406789387797388	0.88448275862069	0.0406789387797388	0.913793103448276	0	"model916"
0.76551724137931	0.0416022093582847	0.903448275862069	0.0416022093582847	0.862068965517241	0	"model917"
0	0	1	0	0	0	"model918"
0	0	1	0	0	0	"model919"
0	0	1	0	0	0	"model920"
0.293103448275862	0	1	0	0.293103448275862	0	"model921"
0	0	1	0	0	0	"model922"
0.794827586206897	0.0490698257612335	0.881034482758621	0.0490698257612335	0.913793103448276	0	"model923"
0.0172413793103448	0	1	0	0.0172413793103448	0	"model924"
0	0	1	0	0	0	"model925"
0.841379310344828	0.0436176228988742	0.858620689655172	0.0436176228988742	0.982758620689655	0	"model926"
0.858620689655172	0.0472524248071137	0.858620689655172	0.0472524248071137	1	0	"model927"
0.824137931034483	0.0525477216122412	0.824137931034483	0.0525477216122412	1	0	"model928"
0.789655172413793	0.0420758740637313	0.789655172413793	0.0420758740637313	1	0	"model929"
0.774137931034483	0.0535748100525123	0.860344827586207	0.0535748100525123	0.913793103448276	0	"model930"
0.794827586206897	0.0385100357879332	0.829310344827586	0.0385100357879332	0.96551724137931	0	"model931"
0	0	1	0	0	0	"model932"
0	0	1	0	0	0	"model933"
0	0	1	0	0	0	"model934"
0	0	1	0	0	0	"model935"
0.8	0.042388710148473	0.886206896551724	0.0423887101484731	0.913793103448276	0	"model936"
0	0	1	0	0	0	"model937"
0	0	1	0	0	0	"model938"
0	0	1	0	0	0	"model939"
0	0	1	0	0	0	"model940"
0	0	1	0	0	0	"model941"
0.78448275862069	0.0391901772901892	0.870689655172414	0.0391901772901893	0.913793103448276	0	"model942"
0	0	1	0	0	0	"model943"
0	0	1	0	0	0	"model944"
0.0672413793103448	0.00545220286235927	0.998275862068966	0.00545220286235929	0.0689655172413793	0	"model945"
0	0	1	0	0	0	"model946"
0.28448275862069	0.00908700477059878	0.991379310344828	0.00908700477059881	0.293103448275862	0	"model947"
0.0689655172413793	0	1	0	0.0689655172413793	0	"model948"
0	0	1	0	0	0	"model949"
0.794827586206897	0.0393583762488826	0.881034482758621	0.0393583762488826	0.913793103448276	0	"model950"
0	0	1	0	0	0	"model951"
0.674137931034483	0.0577293057648169	0.674137931034483	0.0577293057648169	1	0	"model952"
0.779310344827586	0.0506269322886097	0.917241379310345	0.0506269322886098	0.862068965517241	0	"model953"
0	0	1	0	0	0	"model954"
0.0344827586206897	0	1	0	0.0344827586206897	0	"model955"
0	0	1	0	0	0	"model956"
0.522413793103448	0.0230602329284355	0.970689655172414	0.0230602329284355	0.551724137931034	0	"model957"
0.813793103448276	0.0342906526210949	0.917241379310345	0.0342906526210949	0.896551724137931	0	"model958"
0	0	1	0	0	0	"model959"
0	0	1	0	0	0	"model960"
0	0	1	0	0	0	"model961"
0	0	1	0	0	0	"model962"
0.1	0.00726960381647903	0.996551724137931	0.00726960381647905	0.103448275862069	0	"model963"
0.343103448275862	0.0206417068920321	0.981034482758621	0.0206417068920321	0.362068965517241	0	"model964"
0	0	1	0	0	0	"model965"
0.5	0.016255328303139	0.96551724137931	0.016255328303139	0.53448275862069	0	"model966"
0	0	1	0	0	0	"model967"
0.537931034482759	0.0136001834094244	0.986206896551724	0.0136001834094244	0.551724137931034	0	"model968"
0.817241379310345	0.0246524259649738	0.903448275862069	0.0246524259649738	0.913793103448276	0	"model969"
0	0	1	0	0	0	"model970"
0.794827586206897	0.0510492367613849	0.794827586206897	0.0510492367613849	1	0	"model971"
0.686206896551724	0.0654264343483113	0.686206896551724	0.0654264343483113	1	0	"model972"
0	0	1	0	0	0	"model973"
0.693103448275862	0.0279194432218186	0.93448275862069	0.0279194432218187	0.758620689655172	0	"model974"
0.632758620689655	0.0270176075253866	0.943103448275862	0.0270176075253866	0.689655172413793	0	"model975"
0	0	1	0	0	0	"model976"
0	0	1	0	0	0	"model977"
0	0	1	0	0	0	"model978"
0.73448275862069	0.0439194785621674	0.906896551724138	0.0439194785621674	0.827586206896552	0	"model979"
0.820689655172414	0.0306273852746534	0.906896551724138	0.0306273852746534	0.913793103448276	0	"model980"
0.0689655172413793	0	1	0	0.0689655172413793	0	"model981"
0.781034482758621	0.0282136499049048	0.867241379310345	0.0282136499049048	0.913793103448276	0	"model982"
0	0	1	0	0	0	"model983"
0	0	1	0	0	0	"model984"
0.81551724137931	0.0574999928196817	0.81551724137931	0.0574999928196817	1	0	"model985"
0	0	1	0	0	0	"model986"
0.763793103448276	0.0325614148832535	0.901724137931034	0.0325614148832536	0.862068965517241	0	"model987"
0	0	1	0	0	0	"model988"
0.76551724137931	0.0656280571200929	0.903448275862069	0.0656280571200929	0.862068965517241	0	"model989"
0.789655172413793	0.0312677482959435	0.893103448275862	0.0312677482959436	0.896551724137931	0	"model990"
0.801724137931034	0.0528298169852018	0.887931034482759	0.0528298169852018	0.913793103448276	0	"model991"
0.760344827586207	0.0455801840434445	0.91551724137931	0.0455801840434445	0.844827586206897	0	"model992"
0	0	1	0	0	0	"model993"
0.812068965517241	0.0441070893203446	0.812068965517241	0.0441070893203446	1	0	"model994"
0	0	1	0	0	0	"model995"
0.772413793103448	0.0404754410612851	0.910344827586207	0.0404754410612851	0.862068965517241	0	"model996"
0	0	1	0	0	0	"model997"
0.8	0.0439194785621673	0.886206896551724	0.0439194785621674	0.913793103448276	0	"model998"
0.708620689655172	0.0308958162200359	0.708620689655172	0.0308958162200359	1	0	"model999"
0	0	1	0	0	0	"model1000"
