"TSS.MN"	"TSS.sd"	"speci.MN"	"speci.sd"	"sensi.MN"	"sensi.sd"	"model"
0.383210912906611	0.0012898977904572	0.997061909758657	0.00128989779045718	0.386149003147954	0	"model1"
0	0	1	0	0	0	"model2"
0.871353620146905	0.00461911829848734	0.963693599160546	0.00461911829848735	0.907660020986359	0	"model3"
0	0	1	0	0	0	"model4"
0	0	1	0	0	0	"model5"
0	0	1	0	0	0	"model6"
0	0	1	0	0	0	"model7"
0.0136411332633788	0	1	0	0.0136411332633788	0	"model8"
0.876810073452256	0.00618217589234996	0.963903462749213	0.00618217589234995	0.912906610703043	0	"model9"
0.00209863588667366	0	1	0	0.00209863588667366	0	"model10"
0	0	1	0	0	0	"model11"
0	0	1	0	0	0	"model12"
0.913641133263379	0.00559745529726612	0.934627492130115	0.00559745529726611	0.979013641133263	0	"model13"
0.904826862539349	0.00926798519068664	0.947848898216159	0.00926798519068666	0.95697796432319	0	"model14"
0	0	1	0	0	0	"model15"
0	0	1	0	0	0	"model16"
0	0	1	0	0	0	"model17"
0.00839454354669465	0	1	0	0.00839454354669465	0	"model18"
0	0	1	0	0	0	"model19"
0.087093389296957	0	1	0	0.087093389296957	0	"model20"
0	0	1	0	0	0	"model21"
0.0167890870933893	0	1	0	0.0167890870933893	0	"model22"
0	0	1	0	0	0	"model23"
0	0	1	0	0	0	"model24"
0.822980062959077	0.00461514372299286	0.978279118572928	0.00461514372299288	0.844700944386149	0	"model25"
0.110598111227702	0.00054186545592269	0.999370409233998	0.000541865455922697	0.111227701993704	0	"model26"
0	0	1	0	0	0	"model27"
0	0	1	0	0	0	"model28"
0	0	1	0	0	0	"model29"
0	0	1	0	0	0	"model30"
0	0	1	0	0	0	"model31"
0	0	1	0	0	0	"model32"
0	0	1	0	0	0	"model33"
0.121720881427072	0	1	0	0.121720881427072	0	"model34"
0.855928646379853	0.0101620843346164	0.85697796432319	0.0101620843346164	0.998950682056663	0	"model35"
0	0	1	0	0	0	"model36"
0	0	1	0	0	0	"model37"
0.44302203567681	0.00225596579175894	0.997061909758657	0.00225596579175894	0.445960125918153	0	"model38"
0	0	1	0	0	0	"model39"
0.289296956977964	0.00140345593898138	0.998635886673662	0.00140345593898141	0.290661070304302	0	"model40"
0	0	1	0	0	0	"model41"
0	0	1	0	0	0	"model42"
0	0	1	0	0	0	"model43"
0	0	1	0	0	0	"model44"
0	0	1	0	0	0	"model45"
0	0	1	0	0	0	"model46"
0.858342077649528	0.0054186545592269	0.963273871983211	0.00541865455922688	0.895068205666317	0	"model47"
0	0	1	0	0	0	"model48"
0	0	1	0	0	0	"model49"
0.617313746065058	0.00261979479693234	0.99087093389297	0.00261979479693236	0.626442812172088	0	"model50"
0.193389296956978	0.00086387471390196	0.999265477439664	0.00086387471390197	0.194123819517314	0	"model51"
0	0	1	0	0	0	"model52"
0	0	1	0	0	0	"model53"
0	0	1	0	0	0	"model54"
0	0	1	0	0	0	"model55"
0	0	1	0	0	0	"model56"
0	0	1	0	0	0	"model57"
0.441133263378804	0.00141647126486999	0.996222455403987	0.00141647126486997	0.444910807974816	0	"model58"
0	0	1	0	0	0	"model59"
0.00734522560335782	0	1	0	0.00734522560335782	0	"model60"
0	0	1	0	0	0	"model61"
0	0	1	0	0	0	"model62"
0.90598111227702	0.00566588505947999	0.937460650577125	0.00566588505947997	0.968520461699895	0	"model63"
0	0	1	0	0	0	"model64"
0	0	1	0	0	0	"model65"
0.841343126967471	0.00659578849461949	0.969359916054565	0.00659578849461946	0.871983210912907	0	"model66"
0	0	1	0	0	0	"model67"
0.0995802728226653	0.00033182346906279	0.999895068205666	0.000331823469062794	0.099685204616999	0	"model68"
0	0	1	0	0	0	"model69"
0	0	1	0	0	0	"model70"
0	0	1	0	0	0	"model71"
0.00209863588667366	0	1	0	0.00209863588667366	0	"model72"
0.844910807974816	0.0112123821784668	0.845960125918153	0.0112123821784668	0.998950682056663	0	"model73"
0	0	1	0	0	0	"model74"
0.801469045120672	0.00460851181308169	0.979853095487933	0.00460851181308165	0.821615949632739	0	"model75"
0	0	1	0	0	0	"model76"
0	0	1	0	0	0	"model77"
0.884260230849948	0.013143728243544	0.888457502623295	0.0131437282435439	0.995802728226653	0	"model78"
0	0	1	0	0	0	"model79"
0	0	1	0	0	0	"model80"
0	0	1	0	0	0	"model81"
0	0	1	0	0	0	"model82"
0.90514165792235	0.008795930218398	0.940818467995803	0.008795930218398	0.964323189926548	0	"model83"
0	0	1	0	0	0	"model84"
0	0	1	0	0	0	"model85"
0	0	1	0	0	0	"model86"
0	0	1	0	0	0	"model87"
0.856768100734523	0.005310327544837	0.96694648478489	0.00531032754483701	0.889821615949633	0	"model88"
0	0	1	0	0	0	"model89"
0	0	1	0	0	0	"model90"
0.0472193074501574	0	1	0	0.0472193074501574	0	"model91"
0	0	1	0	0	0	"model92"
0.905456453305352	0.0117832378078739	0.933788037775446	0.0117832378078739	0.971668415529906	0	"model93"
0.453200419727177	0.00361638531670174	0.993599160545645	0.00361638531670175	0.459601259181532	0	"model94"
0.728331584470094	0.00347843578606557	0.983315844700944	0.00347843578606557	0.74501573976915	0	"model95"
0.00524658971668416	0	1	0	0.00524658971668416	0	"model96"
0.0963273871983211	0.000442431292083714	0.999790136411333	0.000442431292083725	0.0965372507869885	0	"model97"
0.0136411332633788	0	1	0	0.0136411332633788	0	"model98"
0	0	1	0	0	0	"model99"
0	0	1	0	0	0	"model100"
0	0	1	0	0	0	"model101"
0	0	1	0	0	0	"model102"
0.235257082896118	0.00162559636776807	0.998111227701994	0.00162559636776806	0.237145855194124	0	"model103"
0	0	1	0	0	0	"model104"
0	0	1	0	0	0	"model105"
0	0	1	0	0	0	"model106"
0	0	1	0	0	0	"model107"
0.630220356768101	0.00456583948851507	0.989087093389297	0.00456583948851507	0.641133263378804	0	"model108"
0	0	1	0	0	0	"model109"
0	0	1	0	0	0	"model110"
0	0	1	0	0	0	"model111"
0	0	1	0	0	0	"model112"
0	0	1	0	0	0	"model113"
0.199055613850997	0.000863874713901953	0.998635886673662	0.00086387471390197	0.200419727177335	0	"model114"
0	0	1	0	0	0	"model115"
0	0	1	0	0	0	"model116"
0	0	1	0	0	0	"model117"
0.911227701993704	0.00683982179032127	0.92906610703043	0.00683982179032127	0.982161594963274	0	"model118"
0.320356768100735	0.00111159486408329	0.998216159496327	0.00111159486408331	0.322140608604407	0	"model119"
0	0	1	0	0	0	"model120"
0.603567681007345	0.00256075623892593	0.993913955928646	0.00256075623892596	0.609653725078699	0	"model121"
0.488352570828961	0.00222318972816659	0.994123819517314	0.0022231897281666	0.494228751311647	0	"model122"
0	0	1	0	0	0	"model123"
0	0	1	0	0	0	"model124"
0	0	1	0	0	0	"model125"
0.6800629590766	0.00390901254171348	0.988562434417628	0.00390901254171345	0.691500524658972	0	"model126"
0	0	1	0	0	0	"model127"
0	0	1	0	0	0	"model128"
0.670199370409234	0.00466785980985051	0.989192025183631	0.00466785980985051	0.681007345225603	0	"model129"
0	0	1	0	0	0	"model130"
0	0	1	0	0	0	"model131"
0	0	1	0	0	0	"model132"
0.612067156348373	0.00332007764255594	0.987722980062959	0.00332007764255594	0.624344176285414	0	"model133"
0.896432318992655	0.00970642730585867	0.905876180482686	0.0097064273058587	0.990556138509968	0	"model134"
0.56495278069255	0.0022231897281666	0.995173137460651	0.00222318972816658	0.569779643231899	0	"model135"
0	0	1	0	0	0	"model136"
0.907869884575026	0.00486674421292089	0.940398740818468	0.00486674421292091	0.967471143756558	0	"model137"
0	0	1	0	0	0	"model138"
0	0	1	0	0	0	"model139"
0.0146904512067156	0	1	0	0.0146904512067156	0	"model140"
0	0	1	0	0	0	"model141"
0	0	1	0	0	0	"model142"
0.905456453305352	0.00910014058602409	0.944281217208814	0.00910014058602411	0.961175236096537	0	"model143"
0	0	1	0	0	0	"model144"
0.790556138509969	0.00417388846174925	0.979433368310598	0.00417388846174922	0.81112277019937	0	"model145"
0	0	1	0	0	0	"model146"
0	0	1	0	0	0	"model147"
0	0	1	0	0	0	"model148"
0	0	1	0	0	0	"model149"
0	0	1	0	0	0	"model150"
0.637355718782791	0.00383794801660589	0.989926547743966	0.00383794801660585	0.647429171038825	0	"model151"
0	0	1	0	0	0	"model152"
0	0	1	0	0	0	"model153"
0	0	1	0	0	0	"model154"
0	0	1	0	0	0	"model155"
0	0	1	0	0	0	"model156"
0	0	1	0	0	0	"model157"
0	0	1	0	0	0	"model158"
0	0	1	0	0	0	"model159"
0.00104931794333683	0	1	0	0.00104931794333683	0	"model160"
0.285204616998951	0.00146737859135383	0.997691500524659	0.00146737859135381	0.287513116474292	0	"model161"
0	0	1	0	0	0	"model162"
0.00629590766002099	0	1	0	0.00629590766002099	0	"model163"
0.883420776495278	0.0101789249215343	0.886568730325289	0.0101789249215343	0.996852046169989	0	"model164"
0.83105981112277	0.013573702631642	0.832109129066107	0.013573702631642	0.998950682056663	0	"model165"
0	0	1	0	0	0	"model166"
0.0104931794333683	0	1	0	0.0104931794333683	0	"model167"
0	0	1	0	0	0	"model168"
0	0	1	0	0	0	"model169"
0	0	1	0	0	0	"model170"
0	0	1	0	0	0	"model171"
0.808814270724029	0.00460851181308167	0.974606505771249	0.00460851181308167	0.834207764952781	0	"model172"
0	0	1	0	0	0	"model173"
0	0	1	0	0	0	"model174"
0	0	1	0	0	0	"model175"
0	0	1	0	0	0	"model176"
0.762014690451207	0.00287580339854417	0.981322140608604	0.00287580339854417	0.780692549842602	0	"model177"
0.463903462749213	0.00188033299135581	0.995907660020986	0.00188033299135579	0.467995802728227	0	"model178"
0.837355718782791	0.00621769459063699	0.838405036726128	0.00621769459063699	0.998950682056663	0	"model179"
0.00314795383001049	0	1	0	0.00314795383001049	0	"model180"
0	0	1	0	0	0	"model181"
0.870304302203568	0.00649108679099661	0.964742917103882	0.00649108679099661	0.905561385099685	0	"model182"
0.155194123819517	0.000918777582131075	0.998845750262329	0.000918777582131088	0.156348373557188	0	"model183"
0	0	1	0	0	0	"model184"
0	0	1	0	0	0	"model185"
0	0	1	0	0	0	"model186"
0	0	1	0	0	0	"model187"
0	0	1	0	0	0	"model188"
0	0	1	0	0	0	"model189"
0	0	1	0	0	0	"model190"
0.722665267576076	0.00425660522604443	0.98289611752361	0.00425660522604443	0.739769150052466	0	"model191"
0	0	1	0	0	0	"model192"
0	0	1	0	0	0	"model193"
0.81311647429171	0.00560619108923338	0.977859391395593	0.00560619108923338	0.835257082896118	0	"model194"
0	0	1	0	0	0	"model195"
0	0	1	0	0	0	"model196"
0	0	1	0	0	0	"model197"
0	0	1	0	0	0	"model198"
0	0	1	0	0	0	"model199"
0	0	1	0	0	0	"model200"
0	0	1	0	0	0	"model201"
0.00104931794333683	0	1	0	0.00104931794333683	0	"model202"
0	0	1	0	0	0	"model203"
0	0	1	0	0	0	"model204"
0.0324239244491081	0.00033182346906279	0.999895068205666	0.000331823469062794	0.0325288562434418	0	"model205"
0	0	1	0	0	0	"model206"
0	0	1	0	0	0	"model207"
0	0	1	0	0	0	"model208"
0.418363064008395	0.00164430350102038	0.996537250786989	0.00164430350102035	0.421825813221406	0	"model209"
0	0	1	0	0	0	"model210"
0	0	1	0	0	0	"model211"
0.44585519412382	0.00281778720687274	0.996747114375656	0.00281778720687273	0.449108079748164	0	"model212"
0.904931794333683	0.00748872959276538	0.92591815320042	0.00748872959276539	0.979013641133263	0	"model213"
0.117523609653725	0	1	0	0.117523609653725	0	"model214"
0	0	1	0	0	0	"model215"
0	0	1	0	0	0	"model216"
0.012591815320042	0	1	0	0.012591815320042	0	"model217"
0	0	1	0	0	0	"model218"
0	0	1	0	0	0	"model219"
0	0	1	0	0	0	"model220"
0.888457502623295	0.0140000844324472	0.894753410283316	0.0140000844324472	0.993704092339979	0	"model221"
0	0	1	0	0	0	"model222"
0	0	1	0	0	0	"model223"
0	0	1	0	0	0	"model224"
0.00104931794333683	0	1	0	0.00104931794333683	0	"model225"
0.908919202518363	0.00663278142910589	0.941448058761805	0.00663278142910587	0.967471143756558	0	"model226"
0	0	1	0	0	0	"model227"
0	0	1	0	0	0	"model228"
0.898530954879328	0.0090543161271567	0.910073452256034	0.00905431612715669	0.988457502623295	0	"model229"
0	0	1	0	0	0	"model230"
0.0398740818467996	0	1	0	0.0398740818467996	0	"model231"
0	0	1	0	0	0	"model232"
0	0	1	0	0	0	"model233"
0	0	1	0	0	0	"model234"
0	0	1	0	0	0	"model235"
0	0	1	0	0	0	"model236"
0	0	1	0	0	0	"model237"
0	0	1	0	0	0	"model238"
0	0	1	0	0	0	"model239"
0	0	1	0	0	0	"model240"
0	0	1	0	0	0	"model241"
0	0	1	0	0	0	"model242"
0.609548793284365	0.00212470689730501	0.992549842602308	0.002124706897305	0.616998950682057	0	"model243"
0	0	1	0	0	0	"model244"
0	0	1	0	0	0	"model245"
0	0	1	0	0	0	"model246"
0	0	1	0	0	0	"model247"
0	0	1	0	0	0	"model248"
0	0	1	0	0	0	"model249"
0.547324239244491	0.0015003575088861	0.994333683105981	0.00150035750888613	0.55299055613851	0	"model250"
0.840713536201469	0.0122550273415794	0.841762854144806	0.0122550273415794	0.998950682056663	0	"model251"
0	0	1	0	0	0	"model252"
0	0	1	0	0	0	"model253"
0.769884575026233	0.00309108794617499	0.979748163693599	0.00309108794617499	0.790136411332634	0	"model254"
0	0	1	0	0	0	"model255"
0	0	1	0	0	0	"model256"
0.192235047219307	0.000827713156082483	0.999160545645331	0.000827713156082505	0.193074501573977	0	"model257"
0	0	1	0	0	0	"model258"
0	0	1	0	0	0	"model259"
0	0	1	0	0	0	"model260"
0	0	1	0	0	0	"model261"
0	0	1	0	0	0	"model262"
0	0	1	0	0	0	"model263"
0.893913955928646	0.0066997670178725	0.900209863588667	0.0066997670178725	0.993704092339979	0	"model264"
0	0	1	0	0	0	"model265"
0	0	1	0	0	0	"model266"
0	0	1	0	0	0	"model267"
0.856243441762854	0.00568313284689467	0.966421825813221	0.00568313284689469	0.889821615949633	0	"model268"
0.894648478488982	0.00604206306588015	0.90199370409234	0.00604206306588015	0.992654774396642	0	"model269"
0	0	1	0	0	0	"model270"
0	0	1	0	0	0	"model271"
0	0	1	0	0	0	"model272"
0	0	1	0	0	0	"model273"
0.257922350472193	0.000442431292083725	0.999790136411333	0.000442431292083725	0.25813221406086	0	"model274"
0	0	1	0	0	0	"model275"
0	0	1	0	0	0	"model276"
0	0	1	0	0	0	"model277"
0	0	1	0	0	0	"model278"
0	0	1	0	0	0	"model279"
0	0	1	0	0	0	"model280"
0	0	1	0	0	0	"model281"
0	0	1	0	0	0	"model282"
0.263903462749213	0.00180056490748286	0.997376705141658	0.00180056490748284	0.266526757607555	0	"model283"
0.00314795383001049	0	1	0	0.00314795383001049	0	"model284"
0	0	1	0	0	0	"model285"
0	0	1	0	0	0	"model286"
0	0	1	0	0	0	"model287"
0.128856243441763	0.000442431292083725	0.999790136411333	0.000442431292083725	0.12906610703043	0	"model288"
0	0	1	0	0	0	"model289"
0	0	1	0	0	0	"model290"
0	0	1	0	0	0	"model291"
0	0	1	0	0	0	"model292"
0.911017838405037	0.00476513084740859	0.936201469045121	0.00476513084740859	0.974816369359916	0	"model293"
0	0	1	0	0	0	"model294"
0.824973767051417	0.0134814557325055	0.826023084994753	0.0134814557325055	0.998950682056663	0	"model295"
0.0907660020986359	0.00101975374166584	0.999475341028332	0.00101975374166586	0.0912906610703043	0	"model296"
0	0	1	0	0	0	"model297"
0	0	1	0	0	0	"model298"
0	0	1	0	0	0	"model299"
0.819727177334732	0.010980855891066	0.820776495278069	0.010980855891066	0.998950682056663	0	"model300"
0.0220356768100735	0	1	0	0.0220356768100735	0	"model301"
0	0	1	0	0	0	"model302"
0	0	1	0	0	0	"model303"
0.901154249737671	0.00749852518831011	0.944176285414481	0.0074985251883101	0.95697796432319	0	"model304"
0	0	1	0	0	0	"model305"
0	0	1	0	0	0	"model306"
0	0	1	0	0	0	"model307"
0	0	1	0	0	0	"model308"
0	0	1	0	0	0	"model309"
0.467890870933893	0.000918777582131088	0.995697796432319	0.000918777582131041	0.472193074501574	0	"model310"
0	0	1	0	0	0	"model311"
0.00944386149003148	0	1	0	0.00944386149003148	0	"model312"
0	0	1	0	0	0	"model313"
0	0	1	0	0	0	"model314"
0	0	1	0	0	0	"model315"
0.528226652675761	0.00233065145141068	0.994123819517314	0.00233065145141066	0.534102833158447	0	"model316"
0.217838405036726	0.000541865455922697	0.999580272822665	0.000541865455922697	0.218258132214061	0	"model317"
0	0	1	0	0	0	"model318"
0	0	1	0	0	0	"model319"
0	0	1	0	0	0	"model320"
0	0	1	0	0	0	"model321"
0	0	1	0	0	0	"model322"
0	0	1	0	0	0	"model323"
0.733997901364113	0.00440352511787834	0.985834207764953	0.00440352511787834	0.748163693599161	0	"model324"
0	0	1	0	0	0	"model325"
0	0	1	0	0	0	"model326"
0	0	1	0	0	0	"model327"
0.00734522560335782	0	1	0	0.00734522560335782	0	"model328"
0.0493179433368311	0	1	0	0.0493179433368311	0	"model329"
0.828226652675761	0.0148235117199571	0.829275970619098	0.014823511719957	0.998950682056663	0	"model330"
0.819202518363064	0.0119747974892232	0.820251836306401	0.0119747974892232	0.998950682056663	0	"model331"
0.0157397691500525	0	1	0	0.0157397691500525	0	"model332"
0.658656873032529	0.00376879013558614	0.987093389296957	0.00376879013558616	0.671563483735572	0	"model333"
0.85414480587618	0.00416802213634592	0.968520461699895	0.00416802213634592	0.885624344176285	0	"model334"
0.00944386149003148	0	1	0	0.00944386149003148	0	"model335"
0	0	1	0	0	0	"model336"
0	0	1	0	0	0	"model337"
0	0	1	0	0	0	"model338"
0.0283315844700944	0	1	0	0.0283315844700944	0	"model339"
0	0	1	0	0	0	"model340"
0.38887722980063	0.00150035750888614	0.997481636935992	0.00150035750888612	0.391395592864638	0	"model341"
0	0	1	0	0	0	"model342"
0	0	1	0	0	0	"model343"
0.887408184679958	0.00646937583128708	0.952465897166842	0.00646937583128708	0.934942287513116	0	"model344"
0.767576075550892	0.00367677440392244	0.980587618048269	0.00367677440392247	0.786988457502623	0	"model345"
0	0	1	0	0	0	"model346"
0	0	1	0	0	0	"model347"
0	0	1	0	0	0	"model348"
0.908184679958027	0.00799519373953303	0.930220356768101	0.00799519373953303	0.977964323189927	0	"model349"
0.881636935991605	0.0065585869091762	0.959286463798531	0.00655858690917621	0.922350472193075	0	"model350"
0.334102833158447	0.00150035750888613	0.998321091290661	0.00150035750888613	0.335781741867786	0	"model351"
0.671143756558237	0.00370824995612411	0.985939139559286	0.00370824995612412	0.685204616998951	0	"model352"
0	0	1	0	0	0	"model353"
0	0	1	0	0	0	"model354"
0.00839454354669465	0	1	0	0.00839454354669465	0	"model355"
0	0	1	0	0	0	"model356"
0	0	1	0	0	0	"model357"
0	0	1	0	0	0	"model358"
0	0	1	0	0	0	"model359"
0.779223504721931	0.0103191823236577	0.780272822665268	0.0103191823236577	0.998950682056663	0	"model360"
0	0	1	0	0	0	"model361"
0.0157397691500525	0	1	0	0.0157397691500525	0	"model362"
0	0	1	0	0	0	"model363"
0	0	1	0	0	0	"model364"
0	0	1	0	0	0	"model365"
0	0	1	0	0	0	"model366"
0	0	1	0	0	0	"model367"
0	0	1	0	0	0	"model368"
0.67607555089192	0.00335672420119205	0.987722980062959	0.00335672420119205	0.688352570828961	0	"model369"
0	0	1	0	0	0	"model370"
0	0	1	0	0	0	"model371"
0	0	1	0	0	0	"model372"
0.0587618048268625	0	1	0	0.0587618048268625	0	"model373"
0	0	1	0	0	0	"model374"
0	0	1	0	0	0	"model375"
0	0	1	0	0	0	"model376"
0	0	1	0	0	0	"model377"
0.873976915005247	0.00429665481331289	0.965267576075551	0.00429665481331289	0.908709338929696	0	"model378"
0.895802728226653	0.00722007338451086	0.90314795383001	0.00722007338451086	0.992654774396642	0	"model379"
0	0	1	0	0	0	"model380"
0.80115424973767	0.00325307366871953	0.980587618048269	0.00325307366871953	0.820566631689402	0	"model381"
0	0	1	0	0	0	"model382"
0.615005246589717	0.00143790169927211	0.990661070304302	0.00143790169927209	0.624344176285414	0	"model383"
0	0	1	0	0	0	"model384"
0	0	1	0	0	0	"model385"
0	0	1	0	0	0	"model386"
0	0	1	0	0	0	"model387"
0	0	1	0	0	0	"model388"
0	0	1	0	0	0	"model389"
0	0	1	0	0	0	"model390"
0.675655823714586	0.00244590888241303	0.983105981112277	0.00244590888241303	0.692549842602308	0	"model391"
0	0	1	0	0	0	"model392"
0.376180482686254	0.0015044290428546	0.997376705141658	0.00150442904285459	0.378803777544596	0	"model393"
0	0	1	0	0	0	"model394"
0.0692549842602309	0	1	0	0.0692549842602309	0	"model395"
0	0	1	0	0	0	"model396"
0	0	1	0	0	0	"model397"
0.589821615949633	0.00212470689730498	0.993809024134313	0.00212470689730501	0.59601259181532	0	"model398"
0	0	1	0	0	0	"model399"
0	0	1	0	0	0	"model400"
0.889401888772298	0.0115710797499183	0.897796432318993	0.0115710797499183	0.991605456453305	0	"model401"
0.540713536201469	0.00148807606758882	0.995068205666317	0.00148807606758885	0.545645330535152	0	"model402"
0	0	1	0	0	0	"model403"
0	0	1	0	0	0	"model404"
0	0	1	0	0	0	"model405"
0	0	1	0	0	0	"model406"
0.207345225603358	0.00101373744289538	0.998530954879328	0.00101373744289539	0.208814270724029	0	"model407"
0	0	1	0	0	0	"model408"
0.756558237145855	0.00416802213634591	0.983210912906611	0.00416802213634592	0.773347324239244	0	"model409"
0	0	1	0	0	0	"model410"
0	0	1	0	0	0	"model411"
0.899370409233998	0.00695071387970562	0.951836306400839	0.00695071387970561	0.947534102833158	0	"model412"
0.899685204616999	0.00637699904866224	0.930115424973767	0.00637699904866224	0.969569779643232	0	"model413"
0	0	1	0	0	0	"model414"
0	0	1	0	0	0	"model415"
0.181636935991605	0.000774254761146508	0.999055613850997	0.00077425476114652	0.182581322140609	0	"model416"
0	0	1	0	0	0	"model417"
0	0	1	0	0	0	"model418"
0.518782791185729	0.00233065145141065	0.993074501573977	0.00233065145141067	0.525708289611752	0	"model419"
0	0	1	0	0	0	"model420"
0	0	1	0	0	0	"model421"
0	0	1	0	0	0	"model422"
0.5099685204617	0.00252224643264357	0.995802728226653	0.00252224643264357	0.514165792235047	0	"model423"
0	0	1	0	0	0	"model424"
0	0	1	0	0	0	"model425"
0	0	1	0	0	0	"model426"
0	0	1	0	0	0	"model427"
0	0	1	0	0	0	"model428"
0	0	1	0	0	0	"model429"
0.653515215110178	0.00312063071328373	0.991395592864638	0.00312063071328374	0.66211962224554	0	"model430"
0	0	1	0	0	0	"model431"
0	0	1	0	0	0	"model432"
0	0	1	0	0	0	"model433"
0	0	1	0	0	0	"model434"
0	0	1	0	0	0	"model435"
0.236516264428122	0.00157979570348181	0.998321091290661	0.00157979570348179	0.238195173137461	0	"model436"
0	0	1	0	0	0	"model437"
0	0	1	0	0	0	"model438"
0	0	1	0	0	0	"model439"
0.358656873032529	0.000827713156082505	0.997691500524659	0.000827713156082505	0.36096537250787	0	"model440"
0.00419727177334732	0	1	0	0.00419727177334732	0	"model441"
0	0	1	0	0	0	"model442"
0	0	1	0	0	0	"model443"
0	0	1	0	0	0	"model444"
0	0	1	0	0	0	"model445"
0	0	1	0	0	0	"model446"
0	0	1	0	0	0	"model447"
0	0	1	0	0	0	"model448"
0.00629590766002099	0	1	0	0.00629590766002099	0	"model449"
0.551206715634837	0.00280036640800953	0.99401888772298	0.00280036640800954	0.557187827911857	0	"model450"
0	0	1	0	0	0	"model451"
0.223189926547744	0.000708235632435001	0.999685204616999	0.000708235632435009	0.223504721930745	0	"model452"
0.496956977964323	0.00257979558091442	0.995383001049318	0.00257979558091441	0.501573976915005	0	"model453"
0.911752360965372	0.00778116404858307	0.932738719832109	0.00778116404858305	0.979013641133263	0	"model454"
0	0	1	0	0	0	"model455"
0	0	1	0	0	0	"model456"
0	0	1	0	0	0	"model457"
0	0	1	0	0	0	"model458"
0.363273871983211	0.00154850952229302	0.998111227701994	0.001548509522293	0.365162644281217	0	"model459"
0.0325288562434418	0	1	0	0.0325288562434418	0	"model460"
0	0	1	0	0	0	"model461"
0	0	1	0	0	0	"model462"
0.465687303252886	0.0024131777979238	0.995592864637985	0.00241317779792379	0.4700944386149	0	"model463"
0	0	1	0	0	0	"model464"
0	0	1	0	0	0	"model465"
0	0	1	0	0	0	"model466"
0.0796432318992655	0.00033182346906279	0.999895068205666	0.000331823469062794	0.0797481636935992	0	"model467"
0.0430220356768101	0	1	0	0.0430220356768101	0	"model468"
0	0	1	0	0	0	"model469"
0.911857292759706	0.00678234327725266	0.930745015739769	0.00678234327725264	0.981112277019937	0	"model470"
0.0650577124868835	0	1	0	0.0650577124868835	0	"model471"
0	0	1	0	0	0	"model472"
0	0	1	0	0	0	"model473"
0.0209863588667366	0	1	0	0.0209863588667366	0	"model474"
0.299160545645331	0.00206632465725665	0.996956977964323	0.00206632465725665	0.302203567681007	0	"model475"
0	0	1	0	0	0	"model476"
0	0	1	0	0	0	"model477"
0	0	1	0	0	0	"model478"
0	0	1	0	0	0	"model479"
0.0451206715634837	0	1	0	0.0451206715634837	0	"model480"
0	0	1	0	0	0	"model481"
0	0	1	0	0	0	"model482"
0	0	1	0	0	0	"model483"
0.880167890870934	0.00707890067333949	0.959916054564533	0.00707890067333949	0.920251836306401	0	"model484"
0	0	1	0	0	0	"model485"
0.662224554039874	0.00400180265406467	0.986463798530955	0.00400180265406466	0.675760755508919	0	"model486"
0	0	1	0	0	0	"model487"
0	0	1	0	0	0	"model488"
0.601364113326338	0.00281778720687275	0.990661070304302	0.00281778720687272	0.610703043022036	0	"model489"
0.912277019937041	0.00533216901018805	0.937460650577125	0.00533216901018805	0.974816369359916	0	"model490"
0	0	1	0	0	0	"model491"
0.526023084994753	0.00191897400830292	0.99087093389297	0.00191897400830292	0.535152151101784	0	"model492"
0	0	1	0	0	0	"model493"
0	0	1	0	0	0	"model494"
0	0	1	0	0	0	"model495"
0	0	1	0	0	0	"model496"
0	0	1	0	0	0	"model497"
0	0	1	0	0	0	"model498"
0	0	1	0	0	0	"model499"
0.868520461699895	0.0111713901251139	0.872717733473242	0.0111713901251139	0.995802728226653	0	"model500"
0	0	1	0	0	0	"model501"
0	0	1	0	0	0	"model502"
0.913221406086044	0.00827787055743913	0.920566631689402	0.00827787055743913	0.992654774396642	0	"model503"
0	0	1	0	0	0	"model504"
0	0	1	0	0	0	"model505"
0	0	1	0	0	0	"model506"
0	0	1	0	0	0	"model507"
0.0272822665267576	0	1	0	0.0272822665267576	0	"model508"
0	0	1	0	0	0	"model509"
0.061909758656873	0	1	0	0.061909758656873	0	"model510"
0	0	1	0	0	0	"model511"
0	0	1	0	0	0	"model512"
0	0	1	0	0	0	"model513"
0	0	1	0	0	0	"model514"
0	0	1	0	0	0	"model515"
0	0	1	0	0	0	"model516"
0	0	1	0	0	0	"model517"
0	0	1	0	0	0	"model518"
0.0241343126967471	0	1	0	0.0241343126967471	0	"model519"
0	0	1	0	0	0	"model520"
0.809443861490031	0.00553481369565651	0.977334732423924	0.00553481369565653	0.832109129066107	0	"model521"
0	0	1	0	0	0	"model522"
0.280692549842602	0.00113339291682543	0.997376705141658	0.00113339291682544	0.283315844700944	0	"model523"
0.179643231899265	0.00146737859135383	0.998111227701994	0.00146737859135383	0.181532004197272	0	"model524"
0	0	1	0	0	0	"model525"
0	0	1	0	0	0	"model526"
0	0	1	0	0	0	"model527"
0	0	1	0	0	0	"model528"
0	0	1	0	0	0	"model529"
0.0104931794333683	0	1	0	0.0104931794333683	0	"model530"
0	0	1	0	0	0	"model531"
0	0	1	0	0	0	"model532"
0	0	1	0	0	0	"model533"
0	0	1	0	0	0	"model534"
0	0	1	0	0	0	"model535"
0.647639034627492	0.00256075623892594	0.990766002098636	0.00256075623892593	0.656873032528856	0	"model536"
0	0	1	0	0	0	"model537"
0.906086044071354	0.0057738978731092	0.94700944386149	0.00577389787310919	0.959076600209864	0	"model538"
0	0	1	0	0	0	"model539"
0	0	1	0	0	0	"model540"
0	0	1	0	0	0	"model541"
0	0	1	0	0	0	"model542"
0.86495278069255	0.00991838302438888	0.866002098635887	0.00991838302438885	0.998950682056663	0	"model543"
0	0	1	0	0	0	"model544"
0.0115424973767051	0	1	0	0.0115424973767051	0	"model545"
0	0	1	0	0	0	"model546"
0.0314795383001049	0	1	0	0.0314795383001049	0	"model547"
0	0	1	0	0	0	"model548"
0	0	1	0	0	0	"model549"
0	0	1	0	0	0	"model550"
0	0	1	0	0	0	"model551"
0	0	1	0	0	0	"model552"
0	0	1	0	0	0	"model553"
0	0	1	0	0	0	"model554"
0.763168940188877	0.00296997967336184	0.982476390346275	0.00296997967336184	0.780692549842602	0	"model555"
0	0	1	0	0	0	"model556"
0	0	1	0	0	0	"model557"
0	0	1	0	0	0	"model558"
0.00524658971668416	0	1	0	0.00524658971668416	0	"model559"
0	0	1	0	0	0	"model560"
0	0	1	0	0	0	"model561"
0	0	1	0	0	0	"model562"
0.651521511017838	0.00206632465725667	0.989401888772298	0.00206632465725663	0.66211962224554	0	"model563"
0	0	1	0	0	0	"model564"
0.0115424973767051	0	1	0	0.0115424973767051	0	"model565"
0.84900314795383	0.00351343099093324	0.966526757607555	0.00351343099093325	0.882476390346275	0	"model566"
0	0	1	0	0	0	"model567"
0.0524658971668416	0	1	0	0.0524658971668416	0	"model568"
0.556663168940189	0.00228023868667461	0.994228751311647	0.00228023868667458	0.562434417628541	0	"model569"
0	0	1	0	0	0	"model570"
0.22193074501574	0.000741979833354193	0.999475341028332	0.000741979833354206	0.222455403987408	0	"model571"
0	0	1	0	0	0	"model572"
0.864008394543547	0.00530917550500462	0.965792235047219	0.00530917550500462	0.898216159496327	0	"model573"
0	0	1	0	0	0	"model574"
0	0	1	0	0	0	"model575"
0	0	1	0	0	0	"model576"
0.564008394543547	0.00243588462350196	0.992130115424974	0.00243588462350196	0.571878279118573	0	"model577"
0	0	1	0	0	0	"model578"
0.0241343126967471	0	1	0	0.0241343126967471	0	"model579"
0	0	1	0	0	0	"model580"
0	0	1	0	0	0	"model581"
0	0	1	0	0	0	"model582"
0	0	1	0	0	0	"model583"
0.101573976915005	0.00044243129208372	0.999790136411333	0.000442431292083725	0.101783840503673	0	"model584"
0	0	1	0	0	0	"model585"
0	0	1	0	0	0	"model586"
0.430745015739769	0.00173128627782646	0.996327387198321	0.00173128627782643	0.434417628541448	0	"model587"
0.828961175236097	0.00479584092368036	0.971668415529906	0.00479584092368034	0.857292759706191	0	"model588"
0	0	1	0	0	0	"model589"
0	0	1	0	0	0	"model590"
0	0	1	0	0	0	"model591"
0	0	1	0	0	0	"model592"
0	0	1	0	0	0	"model593"
0.629275970619098	0.00275633274639322	0.991290661070304	0.00275633274639322	0.637985309548793	0	"model594"
0	0	1	0	0	0	"model595"
0	0	1	0	0	0	"model596"
0	0	1	0	0	0	"model597"
0	0	1	0	0	0	"model598"
0.187303252885624	0.000553039115104642	0.999475341028332	0.000553039115104657	0.187827911857293	0	"model599"
0	0	1	0	0	0	"model600"
0	0	1	0	0	0	"model601"
0	0	1	0	0	0	"model602"
0	0	1	0	0	0	"model603"
0.824449108079748	0.0105286796010793	0.825498426023085	0.0105286796010793	0.998950682056663	0	"model604"
0.808814270724029	0.00395103777445064	0.973557187827912	0.00395103777445064	0.835257082896118	0	"model605"
0	0	1	0	0	0	"model606"
0	0	1	0	0	0	"model607"
0	0	1	0	0	0	"model608"
0.0692549842602309	0	1	0	0.0692549842602309	0	"model609"
0	0	1	0	0	0	"model610"
0	0	1	0	0	0	"model611"
0.0461699895068206	0	1	0	0.0461699895068206	0	"model612"
0	0	1	0	0	0	"model613"
0.650577124868835	0.00266378912412166	0.987408184679958	0.00266378912412169	0.663168940188877	0	"model614"
0	0	1	0	0	0	"model615"
0	0	1	0	0	0	"model616"
0	0	1	0	0	0	"model617"
0.850577124868835	0.013745664548846	0.851626442812172	0.013745664548846	0.998950682056663	0	"model618"
0.142182581322141	0.00113339291682544	0.998426023084995	0.00113339291682543	0.143756558237146	0	"model619"
0	0	1	0	0	0	"model620"
0	0	1	0	0	0	"model621"
0	0	1	0	0	0	"model622"
0	0	1	0	0	0	"model623"
0.810388247639035	0.00829263666007296	0.811437565582371	0.00829263666007297	0.998950682056663	0	"model624"
0	0	1	0	0	0	"model625"
0	0	1	0	0	0	"model626"
0	0	1	0	0	0	"model627"
0.76694648478489	0.00368342318766025	0.979958027282267	0.00368342318766022	0.786988457502623	0	"model628"
0.83189926547744	0.0047135027710173	0.973557187827912	0.00471350277101725	0.858342077649528	0	"model629"
0	0	1	0	0	0	"model630"
0.877019937040923	0.00597282244313021	0.959916054564533	0.00597282244313018	0.91710388247639	0	"model631"
0	0	1	0	0	0	"model632"
0	0	1	0	0	0	"model633"
0	0	1	0	0	0	"model634"
0.566002098635887	0.003016979174935	0.990975865687303	0.00301697917493499	0.575026232948583	0	"model635"
0	0	1	0	0	0	"model636"
0	0	1	0	0	0	"model637"
0.904092339979014	0.0061623548221183	0.939769150052466	0.00616235482211831	0.964323189926548	0	"model638"
0	0	1	0	0	0	"model639"
0	0	1	0	0	0	"model640"
0	0	1	0	0	0	"model641"
0	0	1	0	0	0	"model642"
0	0	1	0	0	0	"model643"
0	0	1	0	0	0	"model644"
0	0	1	0	0	0	"model645"
0	0	1	0	0	0	"model646"
0.878698845750262	0.00587784583073803	0.958447009443862	0.00587784583073803	0.920251836306401	0	"model647"
0.00524658971668416	0	1	0	0.00524658971668416	0	"model648"
0	0	1	0	0	0	"model649"
0	0	1	0	0	0	"model650"
0.82507869884575	0.00419872890644915	0.976180482686254	0.00419872890644916	0.848898216159496	0	"model651"
0.297481636935992	0.00133189456206084	0.997376705141658	0.00133189456206084	0.300104931794334	0	"model652"
0	0	1	0	0	0	"model653"
0.340923399790136	0.00115477957462186	0.998845750262329	0.00115477957462186	0.342077649527807	0	"model654"
0.869779643231899	0.00480730662428224	0.964218258132214	0.00480730662428223	0.905561385099685	0	"model655"
0	0	1	0	0	0	"model656"
0.178174186778594	0.000442431292083725	0.999790136411333	0.000442431292083725	0.178384050367261	0	"model657"
0.0272822665267576	0	1	0	0.0272822665267576	0	"model658"
0.878698845750262	0.00575160679708834	0.960545645330535	0.00575160679708834	0.918153200419727	0	"model659"
0	0	1	0	0	0	"model660"
0.301049317943337	0.00152060616434308	0.997796432318993	0.00152060616434305	0.303252885624344	0	"model661"
0	0	1	0	0	0	"model662"
0	0	1	0	0	0	"model663"
0	0	1	0	0	0	"model664"
0	0	1	0	0	0	"model665"
0	0	1	0	0	0	"model666"
0.666736621196222	0.00383794801660587	0.982581322140609	0.00383794801660585	0.684155299055614	0	"model667"
0.907869884575026	0.00506385759240403	0.938300104931794	0.00506385759240401	0.969569779643232	0	"model668"
0	0	1	0	0	0	"model669"
0	0	1	0	0	0	"model670"
0	0	1	0	0	0	"model671"
0	0	1	0	0	0	"model672"
0.840398740818468	0.00870153929989479	0.841448058761805	0.0087015392998948	0.998950682056663	0	"model673"
0	0	1	0	0	0	"model674"
0	0	1	0	0	0	"model675"
0	0	1	0	0	0	"model676"
0	0	1	0	0	0	"model677"
0.00104931794333683	0	1	0	0.00104931794333683	0	"model678"
0	0	1	0	0	0	"model679"
0	0	1	0	0	0	"model680"
0	0	1	0	0	0	"model681"
0.767890870933893	0.00471350277101728	0.98405036726128	0.00471350277101728	0.783840503672613	0	"model682"
0	0	1	0	0	0	"model683"
0	0	1	0	0	0	"model684"
0	0	1	0	0	0	"model685"
0	0	1	0	0	0	"model686"
0.0167890870933893	0	1	0	0.0167890870933893	0	"model687"
0.867156348373557	0.00608242465737226	0.965792235047219	0.00608242465737227	0.901364113326338	0	"model688"
0.289087093389297	0.00101975374166584	0.998426023084995	0.00101975374166586	0.290661070304302	0	"model689"
0	0	1	0	0	0	"model690"
0.792969569779643	0.00453492074385812	0.977649527806925	0.00453492074385811	0.815320041972718	0	"model691"
0	0	1	0	0	0	"model692"
0	0	1	0	0	0	"model693"
0.311647429171039	0.00139909059111577	0.997901364113326	0.00139909059111576	0.313746065057712	0	"model694"
0.825288562434418	0.00934946932817328	0.972193074501574	0.00934946932817324	0.853095487932844	0	"model695"
0	0	1	0	0	0	"model696"
0	0	1	0	0	0	"model697"
0	0	1	0	0	0	"model698"
0	0	1	0	0	0	"model699"
0	0	1	0	0	0	"model700"
0.351731374606506	0.00146737859135382	0.998111227701994	0.00146737859135384	0.353620146904512	0	"model701"
0	0	1	0	0	0	"model702"
0.680692549842602	0.00280036640800953	0.98289611752361	0.00280036640800952	0.697796432318993	0	"model703"
0.875445960125918	0.00872400579344395	0.957292759706191	0.00872400579344396	0.918153200419727	0	"model704"
0	0	1	0	0	0	"model705"
0.559181532004197	0.00249542623039344	0.994648478488982	0.00249542623039343	0.564533053515215	0	"model706"
0	0	1	0	0	0	"model707"
0.907345225603358	0.0108265793863605	0.915739769150053	0.0108265793863605	0.991605456453305	0	"model708"
0	0	1	0	0	0	"model709"
0.0230849947534103	0	1	0	0.0230849947534103	0	"model710"
0.916474291710388	0.00878201039606869	0.92591815320042	0.00878201039606867	0.990556138509968	0	"model711"
0.101678908709339	0.00033182346906279	0.999895068205666	0.000331823469062794	0.101783840503673	0	"model712"
0	0	1	0	0	0	"model713"
0.897376705141658	0.00791135936907836	0.947743966421826	0.00791135936907838	0.949632738719832	0	"model714"
0	0	1	0	0	0	"model715"
0	0	1	0	0	0	"model716"
0.762224554039874	0.014642069599525	0.763273871983211	0.014642069599525	0.998950682056663	0	"model717"
0.0178384050367261	0	1	0	0.0178384050367261	0	"model718"
0	0	1	0	0	0	"model719"
0	0	1	0	0	0	"model720"
0	0	1	0	0	0	"model721"
0.0199370409233998	0	1	0	0.0199370409233998	0	"model722"
0	0	1	0	0	0	"model723"
0	0	1	0	0	0	"model724"
0	0	1	0	0	0	"model725"
0	0	1	0	0	0	"model726"
0	0	1	0	0	0	"model727"
0	0	1	0	0	0	"model728"
0	0	1	0	0	0	"model729"
0	0	1	0	0	0	"model730"
0.861909758656873	0.00461911829848736	0.966841552990556	0.00461911829848734	0.895068205666317	0	"model731"
0	0	1	0	0	0	"model732"
0	0	1	0	0	0	"model733"
0	0	1	0	0	0	"model734"
0.357397691500525	0.00101373744289537	0.998530954879328	0.00101373744289539	0.358866736621196	0	"model735"
0	0	1	0	0	0	"model736"
0	0	1	0	0	0	"model737"
0	0	1	0	0	0	"model738"
0	0	1	0	0	0	"model739"
0	0	1	0	0	0	"model740"
0	0	1	0	0	0	"model741"
0	0	1	0	0	0	"model742"
0.824449108079748	0.00811367001133043	0.825498426023085	0.00811367001133046	0.998950682056663	0	"model743"
0	0	1	0	0	0	"model744"
0	0	1	0	0	0	"model745"
0	0	1	0	0	0	"model746"
0	0	1	0	0	0	"model747"
0.420671563483736	0.00167380008590492	0.995697796432319	0.00167380008590491	0.424973767051417	0	"model748"
0.155613850996852	0.00086387471390196	0.999265477439664	0.00086387471390197	0.156348373557188	0	"model749"
0	0	1	0	0	0	"model750"
0	0	1	0	0	0	"model751"
0	0	1	0	0	0	"model752"
0	0	1	0	0	0	"model753"
0.634837355718783	0.00328115827899506	0.991605456453305	0.00328115827899506	0.643231899265477	0	"model754"
0	0	1	0	0	0	"model755"
0	0	1	0	0	0	"model756"
0	0	1	0	0	0	"model757"
0	0	1	0	0	0	"model758"
0	0	1	0	0	0	"model759"
0.902203567681007	0.00359432880830085	0.951521511017838	0.00359432880830085	0.950682056663169	0	"model760"
0.82308499475341	0.00431795714921607	0.976285414480588	0.00431795714921607	0.846799580272823	0	"model761"
0	0	1	0	0	0	"model762"
0	0	1	0	0	0	"model763"
0	0	1	0	0	0	"model764"
0	0	1	0	0	0	"model765"
0	0	1	0	0	0	"model766"
0	0	1	0	0	0	"model767"
0	0	1	0	0	0	"model768"
0	0	1	0	0	0	"model769"
0.040713536201469	0.00044243129208372	0.999790136411333	0.000442431292083725	0.0409233997901364	0	"model770"
0	0	1	0	0	0	"model771"
0	0	1	0	0	0	"model772"
0	0	1	0	0	0	"model773"
0.0806925498426023	0.00033182346906279	0.999895068205666	0.000331823469062794	0.080797481636936	0	"model774"
0	0	1	0	0	0	"model775"
0.718782791185729	0.00320571926894427	0.984260230849948	0.00320571926894429	0.734522560335782	0	"model776"
0	0	1	0	0	0	"model777"
0	0	1	0	0	0	"model778"
0	0	1	0	0	0	"model779"
0.816894018887723	0.00399568368618253	0.976390346274921	0.00399568368618253	0.840503672612802	0	"model780"
0	0	1	0	0	0	"model781"
0.00524658971668416	0	1	0	0.00524658971668416	0	"model782"
0	0	1	0	0	0	"model783"
0	0	1	0	0	0	"model784"
0	0	1	0	0	0	"model785"
0	0	1	0	0	0	"model786"
0.144596012591815	0.00119128271185214	0.998740818467996	0.00119128271185216	0.14585519412382	0	"model787"
0.871878279118573	0.00976172787005973	0.873976915005247	0.00976172787005972	0.997901364113326	0	"model788"
0	0	1	0	0	0	"model789"
0.905876180482686	0.00499697695991379	0.934207764952781	0.00499697695991378	0.971668415529906	0	"model790"
0	0	1	0	0	0	"model791"
0	0	1	0	0	0	"model792"
0.913326337880378	0.00596052001514957	0.940608604407135	0.00596052001514958	0.972717733473242	0	"model793"
0	0	1	0	0	0	"model794"
0	0	1	0	0	0	"model795"
0	0	1	0	0	0	"model796"
0	0	1	0	0	0	"model797"
0.50598111227702	0.00208694423087463	0.994963273871983	0.00208694423087459	0.511017838405037	0	"model798"
0.839454354669465	0.00539602959795085	0.970619097586569	0.00539602959795085	0.868835257082896	0	"model799"
0	0	1	0	0	0	"model800"
0	0	1	0	0	0	"model801"
0.185099685204617	0.000733689295676908	0.999370409233998	0.000733689295676927	0.185729275970619	0	"model802"
0	0	1	0	0	0	"model803"
0	0	1	0	0	0	"model804"
0	0	1	0	0	0	"model805"
0	0	1	0	0	0	"model806"
0.899895068205666	0.00729005412808006	0.922980062959077	0.00729005412808006	0.97691500524659	0	"model807"
0	0	1	0	0	0	"model808"
0.252256033578174	0.00123167659053228	0.998321091290661	0.00123167659053228	0.253934942287513	0	"model809"
0.0356768100734523	0	1	0	0.0356768100734523	0	"model810"
0	0	1	0	0	0	"model811"
0.845540398740818	0.00532298352703653	0.971458551941238	0.00532298352703654	0.87408184679958	0	"model812"
0.00524658971668416	0	1	0	0.00524658971668416	0	"model813"
0.00839454354669465	0	1	0	0.00839454354669465	0	"model814"
0	0	1	0	0	0	"model815"
0.903882476390346	0.00765035221517585	0.942707240293809	0.00765035221517581	0.961175236096537	0	"model816"
0	0	1	0	0	0	"model817"
0	0	1	0	0	0	"model818"
0.896642182581322	0.0105773700769762	0.90713536201469	0.0105773700769762	0.989506820566632	0	"model819"
0.88803777544596	0.00934685189549929	0.892235047219307	0.00934685189549927	0.995802728226653	0	"model820"
0	0	1	0	0	0	"model821"
0.906190975865687	0.00739005954319372	0.937670514165792	0.00739005954319371	0.968520461699895	0	"model822"
0	0	1	0	0	0	"model823"
0	0	1	0	0	0	"model824"
0.853725078698846	0.00477538948328116	0.96810073452256	0.00477538948328115	0.885624344176285	0	"model825"
0	0	1	0	0	0	"model826"
0	0	1	0	0	0	"model827"
0	0	1	0	0	0	"model828"
0.56411332633788	0.00172774942780391	0.993284365162644	0.00172774942780394	0.570828961175236	0	"model829"
0.905876180482686	0.0085110545721441	0.952046169989507	0.0085110545721441	0.953830010493179	0	"model830"
0	0	1	0	0	0	"model831"
0	0	1	0	0	0	"model832"
0.642077649527807	0.00286087513769549	0.991500524658972	0.0028608751376955	0.650577124868835	0	"model833"
0	0	1	0	0	0	"model834"
0	0	1	0	0	0	"model835"
0	0	1	0	0	0	"model836"
0	0	1	0	0	0	"model837"
0.448373557187828	0.00148807606758885	0.996117523609654	0.00148807606758882	0.452256033578174	0	"model838"
0	0	1	0	0	0	"model839"
0	0	1	0	0	0	"model840"
0.897796432318993	0.00774570719029948	0.90514165792235	0.00774570719029948	0.992654774396642	0	"model841"
0.810703043022036	0.00414447380023747	0.974396642182581	0.00414447380023745	0.836306400839454	0	"model842"
0	0	1	0	0	0	"model843"
0	0	1	0	0	0	"model844"
0	0	1	0	0	0	"model845"
0.144386149003148	0.000541865455922683	0.999580272822665	0.000541865455922697	0.144805876180483	0	"model846"
0.913850996852046	0.00720989948553802	0.929590766002099	0.007209899485538	0.984260230849948	0	"model847"
0.516998950682057	0.00185412497806204	0.994438614900315	0.00185412497806207	0.522560335781742	0	"model848"
0	0	1	0	0	0	"model849"
0	0	1	0	0	0	"model850"
0.0230849947534103	0	1	0	0.0230849947534103	0	"model851"
0	0	1	0	0	0	"model852"
0	0	1	0	0	0	"model853"
0	0	1	0	0	0	"model854"
0	0	1	0	0	0	"model855"
0.0493179433368311	0	1	0	0.0493179433368311	0	"model856"
0	0	1	0	0	0	"model857"
0.00734522560335782	0	1	0	0.00734522560335782	0	"model858"
0	0	1	0	0	0	"model859"
0	0	1	0	0	0	"model860"
0	0	1	0	0	0	"model861"
0.857607555089192	0.00585386090782105	0.968835257082896	0.00585386090782104	0.888772298006296	0	"model862"
0	0	1	0	0	0	"model863"
0	0	1	0	0	0	"model864"
0.657607555089192	0.00335672420119205	0.98604407135362	0.00335672420119206	0.671563483735572	0	"model865"
0	0	1	0	0	0	"model866"
0	0	1	0	0	0	"model867"
0.577229800629591	0.00244590888241301	0.993809024134313	0.00244590888241304	0.583420776495278	0	"model868"
0.912381951731375	0.00881052236293108	0.92392444910808	0.0088105223629311	0.988457502623295	0	"model869"
0	0	1	0	0	0	"model870"
0.9	0.0082334133586813	0.908394543546695	0.00823341335868131	0.991605456453305	0	"model871"
0	0	1	0	0	0	"model872"
0	0	1	0	0	0	"model873"
0.00104931794333683	0	1	0	0.00104931794333683	0	"model874"
0.908604407135362	0.00825418984936061	0.942182581322141	0.00825418984936062	0.966421825813221	0	"model875"
0	0	1	0	0	0	"model876"
0	0	1	0	0	0	"model877"
0.018887722980063	0	1	0	0.018887722980063	0	"model878"
0.471773347324239	0.0020514695066268	0.995383001049318	0.0020514695066268	0.476390346274921	0	"model879"
0.142287513116474	0.000733689295676915	0.999580272822665	0.000733689295676927	0.142707240293809	0	"model880"
0	0	1	0	0	0	"model881"
0.893074501573977	0.00426808631291544	0.946589716684155	0.00426808631291547	0.946484784889822	0	"model882"
0	0	1	0	0	0	"model883"
0.0251836306400839	0	1	0	0.0251836306400839	0	"model884"
0	0	1	0	0	0	"model885"
0	0	1	0	0	0	"model886"
0	0	1	0	0	0	"model887"
0	0	1	0	0	0	"model888"
0.0104931794333683	0	1	0	0.0104931794333683	0	"model889"
0.448373557187828	0.00191897400830294	0.996117523609654	0.00191897400830291	0.452256033578174	0	"model890"
0.639454354669465	0.00305726105399259	0.989926547743966	0.0030572610539926	0.649527806925498	0	"model891"
0	0	1	0	0	0	"model892"
0	0	1	0	0	0	"model893"
0.00839454354669465	0	1	0	0.00839454354669465	0	"model894"
0.618782791185729	0.00335672420119203	0.992339979013641	0.00335672420119205	0.626442812172088	0	"model895"
0.902623294858342	0.00833310852888793	0.941448058761805	0.00833310852888791	0.961175236096537	0	"model896"
0	0	1	0	0	0	"model897"
0.643756558237146	0.00217028220461539	0.992130115424974	0.00217028220461543	0.651626442812172	0	"model898"
0	0	1	0	0	0	"model899"
0.849108079748164	0.00388861619018881	0.967681007345226	0.00388861619018879	0.881427072402938	0	"model900"
0	0	1	0	0	0	"model901"
0	0	1	0	0	0	"model902"
0.257502623294858	0.000541865455922697	0.999370409233998	0.000541865455922697	0.25813221406086	0	"model903"
0	0	1	0	0	0	"model904"
0	0	1	0	0	0	"model905"
0	0	1	0	0	0	"model906"
0	0	1	0	0	0	"model907"
0	0	1	0	0	0	"model908"
0	0	1	0	0	0	"model909"
0	0	1	0	0	0	"model910"
0.0283315844700944	0	1	0	0.0283315844700944	0	"model911"
0.858551941238195	0.0065585869091762	0.967681007345226	0.0065585869091762	0.89087093389297	0	"model912"
0	0	1	0	0	0	"model913"
0	0	1	0	0	0	"model914"
0.891710388247639	0.00523024152291534	0.946274921301154	0.00523024152291536	0.945435466946485	0	"model915"
0	0	1	0	0	0	"model916"
0	0	1	0	0	0	"model917"
0	0	1	0	0	0	"model918"
0	0	1	0	0	0	"model919"
0	0	1	0	0	0	"model920"
0.00104931794333683	0	1	0	0.00104931794333683	0	"model921"
0	0	1	0	0	0	"model922"
0	0	1	0	0	0	"model923"
0	0	1	0	0	0	"model924"
0	0	1	0	0	0	"model925"
0	0	1	0	0	0	"model926"
0.555718782791186	0.00211026276726104	0.992235047219307	0.00211026276726106	0.563483735571878	0	"model927"
0	0	1	0	0	0	"model928"
0	0	1	0	0	0	"model929"
0	0	1	0	0	0	"model930"
0	0	1	0	0	0	"model931"
0	0	1	0	0	0	"model932"
0	0	1	0	0	0	"model933"
0	0	1	0	0	0	"model934"
0	0	1	0	0	0	"model935"
0.664847848898216	0.00399415247950197	0.986988457502623	0.00399415247950197	0.677859391395593	0	"model936"
0	0	1	0	0	0	"model937"
0	0	1	0	0	0	"model938"
0	0	1	0	0	0	"model939"
0	0	1	0	0	0	"model940"
0	0	1	0	0	0	"model941"
0	0	1	0	0	0	"model942"
0	0	1	0	0	0	"model943"
0	0	1	0	0	0	"model944"
0.838405036726128	0.0049957526607505	0.971668415529906	0.00499575266075052	0.866736621196222	0	"model945"
0	0	1	0	0	0	"model946"
0.186988457502623	0.000827713156082493	0.999160545645331	0.000827713156082505	0.187827911857293	0	"model947"
0	0	1	0	0	0	"model948"
0	0	1	0	0	0	"model949"
0.61196222455404	0.00323610591289832	0.989716684155299	0.00323610591289832	0.622245540398741	0	"model950"
0	0	1	0	0	0	"model951"
0.647639034627492	0.00341991089516064	0.990766002098636	0.00341991089516062	0.656873032528856	0	"model952"
0	0	1	0	0	0	"model953"
0	0	1	0	0	0	"model954"
0	0	1	0	0	0	"model955"
0	0	1	0	0	0	"model956"
0	0	1	0	0	0	"model957"
0.873137460650577	0.00832796848700993	0.963378803777545	0.00832796848700994	0.909758656873032	0	"model958"
0	0	1	0	0	0	"model959"
0.683315844700944	0.00463498251793703	0.983420776495278	0.00463498251793703	0.699895068205666	0	"model960"
0	0	1	0	0	0	"model961"
0.902728226652676	0.00723699809921149	0.917418677859391	0.00723699809921149	0.985309548793284	0	"model962"
0	0	1	0	0	0	"model963"
0	0	1	0	0	0	"model964"
0	0	1	0	0	0	"model965"
0	0	1	0	0	0	"model966"
0.468835257082896	0.00162559636776807	0.996642182581322	0.00162559636776804	0.472193074501574	0	"model967"
0	0	1	0	0	0	"model968"
0	0	1	0	0	0	"model969"
0	0	1	0	0	0	"model970"
0	0	1	0	0	0	"model971"
0.0220356768100735	0	1	0	0.0220356768100735	0	"model972"
0.752360965372508	0.0042263189834189	0.9800629590766	0.00422631898341888	0.772298006295908	0	"model973"
0.704197271773347	0.00259162414170588	0.984365162644281	0.00259162414170587	0.719832109129066	0	"model974"
0	0	1	0	0	0	"model975"
0	0	1	0	0	0	"model976"
0.0566631689401889	0	1	0	0.0566631689401889	0	"model977"
0	0	1	0	0	0	"model978"
0	0	1	0	0	0	"model979"
0	0	1	0	0	0	"model980"
0.900944386149003	0.00760222622561576	0.952360965372508	0.00760222622561576	0.948583420776495	0	"model981"
0.312277019937041	0.000541865455922697	0.999580272822665	0.000541865455922697	0.312696747114376	0	"model982"
0.0272822665267576	0	1	0	0.0272822665267576	0	"model983"
0	0	1	0	0	0	"model984"
0	0	1	0	0	0	"model985"
0	0	1	0	0	0	"model986"
0.00314795383001049	0	1	0	0.00314795383001049	0	"model987"
0.0209863588667366	0	1	0	0.0209863588667366	0	"model988"
0.0409233997901364	0	1	0	0.0409233997901364	0	"model989"
0	0	1	0	0	0	"model990"
0	0	1	0	0	0	"model991"
0.0804826862539349	0.00050686872144769	0.999685204616999	0.000506868721447697	0.080797481636936	0	"model992"
0	0	1	0	0	0	"model993"
0.0377754459601259	0	1	0	0.0377754459601259	0	"model994"
0.901783840503673	0.00780863029723725	0.943756558237146	0.00780863029723727	0.958027282266527	0	"model995"
0.712172088142707	0.00252467050473852	0.984994753410283	0.00252467050473854	0.727177334732424	0	"model996"
0	0	1	0	0	0	"model997"
0.218467995802728	0.000827713156082493	0.999160545645331	0.000827713156082505	0.219307450157398	0	"model998"
0	0	1	0	0	0	"model999"
0	0	1	0	0	0	"model1000"
