"TSS.MN"	"TSS.sd"	"speci.MN"	"speci.sd"	"sensi.MN"	"sensi.sd"	"model"
0	0	0	0	1	0	"model1"
0.00307017543859649	0.00464627151522535	0.00307017543859649	0.00464627151522535	1	0	"model2"
0	0	0	0	1	0	"model3"
0	0	0	0	1	0	"model4"
0.266228070175439	0.0241161607005648	0.266228070175439	0.0241161607005648	1	0	"model5"
0.135526315789474	0.00934986956451432	0.135526315789474	0.00934986956451432	1	0	"model6"
0.467105263157895	0.0363591523843447	0.506578947368421	0.0363591523843447	0.960526315789474	0	"model7"
0.16140350877193	0.0197016146525415	0.16140350877193	0.0197016146525415	1	0	"model8"
0	0	0	0	1	0	"model9"
0.292543859649123	0.0225591948812685	0.296929824561403	0.0225591948812685	0.995614035087719	0	"model10"
0.237719298245614	0.0230975645124345	0.237719298245614	0.0230975645124345	1	0	"model11"
0	0	0	0	1	0	"model12"
0	0	0	0	1	0	"model13"
0	0	0	0	1	0	"model14"
0.143421052631579	0.0248150713026654	0.143421052631579	0.0248150713026654	1	0	"model15"
0	0	0	0	1	0	"model16"
0	0	0	0	1	0	"model17"
0.0105263157894737	0.00554785554415505	0.0105263157894737	0.00554785554415505	1	0	"model18"
0	0	0	0	1	0	"model19"
0.00043859649122807	0.00138696388603876	0.00043859649122807	0.00138696388603876	1	0	"model20"
0.148684210526316	0.0159417071035485	0.148684210526316	0.0159417071035485	1	0	"model21"
0.369736842105263	0.033213208192739	0.374122807017544	0.033213208192739	0.995614035087719	0	"model22"
0	0	0	0	1	0	"model23"
0	0	0	0	1	0	"model24"
0.00175438596491228	0.00226490254164176	0.00175438596491228	0.00226490254164176	1	0	"model25"
0.00087719298245614	0.00184928518138502	0.00087719298245614	0.00184928518138502	1	0	"model26"
0	0	0	0	1	0	"model27"
0.00482456140350877	0.00384032910425839	0.00482456140350877	0.00384032910425839	1	0	"model28"
0.190350877192982	0.0207993207529576	0.190350877192982	0.0207993207529576	1	0	"model29"
0	0	0	0	1	0	"model30"
0	0	0	0	1	0	"model31"
0	0	0	0	1	0	"model32"
0	0	0	0	1	0	"model33"
0.15219298245614	0.0225591948812685	0.15219298245614	0.0225591948812685	1	0	"model34"
0.373245614035088	0.0266747769035637	0.382017543859649	0.0266747769035637	0.991228070175439	0	"model35"
0.00482456140350877	0.00323624906742378	0.00482456140350877	0.00323624906742378	1	0	"model36"
0.0328947368421053	0.00953099766842492	0.0328947368421053	0.00953099766842492	1	0	"model37"
0	0	0	0	1	0	"model38"
0.292543859649123	0.0350298011260412	0.296929824561404	0.0350298011260412	0.995614035087719	0	"model39"
0.0087719298245614	0.006857332982198	0.0087719298245614	0.006857332982198	1	0	"model40"
0.0206140350877193	0.00878410461157883	0.0206140350877193	0.00878410461157883	1	0	"model41"
0.0521929824561403	0.0140913225263409	0.0521929824561403	0.0140913225263409	1	0	"model42"
0	0	0	0	1	0	"model43"
0.00087719298245614	0.00184928518138502	0.00087719298245614	0.00184928518138502	1	0	"model44"
0.0447368421052632	0.0166435666324652	0.0447368421052632	0.0166435666324652	1	0	"model45"
0.0192982456140351	0.00660326888341299	0.0192982456140351	0.00660326888341299	1	0	"model46"
0.00087719298245614	0.00184928518138502	0.00087719298245614	0.00184928518138502	1	0	"model47"
0.305701754385965	0.0265623601250197	0.310087719298246	0.0265623601250197	0.995614035087719	0	"model48"
0.0118421052631579	0.00464627151522535	0.0118421052631579	0.00464627151522535	1	0	"model49"
0.487719298245614	0.0363914703315136	0.606140350877193	0.0363914703315136	0.881578947368421	0	"model50"
0	0	0	0	1	0	"model51"
0	0	0	0	1	0	"model52"
0	0	0	0	1	0	"model53"
0.198245614035088	0.0197016146525415	0.198245614035088	0.0197016146525415	1	0	"model54"
0	0	0	0	1	0	"model55"
0	0	0	0	1	0	"model56"
0	0	0	0	1	0	"model57"
0	0	0	0	1	0	"model58"
0.316228070175439	0.0227854523926412	0.333771929824561	0.0227854523926412	0.982456140350877	0	"model59"
0.480701754385965	0.0412062901285446	0.537719298245614	0.0412062901285446	0.942982456140351	0	"model60"
0.0324561403508772	0.0149380582157249	0.0324561403508772	0.0149380582157249	1	0	"model61"
0	0	0	0	1	0	"model62"
0	0	0	0	1	0	"model63"
0.178070175438596	0.0211053595703141	0.178070175438596	0.0211053595703141	1	0	"model64"
0	0	0	0	1	0	"model65"
0.00175438596491228	0.00306669253850921	0.00175438596491228	0.00306669253850921	1	0	"model66"
0.0197368421052632	0.00883263594561007	0.0197368421052632	0.00883263594561007	1	0	"model67"
0.00043859649122807	0.00138696388603876	0.00043859649122807	0.00138696388603876	1	0	"model68"
0.270175438596491	0.0302599794923866	0.270175438596491	0.0302599794923866	1	0	"model69"
0	0	0	0	1	0	"model70"
0	0	0	0	1	0	"model71"
0	0	0	0	1	0	"model72"
0.0157894736842105	0.00722168949428565	0.0157894736842105	0.00722168949428565	1	0	"model73"
0	0	0	0	1	0	"model74"
0.00043859649122807	0.00138696388603876	0.00043859649122807	0.00138696388603876	1	0	"model75"
0	0	0	0	1	0	"model76"
0	0	0	0	1	0	"model77"
0	0	0	0	1	0	"model78"
0	0	0	0	1	0	"model79"
0.224561403508772	0.0271000739432363	0.224561403508772	0.0271000739432363	1	0	"model80"
0.00175438596491228	0.00306669253850921	0.00175438596491228	0.00306669253850921	1	0	"model81"
0	0	0	0	1	0	"model82"
0.153947368421053	0.0169804765008592	0.153947368421053	0.0169804765008592	1	0	"model83"
0.0368421052631579	0.0119131864254172	0.0368421052631579	0.0119131864254172	1	0	"model84"
0.0776315789473684	0.013877342076122	0.0776315789473684	0.013877342076122	1	0	"model85"
0	0	0	0	1	0	"model86"
0.128947368421053	0.0295451884890506	0.128947368421053	0.0295451884890506	1	0	"model87"
0.00043859649122807	0.00138696388603876	0.00043859649122807	0.00138696388603876	1	0	"model88"
0	0	0	0	1	0	"model89"
0	0	0	0	1	0	"model90"
0.0513157894736842	0.00925797672455413	0.0513157894736842	0.00925797672455413	1	0	"model91"
0.192105263157895	0.0195928252254397	0.192105263157895	0.0195928252254397	1	0	"model92"
0.0442982456140351	0.0119579561676483	0.0442982456140351	0.0119579561676483	1	0	"model93"
0.0100877192982456	0.0105526797851571	0.0100877192982456	0.0105526797851571	1	0	"model94"
0.0328947368421053	0.0124483818464374	0.0328947368421053	0.0124483818464374	1	0	"model95"
0	0	0	0	1	0	"model96"
0.00526315789473684	0.00577439112810862	0.00526315789473684	0.00577439112810862	1	0	"model97"
0.0986842105263158	0.0190900071011705	0.0986842105263158	0.0190900071011705	1	0	"model98"
0	0	0	0	1	0	"model99"
0.229824561403509	0.0288867579771426	0.229824561403509	0.0288867579771426	1	0	"model100"
0	0	0	0	1	0	"model101"
0.00657894736842105	0.0075260454246981	0.00657894736842105	0.0075260454246981	1	0	"model102"
0.116228070175439	0.0231391692855912	0.116228070175439	0.0231391692855912	1	0	"model103"
0	0	0	0	1	0	"model104"
0	0	0	0	1	0	"model105"
0.0833333333333333	0.0232083448338999	0.0833333333333333	0.0232083448338999	1	0	"model106"
0	0	0	0	1	0	"model107"
0	0	0	0	1	0	"model108"
0	0	0	0	1	0	"model109"
0.00087719298245614	0.00184928518138502	0.00087719298245614	0.00184928518138502	1	0	"model110"
0	0	0	0	1	0	"model111"
0.0517543859649123	0.00987248129598487	0.0517543859649123	0.00987248129598487	1	0	"model112"
0.0210526315789474	0.00872306075448906	0.0210526315789474	0.00872306075448906	1	0	"model113"
0.0355263157894737	0.0139388145456761	0.0355263157894737	0.0139388145456761	1	0	"model114"
0.446052631578947	0.0391228725775026	0.459210526315789	0.0391228725775026	0.986842105263158	0	"model115"
0.26359649122807	0.0247633372547967	0.26359649122807	0.0247633372547967	1	0	"model116"
0.134210526315789	0.014354313109513	0.134210526315789	0.014354313109513	1	0	"model117"
0.00745614035087719	0.00586619960460201	0.00745614035087719	0.00586619960460201	1	0	"model118"
0.266228070175439	0.027276956425429	0.266228070175439	0.027276956425429	1	0	"model119"
0.00175438596491228	0.00226490254164176	0.00175438596491228	0.00226490254164176	1	0	"model120"
0.0043859649122807	0.00413512737535993	0.0043859649122807	0.00413512737535993	1	0	"model121"
0.0175438596491228	0.00827025475071985	0.0175438596491228	0.00827025475071985	1	0	"model122"
0.00043859649122807	0.00138696388603876	0.00043859649122807	0.00138696388603876	1	0	"model123"
0	0	0	0	1	0	"model124"
0.00307017543859649	0.00211862233131425	0.00307017543859649	0.00211862233131425	1	0	"model125"
0	0	0	0	1	0	"model126"
0.182017543859649	0.0137535728963646	0.182017543859649	0.0137535728963646	1	0	"model127"
0	0	0	0	1	0	"model128"
0	0	0	0	1	0	"model129"
0	0	0	0	1	0	"model130"
0.194736842105263	0.0166948566358131	0.194736842105263	0.0166948566358131	1	0	"model131"
0	0	0	0	1	0	"model132"
0	0	0	0	1	0	"model133"
0	0	0	0	1	0	"model134"
0	0	0	0	1	0	"model135"
0.121491228070175	0.0242046282049132	0.121491228070175	0.0242046282049132	1	0	"model136"
0	0	0	0	1	0	"model137"
0	0	0	0	1	0	"model138"
0.0179824561403509	0.00934986956451432	0.0179824561403509	0.00934986956451432	1	0	"model139"
0	0	0	0	1	0	"model140"
0.0833333333333333	0.0187225854895697	0.0833333333333333	0.0187225854895697	1	0	"model141"
0.0232456140350877	0.010950282638055	0.0232456140350877	0.010950282638055	1	0	"model142"
0.0219298245614035	0.00901230117393125	0.0219298245614035	0.00901230117393125	1	0	"model143"
0	0	0	0	1	0	"model144"
0.00131578947368421	0.00211862233131425	0.00131578947368421	0.00211862233131425	1	0	"model145"
0.17719298245614	0.0197449625919697	0.17719298245614	0.0197449625919697	1	0	"model146"
0.129824561403509	0.0187454040056428	0.129824561403509	0.0187454040056428	1	0	"model147"
0	0	0	0	1	0	"model148"
0.0631578947368421	0.0203841228747759	0.0631578947368421	0.0203841228747759	1	0	"model149"
0.257894736842105	0.0363914703315136	0.257894736842105	0.0363914703315136	1	0	"model150"
0	0	0	0	1	0	"model151"
0.139473684210526	0.0190395562527482	0.139473684210526	0.0190395562527482	1	0	"model152"
0	0	0	0	1	0	"model153"
0.0105263157894737	0.00722168949428565	0.0105263157894737	0.00722168949428565	1	0	"model154"
0	0	0	0	1	0	"model155"
0.489912280701754	0.0206808051400667	0.529385964912281	0.0206808051400667	0.960526315789474	0	"model156"
0.404824561403509	0.0322334438807744	0.422368421052632	0.0322334438807744	0.982456140350877	0	"model157"
0.0513157894736842	0.0157528815754982	0.0513157894736842	0.0157528815754982	1	0	"model158"
0.26140350877193	0.0179294850488373	0.26140350877193	0.0179294850488373	1	0	"model159"
0	0	0	0	1	0	"model160"
0	0	0	0	1	0	"model161"
0.00131578947368421	0.00211862233131425	0.00131578947368421	0.00211862233131425	1	0	"model162"
0.0175438596491228	0.0135579217770405	0.0175438596491228	0.0135579217770405	1	0	"model163"
0.025	0.00687290015996676	0.025	0.00687290015996676	1	0	"model164"
0	0	0	0	1	0	"model165"
0	0	0	0	1	0	"model166"
0	0	0	0	1	0	"model167"
0	0	0	0	1	0	"model168"
0.169298245614035	0.023951634404997	0.169298245614035	0.023951634404997	1	0	"model169"
0.00964912280701754	0.00345969577959042	0.00964912280701754	0.00345969577959042	1	0	"model170"
0	0	0	0	1	0	"model171"
0	0	0	0	1	0	"model172"
0	0	0	0	1	0	"model173"
0.00087719298245614	0.00184928518138502	0.00087719298245614	0.00184928518138502	1	0	"model174"
0.0087719298245614	0.00620269106303989	0.0087719298245614	0.00620269106303989	1	0	"model175"
0.0105263157894737	0.00660326888341299	0.0105263157894737	0.00660326888341299	1	0	"model176"
0	0	0	0	1	0	"model177"
0	0	0	0	1	0	"model178"
0	0	0	0	1	0	"model179"
0	0	0	0	1	0	"model180"
0.00526315789473684	0.00497935273857497	0.00526315789473684	0.00497935273857497	1	0	"model181"
0	0	0	0	1	0	"model182"
0	0	0	0	1	0	"model183"
0	0	0	0	1	0	"model184"
0	0	0	0	1	0	"model185"
0	0	0	0	1	0	"model186"
0	0	0	0	1	0	"model187"
0	0	0	0	1	0	"model188"
0	0	0	0	1	0	"model189"
0.100877192982456	0.016923738161974	0.100877192982456	0.016923738161974	1	0	"model190"
0.182456140350877	0.0252547636043148	0.182456140350877	0.0252547636043148	1	0	"model191"
0.479385964912281	0.0419695058019104	0.532017543859649	0.0419695058019104	0.947368421052632	0	"model192"
0.0184210526315789	0.00795407632089792	0.0184210526315789	0.00795407632089792	1	0	"model193"
0	0	0	0	1	0	"model194"
0.00131578947368421	0.00211862233131425	0.00131578947368421	0.00211862233131425	1	0	"model195"
0	0	0	0	1	0	"model196"
0	0	0	0	1	0	"model197"
0.294736842105263	0.038336444532302	0.299122807017544	0.038336444532302	0.995614035087719	0	"model198"
0	0	0	0	1	0	"model199"
0	0	0	0	1	0	"model200"
0	0	0	0	1	0	"model201"
0.05	0.0111724989324812	0.05	0.0111724989324812	1	0	"model202"
0	0	0	0	1	0	"model203"
0.205263157894737	0.0371471636565082	0.205263157894737	0.0371471636565082	1	0	"model204"
0	0	0	0	1	0	"model205"
0	0	0	0	1	0	"model206"
0	0	0	0	1	0	"model207"
0	0	0	0	1	0	"model208"
0.00087719298245614	0.00277392777207753	0.00087719298245614	0.00277392777207753	1	0	"model209"
0.5	0.031762516056141	0.614035087719298	0.031762516056141	0.885964912280702	0	"model210"
0	0	0	0	1	0	"model211"
0.174561403508772	0.0165146447326818	0.174561403508772	0.0165146447326818	1	0	"model212"
0.0179824561403509	0.00668370143313594	0.0179824561403509	0.00668370143313594	1	0	"model213"
0	0	0	0	1	0	"model214"
0	0	0	0	1	0	"model215"
0	0	0	0	1	0	"model216"
0.0916666666666667	0.0213320075637088	0.0916666666666667	0.0213320075637088	1	0	"model217"
0	0	0	0	1	0	"model218"
0.0232456140350877	0.0107533190341715	0.0232456140350877	0.0107533190341715	1	0	"model219"
0	0	0	0	1	0	"model220"
0	0	0	0	1	0	"model221"
0.0184210526315789	0.00647249813484756	0.0184210526315789	0.00647249813484756	1	0	"model222"
0	0	0	0	1	0	"model223"
0	0	0	0	1	0	"model224"
0	0	0	0	1	0	"model225"
0.171929824561404	0.0176410562912261	0.171929824561404	0.0176410562912261	1	0	"model226"
0.00219298245614035	0.00231160647673127	0.00219298245614035	0.00231160647673127	1	0	"model227"
0.00175438596491228	0.00306669253850921	0.00175438596491228	0.00306669253850921	1	0	"model228"
0.012719298245614	0.00934986956451432	0.012719298245614	0.00934986956451432	1	0	"model229"
0.00570175438596491	0.00586619960460201	0.00570175438596491	0.00586619960460201	1	0	"model230"
0.00043859649122807	0.00138696388603876	0.00043859649122807	0.00138696388603876	1	0	"model231"
0.00350877192982456	0.00345969577959042	0.00350877192982456	0.00345969577959042	1	0	"model232"
0.0530701754385965	0.0123102540555678	0.0530701754385965	0.0123102540555678	1	0	"model233"
0.178070175438596	0.0280610365240002	0.178070175438596	0.0280610365240002	1	0	"model234"
0.210526315789474	0.0184928518138502	0.210526315789474	0.0184928518138502	1	0	"model235"
0.0456140350877193	0.00857478263076911	0.0456140350877193	0.00857478263076911	1	0	"model236"
0	0	0	0	1	0	"model237"
0	0	0	0	1	0	"model238"
0.00131578947368421	0.00211862233131425	0.00131578947368421	0.00211862233131425	1	0	"model239"
0	0	0	0	1	0	"model240"
0	0	0	0	1	0	"model241"
0	0	0	0	1	0	"model242"
0.0144736842105263	0.00948603988158382	0.0144736842105263	0.00948603988158382	1	0	"model243"
0	0	0	0	1	0	"model244"
0	0	0	0	1	0	"model245"
0	0	0	0	1	0	"model246"
0.0307017543859649	0.0140228991909729	0.0307017543859649	0.0140228991909729	1	0	"model247"
0.0342105263157895	0.00942954122608018	0.0342105263157895	0.00942954122608018	1	0	"model248"
0	0	0	0	1	0	"model249"
0.101315789473684	0.0155342707124439	0.101315789473684	0.0155342707124439	1	0	"model250"
0.134649122807018	0.0201574205499698	0.134649122807018	0.0201574205499698	1	0	"model251"
0	0	0	0	1	0	"model252"
0	0	0	0	1	0	"model253"
0.0885964912280702	0.0230975645124345	0.0885964912280702	0.0230975645124345	1	0	"model254"
0	0	0	0	1	0	"model255"
0	0	0	0	1	0	"model256"
0	0	0	0	1	0	"model257"
0	0	0	0	1	0	"model258"
0	0	0	0	1	0	"model259"
0.315789473684211	0.0127453185483645	0.333333333333333	0.0127453185483645	0.982456140350877	0	"model260"
0	0	0	0	1	0	"model261"
0	0	0	0	1	0	"model262"
0.266666666666667	0.0252208873132723	0.266666666666667	0.0252208873132723	1	0	"model263"
0.0798245614035088	0.00872306075448906	0.0798245614035088	0.00872306075448906	1	0	"model264"
0	0	0	0	1	0	"model265"
0	0	0	0	1	0	"model266"
0	0	0	0	1	0	"model267"
0	0	0	0	1	0	"model268"
0.0192982456140351	0.00554785554415505	0.0192982456140351	0.00554785554415505	1	0	"model269"
0	0	0	0	1	0	"model270"
0.00657894736842105	0.00516890921919991	0.00657894736842105	0.00516890921919991	1	0	"model271"
0	0	0	0	1	0	"model272"
0.0131578947368421	0.00584795321637427	0.0131578947368421	0.00584795321637427	1	0	"model273"
0	0	0	0	1	0	"model274"
0	0	0	0	1	0	"model275"
0.012719298245614	0.00525096052516607	0.012719298245614	0.00525096052516607	1	0	"model276"
0.0206140350877193	0.00878410461157883	0.0206140350877193	0.00878410461157883	1	0	"model277"
0	0	0	0	1	0	"model278"
0.154385964912281	0.0250508187024607	0.154385964912281	0.0250508187024607	1	0	"model279"
0	0	0	0	1	0	"model280"
0	0	0	0	1	0	"model281"
0	0	0	0	1	0	"model282"
0	0	0	0	1	0	"model283"
0.396491228070175	0.0354030663571118	0.418421052631579	0.0354030663571118	0.978070175438597	0	"model284"
0.0223684210526316	0.0056433506039821	0.0223684210526316	0.0056433506039821	1	0	"model285"
0.134649122807018	0.0231206875180373	0.134649122807018	0.0231206875180373	1	0	"model286"
0	0	0	0	1	0	"model287"
0	0	0	0	1	0	"model288"
0.00789473684210526	0.00679470762492529	0.00789473684210526	0.00679470762492529	1	0	"model289"
0	0	0	0	1	0	"model290"
0	0	0	0	1	0	"model291"
0.168421052631579	0.0203841228747759	0.168421052631579	0.0203841228747759	1	0	"model292"
0	0	0	0	1	0	"model293"
0.00043859649122807	0.00138696388603876	0.00043859649122807	0.00138696388603876	1	0	"model294"
0.00131578947368421	0.00211862233131425	0.00131578947368421	0.00211862233131425	1	0	"model295"
0.154824561403509	0.02872723314704	0.154824561403509	0.02872723314704	1	0	"model296"
0.00570175438596491	0.00416089165811629	0.00570175438596491	0.00416089165811629	1	0	"model297"
0.00350877192982456	0.00345969577959042	0.00350877192982456	0.00345969577959042	1	0	"model298"
0.272368421052632	0.0275420903070852	0.272368421052632	0.0275420903070852	1	0	"model299"
0	0	0	0	1	0	"model300"
0.00921052631578947	0.0075826330291754	0.00921052631578947	0.0075826330291754	1	0	"model301"
0.139035087719298	0.0265623601250197	0.139035087719298	0.0265623601250197	1	0	"model302"
0.212719298245614	0.0210089296245613	0.212719298245614	0.0210089296245613	1	0	"model303"
0.0271929824561403	0.0100866598307955	0.0271929824561403	0.0100866598307955	1	0	"model304"
0.4	0.0254738614206134	0.404385964912281	0.0254738614206135	0.995614035087719	0	"model305"
0	0	0	0	1	0	"model306"
0	0	0	0	1	0	"model307"
0	0	0	0	1	0	"model308"
0.383771929824561	0.0167012568111051	0.405701754385965	0.0167012568111051	0.978070175438597	0	"model309"
0.193421052631579	0.0198798156998889	0.193421052631579	0.0198798156998889	1	0	"model310"
0.296929824561403	0.0219833654401544	0.296929824561403	0.0219833654401544	1	0	"model311"
0.00394736842105263	0.00248967636928749	0.00394736842105263	0.00248967636928749	1	0	"model312"
0.0464912280701754	0.014354313109513	0.0464912280701754	0.014354313109513	1	0	"model313"
0	0	0	0	1	0	"model314"
0	0	0	0	1	0	"model315"
0.0885964912280702	0.0230048400734163	0.0885964912280702	0.0230048400734163	1	0	"model316"
0.0043859649122807	0.00462321295346254	0.0043859649122807	0.00462321295346254	1	0	"model317"
0.0451754385964912	0.0105526797851571	0.0451754385964912	0.0105526797851571	1	0	"model318"
0.104824561403509	0.0137846193758166	0.104824561403509	0.0137846193758166	1	0	"model319"
0	0	0	0	1	0	"model320"
0.0728070175438596	0.0164368062252108	0.0728070175438596	0.0164368062252108	1	0	"model321"
0.0425438596491228	0.00992645917939647	0.0425438596491228	0.00992645917939647	1	0	"model322"
0	0	0	0	1	0	"model323"
0.366228070175439	0.0344886728423551	0.383771929824561	0.0344886728423551	0.982456140350877	0	"model324"
0	0	0	0	1	0	"model325"
0.276754385964912	0.0211306627319851	0.281140350877193	0.0211306627319851	0.995614035087719	0	"model326"
-0.13859649122807	0.0308891523888755	0.795614035087719	0.0308891523888754	0.0657894736842105	0	"model327"
0	0	0	0	1	0	"model328"
0	0	0	0	1	0	"model329"
0.0228070175438596	0.00795407632089792	0.0228070175438596	0.00795407632089792	1	0	"model330"
0.210964912280702	0.029126241606814	0.210964912280702	0.029126241606814	1	0	"model331"
0.255701754385965	0.0187282927250291	0.255701754385965	0.0187282927250291	1	0	"model332"
0.141666666666667	0.0237589967912161	0.141666666666667	0.0237589967912161	1	0	"model333"
0.177631578947368	0.0251742329791266	0.177631578947368	0.0251742329791266	1	0	"model334"
0.142982456140351	0.0217044953916908	0.142982456140351	0.0217044953916908	1	0	"model335"
0.0600877192982456	0.0127537008699207	0.0600877192982456	0.0127537008699207	1	0	"model336"
0	0	0	0	1	0	"model337"
0.0521929824561403	0.0133113212164796	0.0521929824561403	0.0133113212164796	1	0	"model338"
0	0	0	0	1	0	"model339"
0.00657894736842105	0.00593862456479237	0.00657894736842105	0.00593862456479237	1	0	"model340"
0	0	0	0	1	0	"model341"
0	0	0	0	1	0	"model342"
0.125877192982456	0.0213920414748031	0.125877192982456	0.0213920414748031	1	0	"model343"
0.00043859649122807	0.00138696388603876	0.00043859649122807	0.00138696388603876	1	0	"model344"
0	0	0	0	1	0	"model345"
0.319736842105263	0.0330454636446129	0.332894736842105	0.0330454636446129	0.986842105263158	0	"model346"
0.408333333333333	0.0286825562410819	0.412719298245614	0.0286825562410819	0.995614035087719	0	"model347"
0.00482456140350877	0.00601017683950131	0.00482456140350877	0.00601017683950131	1	0	"model348"
0.116228070175439	0.0255952359649292	0.116228070175439	0.0255952359649292	1	0	"model349"
0.00131578947368421	0.00211862233131425	0.00131578947368421	0.00211862233131425	1	0	"model350"
0	0	0	0	1	0	"model351"
0	0	0	0	1	0	"model352"
0	0	0	0	1	0	"model353"
0.245175438596491	0.0203053281350487	0.245175438596491	0.0203053281350487	1	0	"model354"
0.366228070175439	0.0389695992259118	0.370614035087719	0.0389695992259118	0.995614035087719	0	"model355"
0	0	0	0	1	0	"model356"
0.00131578947368421	0.00211862233131425	0.00131578947368421	0.00211862233131425	1	0	"model357"
0	0	0	0	1	0	"model358"
0	0	0	0	1	0	"model359"
0.103508771929825	0.0194174944045427	0.103508771929825	0.0194174944045427	1	0	"model360"
0.0236842105263158	0.00627123116652843	0.0236842105263158	0.00627123116652843	1	0	"model361"
0.012719298245614	0.00668370143313594	0.012719298245614	0.00668370143313594	1	0	"model362"
0.0333333333333333	0.0135894152498506	0.0333333333333333	0.0135894152498506	1	0	"model363"
0	0	0	0	1	0	"model364"
0	0	0	0	1	0	"model365"
0.00087719298245614	0.00184928518138502	0.00087719298245614	0.00184928518138502	1	0	"model366"
0	0	0	0	1	0	"model367"
0	0	0	0	1	0	"model368"
0	0	0	0	1	0	"model369"
0	0	0	0	1	0	"model370"
0	0	0	0	1	0	"model371"
0	0	0	0	1	0	"model372"
0	0	0	0	1	0	"model373"
0	0	0	0	1	0	"model374"
0.00087719298245614	0.00184928518138502	0.00087719298245614	0.00184928518138502	1	0	"model375"
0	0	0	0	1	0	"model376"
0.0368421052631579	0.0131090712113801	0.0368421052631579	0.0131090712113801	1	0	"model377"
0	0	0	0	1	0	"model378"
0.248245614035088	0.0291812279529232	0.248245614035088	0.0291812279529232	1	0	"model379"
0.0118421052631579	0.00621989689654463	0.0118421052631579	0.00621989689654463	1	0	"model380"
0.305701754385965	0.0258280002901448	0.305701754385965	0.0258280002901448	1	0	"model381"
0	0	0	0	1	0	"model382"
0.194298245614035	0.0200511042994078	0.194298245614035	0.0200511042994078	1	0	"model383"
0.00087719298245614	0.00184928518138502	0.00087719298245614	0.00184928518138502	1	0	"model384"
0	0	0	0	1	0	"model385"
0	0	0	0	1	0	"model386"
0.00087719298245614	0.00277392777207753	0.00087719298245614	0.00277392777207753	1	0	"model387"
0.0881578947368421	0.0179592633205578	0.0881578947368421	0.0179592633205578	1	0	"model388"
0.00219298245614035	0.00231160647673127	0.00219298245614035	0.00231160647673127	1	0	"model389"
0.0140350877192982	0.00613338507701843	0.0140350877192982	0.00613338507701843	1	0	"model390"
0	0	0	0	1	0	"model391"
0.00043859649122807	0.00138696388603876	0.00043859649122807	0.00138696388603876	1	0	"model392"
0.0671052631578947	0.0129202053188805	0.0671052631578947	0.0129202053188805	1	0	"model393"
0	0	0	0	1	0	"model394"
0.0210526315789474	0.00821840311260538	0.0210526315789474	0.00821840311260538	1	0	"model395"
0.396052631578947	0.02872723314704	0.400438596491228	0.02872723314704	0.995614035087719	0	"model396"
0	0	0	0	1	0	"model397"
0.0109649122807018	0.00661943358050981	0.0109649122807018	0.00661943358050981	1	0	"model398"
0	0	0	0	1	0	"model399"
0.0179824561403509	0.0114091304182027	0.0179824561403509	0.0114091304182027	1	0	"model400"
0.162719298245614	0.0264332983951503	0.162719298245614	0.0264332983951503	1	0	"model401"
0.0837719298245614	0.00934986956451432	0.0837719298245614	0.00934986956451432	1	0	"model402"
0	0	0	0	1	0	"model403"
0	0	0	0	1	0	"model404"
0	0	0	0	1	0	"model405"
0.0789473684210526	0.0187225854895697	0.0789473684210526	0.0187225854895697	1	0	"model406"
0.00482456140350877	0.00323624906742378	0.00482456140350877	0.00323624906742378	1	0	"model407"
0	0	0	0	1	0	"model408"
0	0	0	0	1	0	"model409"
0	0	0	0	1	0	"model410"
0.150438596491228	0.0210901631015945	0.150438596491228	0.0210901631015945	1	0	"model411"
0	0	0	0	1	0	"model412"
0.018859649122807	0.00655453560569003	0.018859649122807	0.00655453560569003	1	0	"model413"
0.0508771929824561	0.0115487822562172	0.0508771929824561	0.0115487822562172	1	0	"model414"
0	0	0	0	1	0	"model415"
0	0	0	0	1	0	"model416"
0.253508771929825	0.0201308941263842	0.257894736842105	0.0201308941263842	0.995614035087719	0	"model417"
0.314035087719298	0.0268146351300827	0.318421052631579	0.0268146351300827	0.995614035087719	0	"model418"
0.187719298245614	0.0166435666324652	0.187719298245614	0.0166435666324652	1	0	"model419"
0	0	0	0	1	0	"model420"
0	0	0	0	1	0	"model421"
0	0	0	0	1	0	"model422"
0.00175438596491228	0.00226490254164176	0.00175438596491228	0.00226490254164176	1	0	"model423"
0	0	0	0	1	0	"model424"
0	0	0	0	1	0	"model425"
0.107894736842105	0.0205927682592503	0.107894736842105	0.0205927682592503	1	0	"model426"
0	0	0	0	1	0	"model427"
0	0	0	0	1	0	"model428"
0.0486842105263158	0.010223470021665	0.0486842105263158	0.010223470021665	1	0	"model429"
0.0197368421052632	0.0080740943108094	0.0197368421052632	0.0080740943108094	1	0	"model430"
0	0	0	0	1	0	"model431"
0	0	0	0	1	0	"model432"
0.0149122807017544	0.00660326888341299	0.0149122807017544	0.00660326888341299	1	0	"model433"
0.00087719298245614	0.00184928518138502	0.00087719298245614	0.00184928518138502	1	0	"model434"
0.344298245614035	0.0274488060753196	0.361842105263158	0.0274488060753196	0.982456140350877	0	"model435"
0.00043859649122807	0.00138696388603876	0.00043859649122807	0.00138696388603876	1	0	"model436"
0.321491228070175	0.0270408559965641	0.325877192982456	0.0270408559965641	0.995614035087719	0	"model437"
0.0666666666666667	0.0172737491084701	0.0666666666666667	0.0172737491084701	1	0	"model438"
0.0442982456140351	0.00957574438234667	0.0442982456140351	0.00957574438234667	1	0	"model439"
0	0	0	0	1	0	"model440"
0.00087719298245614	0.00184928518138502	0.00087719298245614	0.00184928518138502	1	0	"model441"
0.0995614035087719	0.0149165800475845	0.0995614035087719	0.0149165800475845	1	0	"model442"
0.139035087719298	0.0164172889340699	0.139035087719298	0.0164172889340699	1	0	"model443"
0	0	0	0	1	0	"model444"
0.031140350877193	0.00957574438234667	0.031140350877193	0.00957574438234667	1	0	"model445"
0	0	0	0	1	0	"model446"
0.0600877192982456	0.0173046558233044	0.0600877192982456	0.0173046558233044	1	0	"model447"
0	0	0	0	1	0	"model448"
0	0	0	0	1	0	"model449"
0.126315789473684	0.0211660363401799	0.126315789473684	0.0211660363401799	1	0	"model450"
0.203947368421053	0.0285181421098409	0.203947368421053	0.0285181421098409	1	0	"model451"
0	0	0	0	1	0	"model452"
0	0	0	0	1	0	"model453"
0.00921052631578947	0.0056433506039821	0.00921052631578947	0.0056433506039821	1	0	"model454"
0	0	0	0	1	0	"model455"
0	0	0	0	1	0	"model456"
0	0	0	0	1	0	"model457"
0.00131578947368421	0.00211862233131425	0.00131578947368421	0.00211862233131425	1	0	"model458"
0.271052631578947	0.0313425197564014	0.271052631578947	0.0313425197564014	1	0	"model459"
0.00087719298245614	0.00277392777207753	0.00087719298245614	0.00277392777207753	1	0	"model460"
0.00087719298245614	0.00184928518138502	0.00087719298245614	0.00184928518138502	1	0	"model461"
0	0	0	0	1	0	"model462"
0	0	0	0	1	0	"model463"
0.00789473684210526	0.00679470762492529	0.00789473684210526	0.00679470762492529	1	0	"model464"
0.16140350877193	0.0167714975435088	0.16140350877193	0.0167714975435088	1	0	"model465"
0.00043859649122807	0.00138696388603876	0.00043859649122807	0.00138696388603876	1	0	"model466"
0.0135964912280702	0.00699619070994468	0.0135964912280702	0.00699619070994468	1	0	"model467"
0	0	0	0	1	0	"model468"
0	0	0	0	1	0	"model469"
0.282456140350877	0.0490670806161474	0.282456140350877	0.0490670806161474	1	0	"model470"
0.159649122807018	0.0173231733843259	0.159649122807018	0.0173231733843259	1	0	"model471"
0.0447368421052632	0.0121968734588387	0.0447368421052632	0.0121968734588387	1	0	"model472"
0.407456140350877	0.026914088906421	0.433771929824561	0.026914088906421	0.973684210526316	0	"model473"
0.0087719298245614	0.006857332982198	0.0087719298245614	0.006857332982198	1	0	"model474"
0.00394736842105263	0.00323624906742378	0.00394736842105263	0.00323624906742378	1	0	"model475"
0	0	0	0	1	0	"model476"
0.138157894736842	0.0195327327717652	0.138157894736842	0.0195327327717652	1	0	"model477"
0.142543859649123	0.0195327327717652	0.142543859649123	0.0195327327717652	1	0	"model478"
0.00657894736842105	0.00473738355146773	0.00657894736842105	0.00473738355146773	1	0	"model479"
0	0	0	0	1	0	"model480"
0.068859649122807	0.0173046558233044	0.068859649122807	0.0173046558233044	1	0	"model481"
0	0	0	0	1	0	"model482"
0	0	0	0	1	0	"model483"
0	0	0	0	1	0	"model484"
0	0	0	0	1	0	"model485"
0.00087719298245614	0.00184928518138502	0.00087719298245614	0.00184928518138502	1	0	"model486"
0.210087719298246	0.0216305109857804	0.210087719298246	0.0216305109857804	1	0	"model487"
0.00921052631578947	0.00785946202088632	0.00921052631578947	0.00785946202088632	1	0	"model488"
0	0	0	0	1	0	"model489"
0.176315789473684	0.0335174967974435	0.176315789473684	0.0335174967974435	1	0	"model490"
0	0	0	0	1	0	"model491"
0	0	0	0	1	0	"model492"
0.00701754385964912	0.00627123116652843	0.00701754385964912	0.00627123116652843	1	0	"model493"
0.0644736842105263	0.0179115943225635	0.0644736842105263	0.0179115943225635	1	0	"model494"
0.214912280701754	0.0261528418421028	0.214912280701754	0.0261528418421028	1	0	"model495"
0	0	0	0	1	0	"model496"
0.0228070175438596	0.00872306075448906	0.0228070175438596	0.00872306075448906	1	0	"model497"
0	0	0	0	1	0	"model498"
0	0	0	0	1	0	"model499"
0	0	0	0	1	0	"model500"
0.0355263157894737	0.0143914908799119	0.0355263157894737	0.0143914908799119	1	0	"model501"
0.217543859649123	0.0237724872797402	0.217543859649123	0.0237724872797402	1	0	"model502"
0	0	0	0	1	0	"model503"
0	0	0	0	1	0	"model504"
0.0600877192982456	0.0165469693765157	0.0600877192982456	0.0165469693765157	1	0	"model505"
0	0	0	0	1	0	"model506"
0	0	0	0	1	0	"model507"
0	0	0	0	1	0	"model508"
0.00131578947368421	0.00211862233131425	0.00131578947368421	0.00211862233131425	1	0	"model509"
0.162280701754386	0.0271945544411378	0.162280701754386	0.0271945544411378	1	0	"model510"
0	0	0	0	1	0	"model511"
0	0	0	0	1	0	"model512"
0.189912280701754	0.027276956425429	0.189912280701754	0.027276956425429	1	0	"model513"
0.22719298245614	0.0259724187031608	0.22719298245614	0.0259724187031608	1	0	"model514"
0	0	0	0	1	0	"model515"
0.0140350877192982	0.00795407632089792	0.0140350877192982	0.00795407632089792	1	0	"model516"
0	0	0	0	1	0	"model517"
0.00394736842105263	0.00323624906742378	0.00394736842105263	0.00323624906742378	1	0	"model518"
0.121491228070175	0.018148687290857	0.121491228070175	0.018148687290857	1	0	"model519"
0.0087719298245614	0.0065382104605257	0.0087719298245614	0.0065382104605257	1	0	"model520"
0	0	0	0	1	0	"model521"
0.0631578947368421	0.0247417494752119	0.0631578947368421	0.0247417494752119	1	0	"model522"
0	0	0	0	1	0	"model523"
0	0	0	0	1	0	"model524"
0.00394736842105263	0.00436153037724453	0.00394736842105263	0.00436153037724453	1	0	"model525"
0	0	0	0	1	0	"model526"
0.0596491228070175	0.0175682092231577	0.0596491228070175	0.0175682092231577	1	0	"model527"
0.146491228070175	0.0256744461035265	0.146491228070175	0.0256744461035265	1	0	"model528"
0	0	0	0	1	0	"model529"
0	0	0	0	1	0	"model530"
0	0	0	0	1	0	"model531"
0.130701754385965	0.0227243967575736	0.130701754385965	0.0227243967575736	1	0	"model532"
0	0	0	0	1	0	"model533"
0.0649122807017544	0.0165146447326818	0.0649122807017544	0.0165146447326818	1	0	"model534"
0	0	0	0	1	0	"model535"
0	0	0	0	1	0	"model536"
0.260087719298246	0.0345382166608106	0.264473684210526	0.0345382166608106	0.995614035087719	0	"model537"
0	0	0	0	1	0	"model538"
0	0	0	0	1	0	"model539"
0	0	0	0	1	0	"model540"
0	0	0	0	1	0	"model541"
0	0	0	0	1	0	"model542"
0	0	0	0	1	0	"model543"
0.0184210526315789	0.00942954122608018	0.0184210526315789	0.00942954122608018	1	0	"model544"
0.117543859649123	0.0190395562527482	0.117543859649123	0.0190395562527482	1	0	"model545"
0	0	0	0	1	0	"model546"
0	0	0	0	1	0	"model547"
0	0	0	0	1	0	"model548"
0.148245614035088	0.0159885650461898	0.148245614035088	0.0159885650461898	1	0	"model549"
0.149561403508772	0.0245030286533515	0.149561403508772	0.0245030286533515	1	0	"model550"
0	0	0	0	1	0	"model551"
0.171929824561404	0.0279541950940751	0.171929824561404	0.0279541950940751	1	0	"model552"
0	0	0	0	1	0	"model553"
0	0	0	0	1	0	"model554"
0.197368421052632	0.0275847401522123	0.197368421052632	0.0275847401522123	1	0	"model555"
0.142543859649123	0.0185217243557309	0.142543859649123	0.0185217243557309	1	0	"model556"
0	0	0	0	1	0	"model557"
0.0824561403508772	0.0127117339878855	0.0824561403508772	0.0127117339878855	1	0	"model558"
0.212719298245614	0.0152285574970758	0.212719298245614	0.0152285574970758	1	0	"model559"
0.00131578947368421	0.00211862233131425	0.00131578947368421	0.00211862233131425	1	0	"model560"
0.00043859649122807	0.00138696388603876	0.00043859649122807	0.00138696388603876	1	0	"model561"
0	0	0	0	1	0	"model562"
0	0	0	0	1	0	"model563"
0.0162280701754386	0.00621989689654463	0.0162280701754386	0.00621989689654463	1	0	"model564"
0	0	0	0	1	0	"model565"
0	0	0	0	1	0	"model566"
0	0	0	0	1	0	"model567"
0	0	0	0	1	0	"model568"
0.202631578947368	0.0287086262190259	0.202631578947368	0.0287086262190259	1	0	"model569"
0.211842105263158	0.0260750850007351	0.211842105263158	0.0260750850007351	1	0	"model570"
0	0	0	0	1	0	"model571"
0	0	0	0	1	0	"model572"
0	0	0	0	1	0	"model573"
0	0	0	0	1	0	"model574"
0	0	0	0	1	0	"model575"
0	0	0	0	1	0	"model576"
0	0	0	0	1	0	"model577"
0.23859649122807	0.0204887111594794	0.23859649122807	0.0204887111594794	1	0	"model578"
0	0	0	0	1	0	"model579"
0.00350877192982456	0.00539154646625315	0.00350877192982456	0.00539154646625315	1	0	"model580"
0	0	0	0	1	0	"model581"
0.399561403508772	0.0332389399093183	0.417105263157895	0.0332389399093183	0.982456140350877	0	"model582"
0.11140350877193	0.0180483033473812	0.11140350877193	0.0180483033473812	1	0	"model583"
0	0	0	0	1	0	"model584"
0	0	0	0	1	0	"model585"
0	0	0	0	1	0	"model586"
0.292543859649123	0.0298939966870641	0.292543859649123	0.0298939966870641	1	0	"model587"
0.0175438596491228	0.0065382104605257	0.0175438596491228	0.0065382104605257	1	0	"model588"
-0.107456140350877	0.0149452107458047	0.81359649122807	0.0149452107458047	0.0789473684210526	0	"model589"
0.22280701754386	0.0251359968425	0.22280701754386	0.0251359968425	1	0	"model590"
0.00307017543859649	0.00296030069171295	0.00307017543859649	0.00296030069171295	1	0	"model591"
0.189473684210526	0.0220561662756095	0.189473684210526	0.0220561662756095	1	0	"model592"
0.439035087719298	0.0160752245700625	0.456578947368421	0.0160752245700625	0.982456140350877	0	"model593"
0	0	0	0	1	0	"model594"
0	0	0	0	1	0	"model595"
0.432017543859649	0.0153682719602549	0.467105263157895	0.0153682719602549	0.964912280701754	0	"model596"
0	0	0	0	1	0	"model597"
0.0245614035087719	0.00905961016656706	0.0245614035087719	0.00905961016656706	1	0	"model598"
0.0184210526315789	0.00920007761552764	0.0184210526315789	0.00920007761552764	1	0	"model599"
0.00043859649122807	0.00138696388603876	0.00043859649122807	0.00138696388603876	1	0	"model600"
0	0	0	0	1	0	"model601"
0.00087719298245614	0.00184928518138502	0.00087719298245614	0.00184928518138502	1	0	"model602"
0.00657894736842105	0.00310134553151995	0.00657894736842105	0.00310134553151995	1	0	"model603"
0	0	0	0	1	0	"model604"
0	0	0	0	1	0	"model605"
0.199122807017544	0.0261691822634672	0.199122807017544	0.0261691822634672	1	0	"model606"
0.0214912280701754	0.0106333897929638	0.0214912280701754	0.0106333897929638	1	0	"model607"
0	0	0	0	1	0	"model608"
0	0	0	0	1	0	"model609"
0.0109649122807018	0.00693481943019381	0.0109649122807018	0.00693481943019381	1	0	"model610"
0.0184210526315789	0.00847448932525698	0.0184210526315789	0.00847448932525698	1	0	"model611"
0.186842105263158	0.0127788148441007	0.186842105263158	0.0127788148441007	1	0	"model612"
0.00087719298245614	0.00184928518138502	0.00087719298245614	0.00184928518138502	1	0	"model613"
0	0	0	0	1	0	"model614"
0	0	0	0	1	0	"model615"
0.00043859649122807	0.00138696388603876	0.00043859649122807	0.00138696388603876	1	0	"model616"
0.00175438596491228	0.00226490254164176	0.00175438596491228	0.00226490254164176	1	0	"model617"
0.0307017543859649	0.0130764209210514	0.0307017543859649	0.0130764209210514	1	0	"model618"
0	0	0	0	1	0	"model619"
0.134210526315789	0.0212063910695541	0.134210526315789	0.0212063910695541	1	0	"model620"
0	0	0	0	1	0	"model621"
0.0574561403508772	0.0131497700712099	0.0574561403508772	0.0131497700712099	1	0	"model622"
0	0	0	0	1	0	"model623"
0.00043859649122807	0.00138696388603876	0.00043859649122807	0.00138696388603876	1	0	"model624"
0.374561403508772	0.0372850014720353	0.400877192982456	0.0372850014720353	0.973684210526316	0	"model625"
0.00570175438596491	0.00416089165811629	0.00570175438596491	0.00416089165811629	1	0	"model626"
0	0	0	0	1	0	"model627"
0.00745614035087719	0.00548976121506391	0.00745614035087719	0.00548976121506391	1	0	"model628"
0	0	0	0	1	0	"model629"
0.485526315789474	0.0355747149440935	0.520614035087719	0.0355747149440935	0.964912280701754	0	"model630"
0.062280701754386	0.0148807142105257	0.062280701754386	0.0148807142105257	1	0	"model631"
0.0701754385964912	0.0167969668027428	0.0701754385964912	0.0167969668027428	1	0	"model632"
0.0780701754385965	0.0214668477695645	0.0780701754385965	0.0214668477695645	1	0	"model633"
0.0153508771929825	0.00833461568054925	0.0153508771929825	0.00833461568054925	1	0	"model634"
0.00745614035087719	0.00296030069171295	0.00745614035087719	0.00296030069171295	1	0	"model635"
0	0	0	0	1	0	"model636"
0	0	0	0	1	0	"model637"
0	0	0	0	1	0	"model638"
0	0	0	0	1	0	"model639"
0.0201754385964912	0.00722168949428565	0.0201754385964912	0.00722168949428565	1	0	"model640"
0	0	0	0	1	0	"model641"
0	0	0	0	1	0	"model642"
0.00087719298245614	0.00184928518138502	0.00087719298245614	0.00184928518138502	1	0	"model643"
0.464912280701754	0.0344731757969345	0.495614035087719	0.0344731757969345	0.969298245614035	0	"model644"
0	0	0	0	1	0	"model645"
0	0	0	0	1	0	"model646"
0	0	0	0	1	0	"model647"
0	0	0	0	1	0	"model648"
0	0	0	0	1	0	"model649"
0.00745614035087719	0.00464627151522535	0.00745614035087719	0.00464627151522535	1	0	"model650"
0	0	0	0	1	0	"model651"
0	0	0	0	1	0	"model652"
0.278508771929825	0.0273708263550425	0.278508771929825	0.0273708263550425	1	0	"model653"
0.114035087719298	0.0231160647673127	0.114035087719298	0.0231160647673127	1	0	"model654"
0.0245614035087719	0.0111724989324812	0.0245614035087719	0.0111724989324812	1	0	"model655"
0	0	0	0	1	0	"model656"
0.0416666666666667	0.0160486099415937	0.0416666666666667	0.0160486099415937	1	0	"model657"
0.103070175438596	0.0134391639699198	0.103070175438596	0.0134391639699198	1	0	"model658"
0	0	0	0	1	0	"model659"
0	0	0	0	1	0	"model660"
0.012280701754386	0.00821840311260538	0.012280701754386	0.00821840311260538	1	0	"model661"
0.0184210526315789	0.00710231450379598	0.0184210526315789	0.00710231450379598	1	0	"model662"
0	0	0	0	1	0	"model663"
0	0	0	0	1	0	"model664"
0.0153508771929825	0.0101815703780586	0.0153508771929825	0.0101815703780586	1	0	"model665"
0	0	0	0	1	0	"model666"
0.267105263157895	0.0265140355972015	0.271491228070175	0.0265140355972015	0.995614035087719	0	"model667"
0.0157894736842105	0.0092925430304507	0.0157894736842105	0.0092925430304507	1	0	"model668"
0	0	0	0	1	0	"model669"
0	0	0	0	1	0	"model670"
0.00570175438596491	0.0050855342488088	0.00570175438596491	0.0050855342488088	1	0	"model671"
0.136842105263158	0.0280305519560394	0.136842105263158	0.0280305519560394	1	0	"model672"
0	0	0	0	1	0	"model673"
0.0864035087719298	0.0198367624480535	0.0864035087719298	0.0198367624480535	1	0	"model674"
0.124122807017544	0.0236688637015469	0.124122807017544	0.0236688637015469	1	0	"model675"
0	0	0	0	1	0	"model676"
0	0	0	0	1	0	"model677"
0.0175438596491228	0.00924642590692509	0.0175438596491228	0.00924642590692509	1	0	"model678"
0	0	0	0	1	0	"model679"
0.359649122807018	0.0232083448338999	0.364035087719298	0.0232083448338999	0.995614035087719	0	"model680"
0	0	0	0	1	0	"model681"
0.180701754385965	0.0267827319241041	0.180701754385965	0.0267827319241041	1	0	"model682"
0	0	0	0	1	0	"model683"
0.00263157894736842	0.00306669253850921	0.00263157894736842	0.00306669253850921	1	0	"model684"
0	0	0	0	1	0	"model685"
0.283771929824561	0.026481770254434	0.296929824561403	0.026481770254434	0.986842105263158	0	"model686"
0.00394736842105263	0.00248967636928749	0.00394736842105263	0.00248967636928749	1	0	"model687"
0	0	0	0	1	0	"model688"
0.0149122807017544	0.00882052814561307	0.0149122807017544	0.00882052814561307	1	0	"model689"
0	0	0	0	1	0	"model690"
0	0	0	0	1	0	"model691"
0	0	0	0	1	0	"model692"
0	0	0	0	1	0	"model693"
0	0	0	0	1	0	"model694"
0	0	0	0	1	0	"model695"
0.00087719298245614	0.00184928518138502	0.00087719298245614	0.00184928518138502	1	0	"model696"
0.00087719298245614	0.00184928518138502	0.00087719298245614	0.00184928518138502	1	0	"model697"
0	0	0	0	1	0	"model698"
0.328947368421053	0.0278929591057586	0.333333333333333	0.0278929591057586	0.995614035087719	0	"model699"
0	0	0	0	1	0	"model700"
0.194298245614035	0.0225591948812685	0.194298245614035	0.0225591948812685	1	0	"model701"
0	0	0	0	1	0	"model702"
0	0	0	0	1	0	"model703"
0.0135964912280702	0.00729530698823079	0.0135964912280702	0.00729530698823079	1	0	"model704"
0.0447368421052632	0.0102963841296252	0.0447368421052632	0.0102963841296252	1	0	"model705"
0.0219298245614035	0.00969773330513275	0.0219298245614035	0.00969773330513275	1	0	"model706"
0	0	0	0	1	0	"model707"
0.35	0.0247071697944767	0.363157894736842	0.0247071697944767	0.986842105263158	0	"model708"
0	0	0	0	1	0	"model709"
0	0	0	0	1	0	"model710"
0.192105263157895	0.0163847084516046	0.192105263157895	0.0163847084516046	1	0	"model711"
0.467982456140351	0.0421727245464061	0.503070175438596	0.0421727245464061	0.964912280701754	0	"model712"
0.0114035087719298	0.00369857036277003	0.0114035087719298	0.00369857036277003	1	0	"model713"
0.0254385964912281	0.00847448932525698	0.0254385964912281	0.00847448932525698	1	0	"model714"
0.068859649122807	0.0132469371813734	0.068859649122807	0.0132469371813734	1	0	"model715"
0.018859649122807	0.00902415167369062	0.018859649122807	0.00902415167369062	1	0	"model716"
0	0	0	0	1	0	"model717"
0	0	0	0	1	0	"model718"
0	0	0	0	1	0	"model719"
0.13859649122807	0.0213069435113879	0.13859649122807	0.0213069435113879	1	0	"model720"
0.223245614035088	0.026025855721455	0.223245614035088	0.026025855721455	1	0	"model721"
0.142543859649123	0.0250891846516528	0.142543859649123	0.0250891846516528	1	0	"model722"
0.00175438596491228	0.00306669253850921	0.00175438596491228	0.00306669253850921	1	0	"model723"
0	0	0	0	1	0	"model724"
0	0	0	0	1	0	"model725"
0	0	0	0	1	0	"model726"
0.0171052631578947	0.00888090207513885	0.0171052631578947	0.00888090207513885	1	0	"model727"
0.0298245614035088	0.0116592994370625	0.0298245614035088	0.0116592994370625	1	0	"model728"
0.0719298245614035	0.0179294850488373	0.0719298245614035	0.0179294850488373	1	0	"model729"
0.523684210526316	0.0319102182590838	0.593859649122807	0.0319102182590838	0.929824561403509	0	"model730"
0.0574561403508772	0.014242197518079	0.0574561403508772	0.014242197518079	1	0	"model731"
0	0	0	0	1	0	"model732"
0.012719298245614	0.00699619070994468	0.012719298245614	0.00699619070994468	1	0	"model733"
0	0	0	0	1	0	"model734"
0	0	0	0	1	0	"model735"
0	0	0	0	1	0	"model736"
0	0	0	0	1	0	"model737"
0.0192982456140351	0.00514819206481258	0.0192982456140351	0.00514819206481258	1	0	"model738"
0.0486842105263158	0.0114091304182027	0.0486842105263158	0.0114091304182027	1	0	"model739"
0.153508771929825	0.0234830093628787	0.153508771929825	0.0234830093628787	1	0	"model740"
0	0	0	0	1	0	"model741"
0.148245614035088	0.0300899782624279	0.148245614035088	0.0300899782624279	1	0	"model742"
0	0	0	0	1	0	"model743"
0.0285087719298246	0.0121001062552974	0.0285087719298246	0.0121001062552974	1	0	"model744"
0	0	0	0	1	0	"model745"
0	0	0	0	1	0	"model746"
0.00526315789473684	0.00452980508328353	0.00526315789473684	0.00452980508328353	1	0	"model747"
0.12280701754386	0.0103378184383998	0.12280701754386	0.0103378184383998	1	0	"model748"
0	0	0	0	1	0	"model749"
0	0	0	0	1	0	"model750"
0	0	0	0	1	0	"model751"
0.00175438596491228	0.00226490254164176	0.00175438596491228	0.00226490254164176	1	0	"model752"
0.204385964912281	0.0236824055337036	0.204385964912281	0.0236824055337036	1	0	"model753"
0	0	0	0	1	0	"model754"
0.00394736842105263	0.00482677602901146	0.00394736842105263	0.00482677602901146	1	0	"model755"
0	0	0	0	1	0	"model756"
0	0	0	0	1	0	"model757"
0.00131578947368421	0.00296030069171295	0.00131578947368421	0.00296030069171295	1	0	"model758"
0	0	0	0	1	0	"model759"
0.0785087719298246	0.0199870430995724	0.0785087719298246	0.0199870430995724	1	0	"model760"
0	0	0	0	1	0	"model761"
0	0	0	0	1	0	"model762"
0.234649122807018	0.0281409013960821	0.234649122807018	0.0281409013960821	1	0	"model763"
0.15	0.0211660363401799	0.15	0.0211660363401799	1	0	"model764"
0	0	0	0	1	0	"model765"
0	0	0	0	1	0	"model766"
0.307894736842105	0.0180008701422472	0.325438596491228	0.0180008701422472	0.982456140350877	0	"model767"
0	0	0	0	1	0	"model768"
0	0	0	0	1	0	"model769"
0	0	0	0	1	0	"model770"
0.155701754385965	0.0124483818464374	0.155701754385965	0.0124483818464374	1	0	"model771"
0	0	0	0	1	0	"model772"
0.00570175438596491	0.00416089165811629	0.00570175438596491	0.00416089165811629	1	0	"model773"
0	0	0	0	1	0	"model774"
0.00219298245614035	0.00231160647673127	0.00219298245614035	0.00231160647673127	1	0	"model775"
0.189035087719298	0.0233415029154722	0.189035087719298	0.0233415029154722	1	0	"model776"
0.0425438596491228	0.0115209873127752	0.0425438596491228	0.0115209873127752	1	0	"model777"
0	0	0	0	1	0	"model778"
0	0	0	0	1	0	"model779"
0.159649122807018	0.0283640802638077	0.159649122807018	0.0283640802638077	1	0	"model780"
0	0	0	0	1	0	"model781"
0	0	0	0	1	0	"model782"
0.031140350877193	0.011594959098771	0.031140350877193	0.011594959098771	1	0	"model783"
0	0	0	0	1	0	"model784"
0	0	0	0	1	0	"model785"
0.146052631578947	0.0240273674657224	0.146052631578947	0.0240273674657224	1	0	"model786"
0	0	0	0	1	0	"model787"
0	0	0	0	1	0	"model788"
0	0	0	0	1	0	"model789"
0	0	0	0	1	0	"model790"
0.487719298245614	0.0441413952528791	0.575438596491228	0.0441413952528791	0.912280701754386	0	"model791"
0	0	0	0	1	0	"model792"
0	0	0	0	1	0	"model793"
0	0	0	0	1	0	"model794"
0.00043859649122807	0.00138696388603876	0.00043859649122807	0.00138696388603876	1	0	"model795"
0.243859649122807	0.0318431658247064	0.243859649122807	0.0318431658247064	1	0	"model796"
0.0162280701754386	0.00621989689654463	0.0162280701754386	0.00621989689654463	1	0	"model797"
0	0	0	0	1	0	"model798"
0	0	0	0	1	0	"model799"
0.148245614035088	0.0181192203331341	0.148245614035088	0.0181192203331341	1	0	"model800"
0	0	0	0	1	0	"model801"
0	0	0	0	1	0	"model802"
0	0	0	0	1	0	"model803"
0.108333333333333	0.0242927735374266	0.108333333333333	0.0242927735374266	1	0	"model804"
0	0	0	0	1	0	"model805"
0	0	0	0	1	0	"model806"
0	0	0	0	1	0	"model807"
0.35	0.0323492787975189	0.363157894736842	0.0323492787975189	0.986842105263158	0	"model808"
0.499561403508772	0.0310444532792744	0.604824561403509	0.0310444532792744	0.894736842105263	0	"model809"
0.0214912280701754	0.00812686673081128	0.0214912280701754	0.00812686673081128	1	0	"model810"
0.0473684210526316	0.00739714072554007	0.0473684210526316	0.00739714072554007	1	0	"model811"
0.0100877192982456	0.0050855342488088	0.0100877192982456	0.0050855342488088	1	0	"model812"
0.15219298245614	0.0158879859495873	0.15219298245614	0.0158879859495873	1	0	"model813"
0.137719298245614	0.0276775662367233	0.137719298245614	0.0276775662367233	1	0	"model814"
0.233771929824561	0.0308787712249496	0.233771929824561	0.0308787712249496	1	0	"model815"
0	0	0	0	1	0	"model816"
0.0236842105263158	0.00722168949428565	0.0236842105263158	0.00722168949428565	1	0	"model817"
0	0	0	0	1	0	"model818"
0	0	0	0	1	0	"model819"
0	0	0	0	1	0	"model820"
0.189912280701754	0.032033895261226	0.189912280701754	0.032033895261226	1	0	"model821"
0	0	0	0	1	0	"model822"
0.00789473684210526	0.00613338507701843	0.00789473684210526	0.00613338507701843	1	0	"model823"
0	0	0	0	1	0	"model824"
0.00131578947368421	0.00211862233131425	0.00131578947368421	0.00211862233131425	1	0	"model825"
0.00175438596491228	0.00306669253850921	0.00175438596491228	0.00306669253850921	1	0	"model826"
0.00745614035087719	0.00296030069171295	0.00745614035087719	0.00296030069171295	1	0	"model827"
0.0276315789473684	0.00802097469259953	0.0276315789473684	0.00802097469259953	1	0	"model828"
0	0	0	0	1	0	"model829"
0.0276315789473684	0.00902415167369062	0.0276315789473684	0.00902415167369062	1	0	"model830"
0	0	0	0	1	0	"model831"
0.277631578947368	0.0268026758779618	0.277631578947368	0.0268026758779618	1	0	"model832"
0.00526315789473684	0.00403042361172229	0.00526315789473684	0.00403042361172229	1	0	"model833"
0.0210526315789474	0.00710231450379598	0.0210526315789474	0.00710231450379598	1	0	"model834"
0.0263157894736842	0.00852478347199605	0.0263157894736842	0.00852478347199605	1	0	"model835"
0	0	0	0	1	0	"model836"
0	0	0	0	1	0	"model837"
0	0	0	0	1	0	"model838"
0	0	0	0	1	0	"model839"
0.0197368421052632	0.0090713988640284	0.0197368421052632	0.0090713988640284	1	0	"model840"
0.0315789473684211	0.00847448932525698	0.0315789473684211	0.00847448932525698	1	0	"model841"
0.0135964912280702	0.00668370143313594	0.0135964912280702	0.00668370143313594	1	0	"model842"
0.0289473684210526	0.0122667701540369	0.0289473684210526	0.0122667701540369	1	0	"model843"
0.171929824561404	0.0197016146525415	0.171929824561404	0.0197016146525415	1	0	"model844"
0.00219298245614035	0.00310134553151995	0.00219298245614035	0.00310134553151995	1	0	"model845"
0.148245614035088	0.0207581746775425	0.148245614035088	0.0207581746775425	1	0	"model846"
0	0	0	0	1	0	"model847"
0	0	0	0	1	0	"model848"
0	0	0	0	1	0	"model849"
0.00219298245614035	0.00310134553151995	0.00219298245614035	0.00310134553151995	1	0	"model850"
0	0	0	0	1	0	"model851"
0.0679824561403509	0.0199656436896896	0.0679824561403509	0.0199656436896896	1	0	"model852"
0	0	0	0	1	0	"model853"
0.0144736842105263	0.0101394975932162	0.0144736842105263	0.0101394975932162	1	0	"model854"
0	0	0	0	1	0	"model855"
0.00131578947368421	0.00211862233131425	0.00131578947368421	0.00211862233131425	1	0	"model856"
0	0	0	0	1	0	"model857"
0	0	0	0	1	0	"model858"
0.113157894736842	0.0210648112916116	0.113157894736842	0.0210648112916116	1	0	"model859"
0.181578947368421	0.023318598874125	0.181578947368421	0.023318598874125	1	0	"model860"
0.373684210526316	0.0278008522198941	0.373684210526316	0.0278008522198941	1	0	"model861"
0	0	0	0	1	0	"model862"
0.0210526315789474	0.00920007761552764	0.0210526315789474	0.00920007761552764	1	0	"model863"
0.00131578947368421	0.00211862233131425	0.00131578947368421	0.00211862233131425	1	0	"model864"
0.176315789473684	0.0199174109542999	0.176315789473684	0.0199174109542999	1	0	"model865"
0.345175438596491	0.0413538581274497	0.353947368421053	0.0413538581274497	0.991228070175439	0	"model866"
0	0	0	0	1	0	"model867"
0	0	0	0	1	0	"model868"
0.115789473684211	0.0127788148441007	0.115789473684211	0.0127788148441007	1	0	"model869"
0.117543859649123	0.0270210878412817	0.117543859649123	0.0270210878412817	1	0	"model870"
0.249561403508772	0.0230651533605385	0.249561403508772	0.0230651533605385	1	0	"model871"
0.434210526315789	0.0356317473887542	0.460526315789474	0.0356317473887542	0.973684210526316	0	"model872"
0	0	0	0	1	0	"model873"
0	0	0	0	1	0	"model874"
0.0890350877192982	0.0183827225836256	0.0890350877192982	0.0183827225836256	1	0	"model875"
0	0	0	0	1	0	"model876"
0.0719298245614035	0.0204887111594794	0.0719298245614035	0.0204887111594794	1	0	"model877"
0.280701754385965	0.0209834796701861	0.280701754385965	0.0209834796701861	1	0	"model878"
0.0157894736842105	0.00882052814561307	0.0157894736842105	0.00882052814561307	1	0	"model879"
0.0934210526315789	0.018148687290857	0.0934210526315789	0.018148687290857	1	0	"model880"
0	0	0	0	1	0	"model881"
0.135526315789474	0.0257782991530891	0.135526315789474	0.0257782991530891	1	0	"model882"
0.155263157894737	0.0267348057325438	0.155263157894737	0.0267348057325438	1	0	"model883"
0	0	0	0	1	0	"model884"
0	0	0	0	1	0	"model885"
0	0	0	0	1	0	"model886"
0.0469298245614035	0.0158879859495873	0.0469298245614035	0.0158879859495873	1	0	"model887"
0	0	0	0	1	0	"model888"
0.0201754385964912	0.00751183191734803	0.0201754385964912	0.00751183191734803	1	0	"model889"
0	0	0	0	1	0	"model890"
0	0	0	0	1	0	"model891"
0.160087719298246	0.0203893650306745	0.160087719298246	0.0203893650306745	1	0	"model892"
0	0	0	0	1	0	"model893"
0	0	0	0	1	0	"model894"
0.0478070175438596	0.0110280831378047	0.0478070175438596	0.0110280831378047	1	0	"model895"
0.199122807017544	0.0383587396458658	0.199122807017544	0.0383587396458658	1	0	"model896"
0	0	0	0	1	0	"model897"
0.145614035087719	0.0241825416703337	0.145614035087719	0.0241825416703337	1	0	"model898"
0	0	0	0	1	0	"model899"
0	0	0	0	1	0	"model900"
0	0	0	0	1	0	"model901"
0.0548245614035088	0.0143617563628571	0.0548245614035088	0.0143617563628571	1	0	"model902"
0.124561403508772	0.0238622289626938	0.124561403508772	0.0238622289626938	1	0	"model903"
0.0254385964912281	0.0121968734588387	0.0254385964912281	0.0121968734588387	1	0	"model904"
0.332894736842105	0.0196636068170701	0.337280701754386	0.0196636068170701	0.995614035087719	0	"model905"
0	0	0	0	1	0	"model906"
0.0530701754385965	0.014685525150699	0.0530701754385965	0.014685525150699	1	0	"model907"
0.00570175438596491	0.0050855342488088	0.00570175438596491	0.0050855342488088	1	0	"model908"
0.00087719298245614	0.00184928518138502	0.00087719298245614	0.00184928518138502	1	0	"model909"
0.266666666666667	0.0341492428553367	0.266666666666667	0.0341492428553367	1	0	"model910"
0.00043859649122807	0.00138696388603876	0.00043859649122807	0.00138696388603876	1	0	"model911"
0.00087719298245614	0.00184928518138502	0.00087719298245614	0.00184928518138502	1	0	"model912"
0.185087719298246	0.0220561662756095	0.185087719298246	0.0220561662756095	1	0	"model913"
0.139035087719298	0.0158879859495873	0.139035087719298	0.0158879859495873	1	0	"model914"
0.163157894736842	0.0148807142105257	0.163157894736842	0.0148807142105257	1	0	"model915"
0.00789473684210526	0.00613338507701843	0.00789473684210526	0.00613338507701843	1	0	"model916"
0	0	0	0	1	0	"model917"
0.330701754385965	0.0465178856230868	0.335087719298246	0.0465178856230868	0.995614035087719	0	"model918"
0	0	0	0	1	0	"model919"
0	0	0	0	1	0	"model920"
0	0	0	0	1	0	"model921"
0	0	0	0	1	0	"model922"
0.00175438596491228	0.00226490254164176	0.00175438596491228	0.00226490254164176	1	0	"model923"
0.00087719298245614	0.00184928518138502	0.00087719298245614	0.00184928518138502	1	0	"model924"
0.0144736842105263	0.00586619960460201	0.0144736842105263	0.00586619960460201	1	0	"model925"
0	0	0	0	1	0	"model926"
0.0241228070175439	0.0115580323836564	0.0241228070175439	0.0115580323836564	1	0	"model927"
0.00526315789473684	0.00403042361172229	0.00526315789473684	0.00403042361172229	1	0	"model928"
0.00614035087719298	0.00471477061304009	0.00614035087719298	0.00471477061304009	1	0	"model929"
0	0	0	0	1	0	"model930"
0.0732456140350877	0.0184986299273528	0.0732456140350877	0.0184986299273528	1	0	"model931"
0	0	0	0	1	0	"model932"
0.146929824561403	0.0227666834830372	0.146929824561403	0.0227666834830372	1	0	"model933"
0	0	0	0	1	0	"model934"
0	0	0	0	1	0	"model935"
0.168859649122807	0.0124483818464374	0.168859649122807	0.0124483818464374	1	0	"model936"
0.0491228070175439	0.00768065820851678	0.0491228070175439	0.00768065820851678	1	0	"model937"
0.0149122807017544	0.0095197781263741	0.0149122807017544	0.0095197781263741	1	0	"model938"
0.125438596491228	0.0146490936255852	0.125438596491228	0.0146490936255852	1	0	"model939"
0	0	0	0	1	0	"model940"
0	0	0	0	1	0	"model941"
0	0	0	0	1	0	"model942"
0	0	0	0	1	0	"model943"
0.0855263157894737	0.0176954947908044	0.0855263157894737	0.0176954947908044	1	0	"model944"
0.00307017543859649	0.00416089165811629	0.00307017543859649	0.00416089165811629	1	0	"model945"
0.352631578947368	0.0195272606515368	0.370175438596491	0.0195272606515368	0.982456140350877	0	"model946"
0	0	0	0	1	0	"model947"
0	0	0	0	1	0	"model948"
0	0	0	0	1	0	"model949"
0	0	0	0	1	0	"model950"
0.132894736842105	0.0158879859495873	0.132894736842105	0.0158879859495873	1	0	"model951"
0.0135964912280702	0.00601017683950131	0.0135964912280702	0.00601017683950131	1	0	"model952"
0	0	0	0	1	0	"model953"
0	0	0	0	1	0	"model954"
0	0	0	0	1	0	"model955"
0	0	0	0	1	0	"model956"
0	0	0	0	1	0	"model957"
0	0	0	0	1	0	"model958"
0	0	0	0	1	0	"model959"
0.184649122807018	0.0133113212164796	0.184649122807018	0.0133113212164796	1	0	"model960"
0.148245614035088	0.0302317123404979	0.148245614035088	0.0302317123404979	1	0	"model961"
0	0	0	0	1	0	"model962"
0	0	0	0	1	0	"model963"
0.145175438596491	0.0167268330233492	0.145175438596491	0.0167268330233492	1	0	"model964"
0.0157894736842105	0.00514819206481258	0.0157894736842105	0.00514819206481258	1	0	"model965"
0.012280701754386	0.00739714072554007	0.012280701754386	0.00739714072554007	1	0	"model966"
0.00131578947368421	0.00211862233131425	0.00131578947368421	0.00211862233131425	1	0	"model967"
0	0	0	0	1	0	"model968"
0.118421052631579	0.0207787578999297	0.118421052631579	0.0207787578999297	1	0	"model969"
0.1	0.0243586732159749	0.1	0.0243586732159749	1	0	"model970"
0.075	0.0186596906896339	0.075	0.0186596906896339	1	0	"model971"
0.490789473684211	0.0225970617898012	0.525877192982456	0.0225970617898012	0.964912280701754	0	"model972"
0.00570175438596491	0.00296030069171295	0.00570175438596491	0.00296030069171295	1	0	"model973"
0.129385964912281	0.0232313575761268	0.129385964912281	0.0232313575761268	1	0	"model974"
0.131578947368421	0.0248967636928749	0.131578947368421	0.0248967636928749	1	0	"model975"
0	0	0	0	1	0	"model976"
0	0	0	0	1	0	"model977"
0.114035087719298	0.0209834796701861	0.114035087719298	0.0209834796701861	1	0	"model978"
0	0	0	0	1	0	"model979"
0.0206140350877193	0.0125849936939517	0.0206140350877193	0.0125849936939517	1	0	"model980"
0.306140350877193	0.0263806867102689	0.310526315789474	0.0263806867102689	0.995614035087719	0	"model981"
0	0	0	0	1	0	"model982"
0.0600877192982456	0.0127537008699207	0.0600877192982456	0.0127537008699207	1	0	"model983"
0	0	0	0	1	0	"model984"
0.00921052631578947	0.0056433506039821	0.00921052631578947	0.0056433506039821	1	0	"model985"
0.441666666666667	0.0357545074383825	0.459210526315789	0.0357545074383825	0.982456140350877	0	"model986"
0.05	0.0165663338879711	0.05	0.0165663338879711	1	0	"model987"
0.0653508771929825	0.00957574438234667	0.0653508771929825	0.00957574438234667	1	0	"model988"
0	0	0	0	1	0	"model989"
0	0	0	0	1	0	"model990"
0	0	0	0	1	0	"model991"
0	0	0	0	1	0	"model992"
0	0	0	0	1	0	"model993"
0.3	0.0237724872797402	0.317543859649123	0.0237724872797402	0.982456140350877	0	"model994"
0	0	0	0	1	0	"model995"
0.0293859649122807	0.0144803280870344	0.0293859649122807	0.0144803280870344	1	0	"model996"
0	0	0	0	1	0	"model997"
0.174122807017544	0.0154791355936449	0.174122807017544	0.0154791355936449	1	0	"model998"
0.00350877192982456	0.00403042361172229	0.00350877192982456	0.00403042361172229	1	0	"model999"
0.131578947368421	0.0239337800347148	0.131578947368421	0.0239337800347148	1	0	"model1000"
