"TSS.MN"	"TSS.sd"	"speci.MN"	"speci.sd"	"sensi.MN"	"sensi.sd"	"model"
0	0	1	0	0	0	"model1"
0	0	1	0	0	0	"model2"
0	0	1	0	0	0	"model3"
0	0	1	0	0	0	"model4"
0	0	1	0	0	0	"model5"
0.666666666666667	0.00632943085990486	0.992248062015504	0.00632943085990486	0.674418604651163	0	"model6"
0	0	1	0	0	0	"model7"
0	0	1	0	0	0	"model8"
0	0	1	0	0	0	"model9"
0	0	1	0	0	0	"model10"
0	0	1	0	0	0	"model11"
0	0	1	0	0	0	"model12"
0	0	1	0	0	0	"model13"
0.914728682170543	0.0228210875098911	0.930232558139535	0.0228210875098911	0.984496124031008	0	"model14"
0	0	1	0	0	0	"model15"
0.0387596899224806	0	1	0	0.0387596899224806	0	"model16"
0	0	1	0	0	0	"model17"
0	0	1	0	0	0	"model18"
0	0	1	0	0	0	"model19"
0.321705426356589	0.0054814479161748	0.996124031007752	0.0054814479161748	0.325581395348837	0	"model20"
0	0	1	0	0	0	"model21"
0	0	1	0	0	0	"model22"
0	0	1	0	0	0	"model23"
0	0	1	0	0	0	"model24"
0	0	1	0	0	0	"model25"
0	0	1	0	0	0	"model26"
0	0	1	0	0	0	"model27"
0.0155038759689922	0	1	0	0.0155038759689922	0	"model28"
0	0	1	0	0	0	"model29"
0	0	1	0	0	0	"model30"
0	0	1	0	0	0	"model31"
0.178294573643411	0	1	0	0.178294573643411	0	"model32"
0	0	1	0	0	0	"model33"
0	0	1	0	0	0	"model34"
0	0	1	0	0	0	"model35"
0.0232558139534884	0	1	0	0.0232558139534884	0	"model36"
0	0	1	0	0	0	"model37"
0	0	1	0	0	0	"model38"
0	0	1	0	0	0	"model39"
0.3	0.0052321593620973	0.997674418604651	0.00523215936209732	0.302325581395349	0	"model40"
0	0	1	0	0	0	"model41"
0	0	1	0	0	0	"model42"
0	0	1	0	0	0	"model43"
0	0	1	0	0	0	"model44"
0.772868217054264	0.00821201477109594	0.989922480620155	0.00821201477109599	0.782945736434108	0	"model45"
0	0	1	0	0	0	"model46"
0	0	1	0	0	0	"model47"
0	0	1	0	0	0	"model48"
0	0	1	0	0	0	"model49"
0.422480620155039	0.00408563005189711	0.996124031007752	0.00408563005189714	0.426356589147287	0	"model50"
0	0	1	0	0	0	"model51"
0	0	1	0	0	0	"model52"
0	0	1	0	0	0	"model53"
0	0	1	0	0	0	"model54"
0.863565891472868	0.0190584898341972	0.97984496124031	0.0190584898341972	0.883720930232558	0	"model55"
0.846511627906977	0.00952924491709856	0.986046511627907	0.00952924491709861	0.86046511627907	0	"model56"
0	0	1	0	0	0	"model57"
0.146511627906977	0.00245137803113828	0.99922480620155	0.00245137803113828	0.147286821705426	0	"model58"
0	0	1	0	0	0	"model59"
0.910852713178295	0.018362623260403	0.910852713178295	0.018362623260403	1	0	"model60"
0	0	1	0	0	0	"model61"
0.887596899224806	0.0133018477273734	0.972868217054264	0.0133018477273734	0.914728682170543	0	"model62"
0	0	1	0	0	0	"model63"
0	0	1	0	0	0	"model64"
0.682170542635659	0.00966836534050116	0.992248062015504	0.00966836534050116	0.689922480620155	0	"model65"
0	0	1	0	0	0	"model66"
0	0	1	0	0	0	"model67"
0	0	1	0	0	0	"model68"
0	0	1	0	0	0	"model69"
0	0	1	0	0	0	"model70"
0.728682170542636	0.0242398747277697	0.728682170542636	0.0242398747277697	1	0	"model71"
0	0	1	0	0	0	"model72"
0	0	1	0	0	0	"model73"
0.0232558139534884	0	1	0	0.0232558139534884	0	"model74"
0	0	1	0	0	0	"model75"
0	0	1	0	0	0	"model76"
0	0	1	0	0	0	"model77"
0	0	1	0	0	0	"model78"
0	0	1	0	0	0	"model79"
0	0	1	0	0	0	"model80"
0.0155038759689922	0	1	0	0.0155038759689922	0	"model81"
0.0465116279069767	0	1	0	0.0465116279069767	0	"model82"
0.0310077519379845	0	1	0	0.0310077519379845	0	"model83"
0.336434108527132	0.0040030835619715	0.995348837209302	0.0040030835619715	0.341085271317829	0	"model84"
0.706201550387597	0.0214485849813407	0.706201550387597	0.0214485849813407	1	0	"model85"
0	0	1	0	0	0	"model86"
0	0	1	0	0	0	"model87"
0.255038759689923	0.00245137803113828	0.99922480620155	0.00245137803113828	0.255813953488372	0	"model88"
0.416279069767442	0.003744541794881	0.997674418604651	0.003744541794881	0.418604651162791	0	"model89"
0	0	1	0	0	0	"model90"
0.862790697674419	0.0115847606054057	0.986821705426357	0.0115847606054057	0.875968992248062	0	"model91"
0.757364341085271	0.0537132175135653	0.757364341085271	0.0537132175135653	1	0	"model92"
0	0	1	0	0	0	"model93"
0.23953488372093	0.00245137803113828	0.99922480620155	0.00245137803113828	0.24031007751938	0	"model94"
0	0	1	0	0	0	"model95"
0.75968992248062	0.00817126010379428	0.992248062015504	0.00817126010379428	0.767441860465116	0	"model96"
0.634883720930233	0.00853104600476445	0.991472868217054	0.00853104600476445	0.643410852713178	0	"model97"
0	0	1	0	0	0	"model98"
0.92093023255814	0.0135751168336576	0.95968992248062	0.0135751168336576	0.961240310077519	0	"model99"
0	0	1	0	0	0	"model100"
0	0	1	0	0	0	"model101"
0	0	1	0	0	0	"model102"
0	0	1	0	0	0	"model103"
0.370542635658915	0.00326850404151771	0.998449612403101	0.00326850404151771	0.372093023255814	0	"model104"
0	0	1	0	0	0	"model105"
0	0	1	0	0	0	"model106"
0.933333333333333	0.0127639163154816	0.964341085271318	0.0127639163154816	0.968992248062015	0	"model107"
0	0	1	0	0	0	"model108"
0	0	1	0	0	0	"model109"
0	0	1	0	0	0	"model110"
0	0	1	0	0	0	"model111"
0.917829457364341	0.0155897706759673	0.956589147286822	0.0155897706759673	0.961240310077519	0	"model112"
0.00775193798449612	0	1	0	0.00775193798449612	0	"model113"
0	0	1	0	0	0	"model114"
0.9	0.0256972814272906	0.915503875968992	0.0256972814272906	0.984496124031008	0	"model115"
0	0	1	0	0	0	"model116"
0.855038759689922	0.0280810914457822	0.855038759689922	0.0280810914457822	1	0	"model117"
0	0	1	0	0	0	"model118"
0	0	1	0	0	0	"model119"
0	0	1	0	0	0	"model120"
0	0	1	0	0	0	"model121"
0	0	1	0	0	0	"model122"
0	0	1	0	0	0	"model123"
0	0	1	0	0	0	"model124"
0	0	1	0	0	0	"model125"
0	0	1	0	0	0	"model126"
0	0	1	0	0	0	"model127"
0	0	1	0	0	0	"model128"
0	0	1	0	0	0	"model129"
0	0	1	0	0	0	"model130"
0	0	1	0	0	0	"model131"
0.909302325581395	0.0155253941972091	0.924806201550388	0.0155253941972091	0.984496124031008	0	"model132"
0.368217054263566	0.00548144791617478	0.996124031007752	0.0054814479161748	0.372093023255814	0	"model133"
0	0	1	0	0	0	"model134"
0	0	1	0	0	0	"model135"
0.5	0.00408563005189714	0.988372093023256	0.00408563005189714	0.511627906976744	0	"model136"
0.0775193798449612	0	1	0	0.0775193798449612	0	"model137"
0	0	1	0	0	0	"model138"
0.0155038759689922	0	1	0	0.0155038759689922	0	"model139"
0	0	1	0	0	0	"model140"
0	0	1	0	0	0	"model141"
0	0	1	0	0	0	"model142"
0.913178294573643	0.0130740161660708	0.944186046511628	0.0130740161660708	0.968992248062015	0	"model143"
0	0	1	0	0	0	"model144"
0.918604651162791	0.0245817798326104	0.926356589147287	0.0245817798326104	0.992248062015504	0	"model145"
0.868217054263566	0.0171401797951184	0.968992248062015	0.0171401797951183	0.89922480620155	0	"model146"
0	0	1	0	0	0	"model147"
0.0775193798449612	0	1	0	0.0775193798449612	0	"model148"
0	0	1	0	0	0	"model149"
0.468217054263566	0.00542020076573723	0.995348837209302	0.00542020076573723	0.472868217054264	0	"model150"
0	0	1	0	0	0	"model151"
0	0	1	0	0	0	"model152"
0.772868217054264	0.00898838611417366	0.989922480620155	0.0089883861141737	0.782945736434108	0	"model153"
0.692248062015504	0.00523215936209732	0.994573643410853	0.00523215936209732	0.697674418604651	0	"model154"
0	0	1	0	0	0	"model155"
0	0	1	0	0	0	"model156"
0	0	1	0	0	0	"model157"
0	0	1	0	0	0	"model158"
0.931782945736434	0.014978167179524	0.955038759689922	0.0149781671795239	0.976744186046512	0	"model159"
0.758914728682171	0.00770875136443221	0.991472868217054	0.00770875136443221	0.767441860465116	0	"model160"
0	0	1	0	0	0	"model161"
0	0	1	0	0	0	"model162"
0	0	1	0	0	0	"model163"
0.930232558139535	0.0175254004731919	0.953488372093023	0.0175254004731919	0.976744186046512	0	"model164"
0	0	1	0	0	0	"model165"
0	0	1	0	0	0	"model166"
0.912403100775194	0.0115847606054056	0.966666666666667	0.0115847606054056	0.945736434108527	0	"model167"
0	0	1	0	0	0	"model168"
0	0	1	0	0	0	"model169"
0	0	1	0	0	0	"model170"
0	0	1	0	0	0	"model171"
0.908527131782946	0.0224672507692859	0.931782945736434	0.022467250769286	0.976744186046512	0	"model172"
0.92015503875969	0.014640015994021	0.951162790697674	0.014640015994021	0.968992248062015	0	"model173"
0	0	1	0	0	0	"model174"
0.062015503875969	0	1	0	0.062015503875969	0	"model175"
0	0	1	0	0	0	"model176"
0	0	1	0	0	0	"model177"
0	0	1	0	0	0	"model178"
0.186046511627907	0	1	0	0.186046511627907	0	"model179"
0	0	1	0	0	0	"model180"
0	0	1	0	0	0	"model181"
0	0	1	0	0	0	"model182"
0	0	1	0	0	0	"model183"
0.6	0.00980551212455309	0.987596899224806	0.00980551212455313	0.612403100775194	0	"model184"
0	0	1	0	0	0	"model185"
0	0	1	0	0	0	"model186"
0	0	1	0	0	0	"model187"
0	0	1	0	0	0	"model188"
0	0	1	0	0	0	"model189"
0	0	1	0	0	0	"model190"
0	0	1	0	0	0	"model191"
0.062015503875969	0	1	0	0.062015503875969	0	"model192"
0	0	1	0	0	0	"model193"
0.216279069767442	0.00245137803113827	0.99922480620155	0.00245137803113828	0.217054263565891	0	"model194"
0	0	1	0	0	0	"model195"
0.357364341085271	0.00678755841682878	0.993023255813953	0.0067875584168288	0.364341085271318	0	"model196"
0	0	1	0	0	0	"model197"
0.689147286821705	0.00770875136443221	0.991472868217054	0.00770875136443221	0.697674418604651	0	"model198"
0	0	1	0	0	0	"model199"
0.924806201550388	0.0190058661999311	0.963565891472868	0.019005866199931	0.961240310077519	0	"model200"
0	0	1	0	0	0	"model201"
0	0	1	0	0	0	"model202"
0	0	1	0	0	0	"model203"
0	0	1	0	0	0	"model204"
0	0	1	0	0	0	"model205"
0	0	1	0	0	0	"model206"
0	0	1	0	0	0	"model207"
0	0	1	0	0	0	"model208"
0	0	1	0	0	0	"model209"
0	0	1	0	0	0	"model210"
0	0	1	0	0	0	"model211"
0.193023255813953	0.00245137803113828	0.99922480620155	0.00245137803113828	0.193798449612403	0	"model212"
0	0	1	0	0	0	"model213"
0	0	1	0	0	0	"model214"
0	0	1	0	0	0	"model215"
0.0232558139534884	0	1	0	0.0232558139534884	0	"model216"
0.881395348837209	0.00735413409341485	0.989922480620155	0.00735413409341485	0.891472868217054	0	"model217"
0	0	1	0	0	0	"model218"
0.907751937984496	0.0194914957784456	0.946511627906977	0.0194914957784456	0.961240310077519	0	"model219"
0	0	1	0	0	0	"model220"
0	0	1	0	0	0	"model221"
0.401550387596899	0.00326850404151771	0.998449612403101	0.00326850404151771	0.403100775193798	0	"model222"
0	0	1	0	0	0	"model223"
0	0	1	0	0	0	"model224"
0	0	1	0	0	0	"model225"
0	0	1	0	0	0	"model226"
0	0	1	0	0	0	"model227"
0	0	1	0	0	0	"model228"
0.137209302325581	0.00374454179488098	0.997674418604651	0.003744541794881	0.13953488372093	0	"model229"
0	0	1	0	0	0	"model230"
0.891472868217054	0.0103359173126615	0.976744186046512	0.0103359173126615	0.914728682170543	0	"model231"
0	0	1	0	0	0	"model232"
0	0	1	0	0	0	"model233"
0.822480620155039	0.0302336623840388	0.822480620155039	0.0302336623840388	1	0	"model234"
0	0	1	0	0	0	"model235"
0.82093023255814	0.0106226381349326	0.983720930232558	0.0106226381349326	0.837209302325581	0	"model236"
0	0	1	0	0	0	"model237"
0	0	1	0	0	0	"model238"
0.35968992248062	0.0054202007657372	0.995348837209302	0.00542020076573723	0.364341085271318	0	"model239"
0	0	1	0	0	0	"model240"
0.307751937984496	0.003744541794881	0.997674418604651	0.003744541794881	0.310077519379845	0	"model241"
0	0	1	0	0	0	"model242"
0	0	1	0	0	0	"model243"
0	0	1	0	0	0	"model244"
0	0	1	0	0	0	"model245"
0.811627906976744	0.0403713176897042	0.811627906976744	0.0403713176897042	1	0	"model246"
0	0	1	0	0	0	"model247"
0	0	1	0	0	0	"model248"
0	0	1	0	0	0	"model249"
0	0	1	0	0	0	"model250"
0	0	1	0	0	0	"model251"
0.0232558139534884	0	1	0	0.0232558139534884	0	"model252"
0	0	1	0	0	0	"model253"
0	0	1	0	0	0	"model254"
0	0	1	0	0	0	"model255"
0	0	1	0	0	0	"model256"
0.896124031007752	0.01870486932388	0.896124031007752	0.01870486932388	1	0	"model257"
0	0	1	0	0	0	"model258"
0.874418604651163	0.014978167179524	0.975193798449612	0.014978167179524	0.89922480620155	0	"model259"
0.891472868217054	0.020671834625323	0.961240310077519	0.020671834625323	0.930232558139535	0	"model260"
0.906201550387597	0.0235269863361034	0.913953488372093	0.0235269863361034	0.992248062015504	0	"model261"
0.0155038759689922	0	1	0	0.0155038759689922	0	"model262"
0.9	0.0123653603245534	0.969767441860465	0.0123653603245534	0.930232558139535	0	"model263"
0	0	1	0	0	0	"model264"
0	0	1	0	0	0	"model265"
0.910077519379845	0.0225858122825965	0.933333333333333	0.0225858122825966	0.976744186046512	0	"model266"
0	0	1	0	0	0	"model267"
0	0	1	0	0	0	"model268"
0.443410852713178	0.00611481114532261	0.993798449612403	0.00611481114532261	0.449612403100775	0	"model269"
0	0	1	0	0	0	"model270"
0	0	1	0	0	0	"model271"
0.0310077519379845	0	1	0	0.0310077519379845	0	"model272"
0	0	1	0	0	0	"model273"
0	0	1	0	0	0	"model274"
0	0	1	0	0	0	"model275"
0.865891472868217	0.0155253941972091	0.974418604651163	0.0155253941972091	0.891472868217054	0	"model276"
0	0	1	0	0	0	"model277"
0	0	1	0	0	0	"model278"
0	0	1	0	0	0	"model279"
0	0	1	0	0	0	"model280"
0	0	1	0	0	0	"model281"
0	0	1	0	0	0	"model282"
0.736434108527132	0.00895116696418026	0.992248062015504	0.00895116696418026	0.744186046511628	0	"model283"
0	0	1	0	0	0	"model284"
0	0	1	0	0	0	"model285"
0.905426356589147	0.0154175027288644	0.967441860465116	0.0154175027288644	0.937984496124031	0	"model286"
0	0	1	0	0	0	"model287"
0.169767441860465	0.00245137803113827	0.99922480620155	0.00245137803113828	0.170542635658915	0	"model288"
0.506201550387597	0.00523215936209732	0.994573643410853	0.00523215936209732	0.511627906976744	0	"model289"
0	0	1	0	0	0	"model290"
0	0	1	0	0	0	"model291"
0.827131782945736	0.00638195815774082	0.989922480620155	0.00638195815774082	0.837209302325581	0	"model292"
0	0	1	0	0	0	"model293"
0.851162790697674	0.00800616712394297	0.990697674418605	0.00800616712394299	0.86046511627907	0	"model294"
0	0	1	0	0	0	"model295"
0	0	1	0	0	0	"model296"
0	0	1	0	0	0	"model297"
0	0	1	0	0	0	"model298"
0	0	1	0	0	0	"model299"
0	0	1	0	0	0	"model300"
0	0	1	0	0	0	"model301"
0.906976744186047	0.0236825617310379	0.922480620155039	0.0236825617310379	0.984496124031008	0	"model302"
0	0	1	0	0	0	"model303"
0.871317829457364	0.0190584898341972	0.972093023255814	0.0190584898341972	0.89922480620155	0	"model304"
0	0	1	0	0	0	"model305"
0	0	1	0	0	0	"model306"
0.87906976744186	0.007489083589762	0.987596899224806	0.007489083589762	0.891472868217054	0	"model307"
0	0	1	0	0	0	"model308"
0	0	1	0	0	0	"model309"
0	0	1	0	0	0	"model310"
0	0	1	0	0	0	"model311"
0	0	1	0	0	0	"model312"
0.901550387596899	0.0150892003314278	0.971317829457364	0.0150892003314278	0.930232558139535	0	"model313"
0	0	1	0	0	0	"model314"
0	0	1	0	0	0	"model315"
0	0	1	0	0	0	"model316"
0.906976744186047	0.0236825617310379	0.937984496124031	0.0236825617310379	0.968992248062015	0	"model317"
0.88062015503876	0.0303988447955612	0.88062015503876	0.0303988447955612	1	0	"model318"
0	0	1	0	0	0	"model319"
0	0	1	0	0	0	"model320"
0	0	1	0	0	0	"model321"
0.130232558139535	0.00326850404151771	0.998449612403101	0.00326850404151771	0.131782945736434	0	"model322"
0.893798449612403	0.0136975279387065	0.97906976744186	0.0136975279387065	0.914728682170543	0	"model323"
0	0	1	0	0	0	"model324"
0.91937984496124	0.0151554297660105	0.965891472868217	0.0151554297660105	0.953488372093023	0	"model325"
0	0	1	0	0	0	"model326"
0	0	1	0	0	0	"model327"
0	0	1	0	0	0	"model328"
0.407751937984496	0.0040030835619715	0.996899224806202	0.0040030835619715	0.410852713178295	0	"model329"
0	0	1	0	0	0	"model330"
0.889922480620155	0.0108404015314745	0.982945736434109	0.0108404015314744	0.906976744186046	0	"model331"
0.830232558139535	0.0106226381349325	0.985271317829457	0.0106226381349326	0.844961240310077	0	"model332"
0	0	1	0	0	0	"model333"
0	0	1	0	0	0	"model334"
0	0	1	0	0	0	"model335"
0	0	1	0	0	0	"model336"
0	0	1	0	0	0	"model337"
0	0	1	0	0	0	"model338"
0	0	1	0	0	0	"model339"
0	0	1	0	0	0	"model340"
0.0155038759689922	0	1	0	0.0155038759689922	0	"model341"
0	0	1	0	0	0	"model342"
0	0	1	0	0	0	"model343"
0	0	1	0	0	0	"model344"
0	0	1	0	0	0	"model345"
0	0	1	0	0	0	"model346"
0	0	1	0	0	0	"model347"
0.886821705426357	0.0190584898341972	0.902325581395349	0.0190584898341972	0.984496124031008	0	"model348"
0.787596899224806	0.00909913016106407	0.989147286821705	0.0090991301610641	0.798449612403101	0	"model349"
0	0	1	0	0	0	"model350"
0.876744186046512	0.0148213234105426	0.969767441860465	0.0148213234105426	0.906976744186046	0	"model351"
0	0	1	0	0	0	"model352"
0.0155038759689922	0	1	0	0.0155038759689922	0	"model353"
0	0	1	0	0	0	"model354"
0	0	1	0	0	0	"model355"
0	0	1	0	0	0	"model356"
0	0	1	0	0	0	"model357"
0	0	1	0	0	0	"model358"
0.062015503875969	0	1	0	0.062015503875969	0	"model359"
0.923255813953488	0.0173145897341095	0.946511627906977	0.0173145897341095	0.976744186046512	0	"model360"
0	0	1	0	0	0	"model361"
0.908527131782946	0.0298670455334365	0.931782945736434	0.0298670455334365	0.976744186046512	0	"model362"
0.898449612403101	0.01340186302831	0.968217054263566	0.01340186302831	0.930232558139535	0	"model363"
0	0	1	0	0	0	"model364"
0	0	1	0	0	0	"model365"
0	0	1	0	0	0	"model366"
0	0	1	0	0	0	"model367"
0.346511627906977	0.003744541794881	0.997674418604651	0.003744541794881	0.348837209302326	0	"model368"
0	0	1	0	0	0	"model369"
0	0	1	0	0	0	"model370"
0	0	1	0	0	0	"model371"
0	0	1	0	0	0	"model372"
0.531007751937985	0.00408563005189708	0.996124031007752	0.00408563005189714	0.534883720930233	0	"model373"
0.88062015503876	0.0127639163154816	0.973643410852713	0.0127639163154816	0.906976744186046	0	"model374"
0	0	1	0	0	0	"model375"
0	0	1	0	0	0	"model376"
0.324806201550388	0.00245137803113828	0.99922480620155	0.00245137803113828	0.325581395348837	0	"model377"
0	0	1	0	0	0	"model378"
0	0	1	0	0	0	"model379"
0.062015503875969	0	1	0	0.062015503875969	0	"model380"
0.123255813953488	0.00245137803113828	0.99922480620155	0.00245137803113828	0.124031007751938	0	"model381"
0	0	1	0	0	0	"model382"
0	0	1	0	0	0	"model383"
0	0	1	0	0	0	"model384"
0	0	1	0	0	0	"model385"
0	0	1	0	0	0	"model386"
0.827131782945736	0.0479326424145552	0.827131782945736	0.0479326424145552	1	0	"model387"
0.869767441860465	0.00800616712394299	0.986046511627907	0.00800616712394299	0.883720930232558	0	"model388"
0	0	1	0	0	0	"model389"
0	0	1	0	0	0	"model390"
0	0	1	0	0	0	"model391"
0.86046511627907	0.0213080394088768	0.86046511627907	0.0213080394088768	1	0	"model392"
0	0	1	0	0	0	"model393"
0.0232558139534884	0	1	0	0.0232558139534884	0	"model394"
0.0155038759689922	0	1	0	0.0155038759689922	0	"model395"
0	0	1	0	0	0	"model396"
0	0	1	0	0	0	"model397"
0.841085271317829	0.0111141153320964	0.988372093023256	0.0111141153320964	0.852713178294574	0	"model398"
0	0	1	0	0	0	"model399"
0.914728682170543	0.0163425202075885	0.930232558139535	0.0163425202075886	0.984496124031008	0	"model400"
0	0	1	0	0	0	"model401"
0.903100775193798	0.00983950013677504	0.957364341085271	0.00983950013677505	0.945736434108527	0	"model402"
0	0	1	0	0	0	"model403"
0	0	1	0	0	0	"model404"
0.886821705426357	0.0358419449806712	0.886821705426357	0.0358419449806712	1	0	"model405"
0	0	1	0	0	0	"model406"
0.413178294573643	0.00523215936209732	0.994573643410853	0.00523215936209732	0.418604651162791	0	"model407"
0	0	1	0	0	0	"model408"
0	0	1	0	0	0	"model409"
0	0	1	0	0	0	"model410"
0.162015503875969	0.00245137803113828	0.99922480620155	0.00245137803113828	0.162790697674419	0	"model411"
0	0	1	0	0	0	"model412"
0	0	1	0	0	0	"model413"
0	0	1	0	0	0	"model414"
0	0	1	0	0	0	"model415"
0	0	1	0	0	0	"model416"
0	0	1	0	0	0	"model417"
0	0	1	0	0	0	"model418"
0	0	1	0	0	0	"model419"
0	0	1	0	0	0	"model420"
0	0	1	0	0	0	"model421"
0	0	1	0	0	0	"model422"
0	0	1	0	0	0	"model423"
0.903875968992248	0.019746742299269	0.903875968992248	0.019746742299269	1	0	"model424"
0	0	1	0	0	0	"model425"
0	0	1	0	0	0	"model426"
0	0	1	0	0	0	"model427"
0.776744186046512	0.00800616712394295	0.993798449612403	0.00800616712394299	0.782945736434108	0	"model428"
0.901550387596899	0.0250659313959231	0.917054263565891	0.025065931395923	0.984496124031008	0	"model429"
0	0	1	0	0	0	"model430"
0	0	1	0	0	0	"model431"
0.824806201550388	0.0090991301610641	0.987596899224806	0.0090991301610641	0.837209302325581	0	"model432"
0	0	1	0	0	0	"model433"
0.858914728682171	0.0166661658879557	0.982945736434109	0.0166661658879557	0.875968992248062	0	"model434"
0	0	1	0	0	0	"model435"
0	0	1	0	0	0	"model436"
0	0	1	0	0	0	"model437"
0	0	1	0	0	0	"model438"
0	0	1	0	0	0	"model439"
0	0	1	0	0	0	"model440"
0	0	1	0	0	0	"model441"
0	0	1	0	0	0	"model442"
0.0387596899224806	0	1	0	0.0387596899224806	0	"model443"
0.917829457364341	0.0194056675509236	0.941085271317829	0.0194056675509236	0.976744186046512	0	"model444"
0	0	1	0	0	0	"model445"
0.882945736434109	0.0128940309559428	0.975968992248062	0.0128940309559428	0.906976744186046	0	"model446"
0	0	1	0	0	0	"model447"
0.385271317829457	0.003744541794881	0.997674418604651	0.003744541794881	0.387596899224806	0	"model448"
0.358914728682171	0.0063819581577408	0.994573643410853	0.00638195815774082	0.364341085271318	0	"model449"
0.874418604651163	0.00800616712394299	0.975193798449612	0.00800616712394299	0.89922480620155	0	"model450"
0	0	1	0	0	0	"model451"
0.617829457364341	0.0089883861141737	0.989922480620155	0.0089883861141737	0.627906976744186	0	"model452"
0	0	1	0	0	0	"model453"
0	0	1	0	0	0	"model454"
0	0	1	0	0	0	"model455"
0	0	1	0	0	0	"model456"
0	0	1	0	0	0	"model457"
0	0	1	0	0	0	"model458"
0	0	1	0	0	0	"model459"
0	0	1	0	0	0	"model460"
0.92015503875969	0.0186512479923706	0.951162790697674	0.0186512479923706	0.968992248062015	0	"model461"
0	0	1	0	0	0	"model462"
0	0	1	0	0	0	"model463"
0	0	1	0	0	0	"model464"
0	0	1	0	0	0	"model465"
0	0	1	0	0	0	"model466"
0	0	1	0	0	0	"model467"
0.462015503875969	0.00748908358976198	0.996899224806202	0.007489083589762	0.465116279069767	0	"model468"
0	0	1	0	0	0	"model469"
0	0	1	0	0	0	"model470"
0.0155038759689922	0	1	0	0.0155038759689922	0	"model471"
0	0	1	0	0	0	"model472"
0.876744186046512	0.0128940309559428	0.977519379844961	0.0128940309559428	0.89922480620155	0	"model473"
0	0	1	0	0	0	"model474"
0	0	1	0	0	0	"model475"
0	0	1	0	0	0	"model476"
0	0	1	0	0	0	"model477"
0	0	1	0	0	0	"model478"
0	0	1	0	0	0	"model479"
0	0	1	0	0	0	"model480"
0	0	1	0	0	0	"model481"
0	0	1	0	0	0	"model482"
0	0	1	0	0	0	"model483"
0	0	1	0	0	0	"model484"
0	0	1	0	0	0	"model485"
0.861240310077519	0.0138911421764502	0.985271317829457	0.0138911421764502	0.875968992248062	0	"model486"
0.872093023255814	0.0133018477273734	0.98062015503876	0.0133018477273734	0.891472868217054	0	"model487"
0	0	1	0	0	0	"model488"
0	0	1	0	0	0	"model489"
0	0	1	0	0	0	"model490"
0.91937984496124	0.025891421291732	0.934883720930233	0.025891421291732	0.984496124031008	0	"model491"
0.214728682170543	0.00523215936209731	0.997674418604651	0.00523215936209732	0.217054263565891	0	"model492"
0	0	1	0	0	0	"model493"
0.609302325581395	0.00833308294397784	0.989147286821705	0.00833308294397784	0.62015503875969	0	"model494"
0	0	1	0	0	0	"model495"
0	0	1	0	0	0	"model496"
0	0	1	0	0	0	"model497"
0	0	1	0	0	0	"model498"
0.328682170542636	0.0054202007657372	0.995348837209302	0.00542020076573723	0.333333333333333	0	"model499"
0	0	1	0	0	0	"model500"
0.323255813953488	0.003744541794881	0.997674418604651	0.003744541794881	0.325581395348837	0	"model501"
0	0	1	0	0	0	"model502"
0.0155038759689922	0	1	0	0.0155038759689922	0	"model503"
0	0	1	0	0	0	"model504"
0	0	1	0	0	0	"model505"
0.0155038759689922	0	1	0	0.0155038759689922	0	"model506"
0	0	1	0	0	0	"model507"
0	0	1	0	0	0	"model508"
0.904651162790698	0.014640015994021	0.927906976744186	0.014640015994021	0.976744186046512	0	"model509"
0.883720930232558	0.015067059159807	0.976744186046512	0.015067059159807	0.906976744186046	0	"model510"
0	0	1	0	0	0	"model511"
0	0	1	0	0	0	"model512"
0.862015503875969	0.00800616712394299	0.986046511627907	0.00800616712394299	0.875968992248062	0	"model513"
0.924031007751938	0.0158446612059493	0.962790697674419	0.0158446612059492	0.961240310077519	0	"model514"
0	0	1	0	0	0	"model515"
0	0	1	0	0	0	"model516"
0	0	1	0	0	0	"model517"
0.10077519379845	0	1	0	0.10077519379845	0	"model518"
0.0852713178294574	0	1	0	0.0852713178294574	0	"model519"
0	0	1	0	0	0	"model520"
0.106976744186047	0.0032685040415177	0.998449612403101	0.00326850404151771	0.108527131782946	0	"model521"
0.767441860465116	0.0109628958323496	0.984496124031008	0.0109628958323496	0.782945736434108	0	"model522"
0	0	1	0	0	0	"model523"
0.506201550387597	0.00735413409341485	0.994573643410853	0.00735413409341485	0.511627906976744	0	"model524"
0	0	1	0	0	0	"model525"
0.161240310077519	0.00326850404151771	0.998449612403101	0.00326850404151771	0.162790697674419	0	"model526"
0	0	1	0	0	0	"model527"
0	0	1	0	0	0	"model528"
0	0	1	0	0	0	"model529"
0	0	1	0	0	0	"model530"
0	0	1	0	0	0	"model531"
0	0	1	0	0	0	"model532"
0	0	1	0	0	0	"model533"
0	0	1	0	0	0	"model534"
0	0	1	0	0	0	"model535"
0.917054263565891	0.0190058661999311	0.955813953488372	0.0190058661999311	0.961240310077519	0	"model536"
0	0	1	0	0	0	"model537"
0.770542635658915	0.0110840364803758	0.987596899224806	0.0110840364803758	0.782945736434108	0	"model538"
0	0	1	0	0	0	"model539"
0	0	1	0	0	0	"model540"
0	0	1	0	0	0	"model541"
0	0	1	0	0	0	"model542"
0	0	1	0	0	0	"model543"
0.816279069767442	0.00821201477109599	0.986821705426357	0.00821201477109599	0.829457364341085	0	"model544"
0	0	1	0	0	0	"model545"
0	0	1	0	0	0	"model546"
0.0852713178294574	0	1	0	0.0852713178294574	0	"model547"
0	0	1	0	0	0	"model548"
0.00775193798449612	0	1	0	0.00775193798449612	0	"model549"
0	0	1	0	0	0	"model550"
0	0	1	0	0	0	"model551"
0	0	1	0	0	0	"model552"
0	0	1	0	0	0	"model553"
0	0	1	0	0	0	"model554"
0	0	1	0	0	0	"model555"
0	0	1	0	0	0	"model556"
0.351162790697674	0.00638195815774082	0.994573643410853	0.00638195815774082	0.356589147286822	0	"model557"
0	0	1	0	0	0	"model558"
0.867441860465116	0.0191458744732224	0.968217054263566	0.0191458744732224	0.89922480620155	0	"model559"
0	0	1	0	0	0	"model560"
0.913953488372093	0.0235269863361034	0.913953488372093	0.0235269863361034	1	0	"model561"
0.897674418604651	0.0102059005985175	0.951937984496124	0.0102059005985176	0.945736434108527	0	"model562"
0	0	1	0	0	0	"model563"
0.907751937984496	0.0106226381349325	0.969767441860465	0.0106226381349325	0.937984496124031	0	"model564"
0.290697674418605	0.0054814479161748	0.996124031007752	0.0054814479161748	0.294573643410853	0	"model565"
0	0	1	0	0	0	"model566"
0	0	1	0	0	0	"model567"
0	0	1	0	0	0	"model568"
0.903875968992248	0.0219866122854601	0.965891472868217	0.0219866122854601	0.937984496124031	0	"model569"
0.833333333333333	0.033740477667185	0.833333333333333	0.033740477667185	1	0	"model570"
0	0	1	0	0	0	"model571"
0.837209302325581	0.00895116696418021	0.984496124031008	0.00895116696418026	0.852713178294574	0	"model572"
0	0	1	0	0	0	"model573"
0	0	1	0	0	0	"model574"
0	0	1	0	0	0	"model575"
0.858914728682171	0.0336513087257875	0.858914728682171	0.0336513087257875	1	0	"model576"
0	0	1	0	0	0	"model577"
0.00775193798449612	0	1	0	0.00775193798449612	0	"model578"
0.913953488372093	0.0229523700167467	0.937209302325581	0.0229523700167467	0.976744186046512	0	"model579"
0	0	1	0	0	0	"model580"
0	0	1	0	0	0	"model581"
0	0	1	0	0	0	"model582"
0	0	1	0	0	0	"model583"
0.406201550387597	0.00542020076573723	0.995348837209302	0.00542020076573723	0.410852713178295	0	"model584"
0	0	1	0	0	0	"model585"
0	0	1	0	0	0	"model586"
0	0	1	0	0	0	"model587"
0	0	1	0	0	0	"model588"
0.201550387596899	0	1	0	0.201550387596899	0	"model589"
0.0155038759689922	0	1	0	0.0155038759689922	0	"model590"
0	0	1	0	0	0	"model591"
0	0	1	0	0	0	"model592"
0	0	1	0	0	0	"model593"
0.917829457364341	0.00980551212455311	0.956589147286822	0.0098055121245531	0.961240310077519	0	"model594"
0.851937984496124	0.00770875136443221	0.991472868217054	0.00770875136443221	0.86046511627907	0	"model595"
0	0	1	0	0	0	"model596"
0.901550387596899	0.0193539879184227	0.901550387596899	0.0193539879184227	1	0	"model597"
0	0	1	0	0	0	"model598"
0.752713178294574	0.011233625384643	0.985271317829457	0.011233625384643	0.767441860465116	0	"model599"
0.781395348837209	0.0342413824774728	0.781395348837209	0.0342413824774728	1	0	"model600"
0	0	1	0	0	0	"model601"
0	0	1	0	0	0	"model602"
0	0	1	0	0	0	"model603"
0	0	1	0	0	0	"model604"
0	0	1	0	0	0	"model605"
0	0	1	0	0	0	"model606"
0	0	1	0	0	0	"model607"
0	0	1	0	0	0	"model608"
0.925581395348837	0.0132767261794989	0.964341085271318	0.0132767261794988	0.961240310077519	0	"model609"
0	0	1	0	0	0	"model610"
0	0	1	0	0	0	"model611"
0	0	1	0	0	0	"model612"
0.64031007751938	0.00653700808303542	0.989147286821705	0.00653700808303542	0.651162790697674	0	"model613"
0	0	1	0	0	0	"model614"
0	0	1	0	0	0	"model615"
0	0	1	0	0	0	"model616"
0	0	1	0	0	0	"model617"
0	0	1	0	0	0	"model618"
0	0	1	0	0	0	"model619"
0	0	1	0	0	0	"model620"
0	0	1	0	0	0	"model621"
0	0	1	0	0	0	"model622"
0.669767441860465	0.00542020076573723	0.995348837209302	0.00542020076573723	0.674418604651163	0	"model623"
0	0	1	0	0	0	"model624"
0.876744186046512	0.0118130536957752	0.985271317829457	0.0118130536957752	0.891472868217054	0	"model625"
0	0	1	0	0	0	"model626"
0	0	1	0	0	0	"model627"
0	0	1	0	0	0	"model628"
0.428682170542636	0.0063819581577408	0.994573643410853	0.00638195815774082	0.434108527131783	0	"model629"
0	0	1	0	0	0	"model630"
0	0	1	0	0	0	"model631"
0	0	1	0	0	0	"model632"
0	0	1	0	0	0	"model633"
0	0	1	0	0	0	"model634"
0	0	1	0	0	0	"model635"
0	0	1	0	0	0	"model636"
0	0	1	0	0	0	"model637"
0	0	1	0	0	0	"model638"
0.8	0.00952924491709861	0.986046511627907	0.00952924491709861	0.813953488372093	0	"model639"
0	0	1	0	0	0	"model640"
0.870542635658915	0.00638195815774082	0.986821705426357	0.00638195815774082	0.883720930232558	0	"model641"
0.293023255813953	0.00326850404151771	0.998449612403101	0.00326850404151771	0.294573643410853	0	"model642"
0	0	1	0	0	0	"model643"
0.5	0.0054814479161748	0.996124031007752	0.0054814479161748	0.503875968992248	0	"model644"
0	0	1	0	0	0	"model645"
0.868217054263566	0.0109628958323496	0.968992248062015	0.0109628958323496	0.89922480620155	0	"model646"
0.0232558139534884	0	1	0	0.0232558139534884	0	"model647"
0.914728682170543	0.020671834625323	0.953488372093023	0.020671834625323	0.961240310077519	0	"model648"
0.154263565891473	0.00245137803113827	0.99922480620155	0.00245137803113828	0.155038759689922	0	"model649"
0.786821705426357	0.0065878805085178	0.988372093023256	0.00658788050851782	0.798449612403101	0	"model650"
0	0	1	0	0	0	"model651"
0	0	1	0	0	0	"model652"
0	0	1	0	0	0	"model653"
0	0	1	0	0	0	"model654"
0	0	1	0	0	0	"model655"
0	0	1	0	0	0	"model656"
0.893798449612403	0.0193539879184227	0.893798449612403	0.0193539879184227	1	0	"model657"
0	0	1	0	0	0	"model658"
0	0	1	0	0	0	"model659"
0	0	1	0	0	0	"model660"
0	0	1	0	0	0	"model661"
0	0	1	0	0	0	"model662"
0	0	1	0	0	0	"model663"
0	0	1	0	0	0	"model664"
0	0	1	0	0	0	"model665"
0.0387596899224806	0	1	0	0.0387596899224806	0	"model666"
0	0	1	0	0	0	"model667"
0.802325581395349	0.00408563005189714	0.996124031007752	0.00408563005189714	0.806201550387597	0	"model668"
0	0	1	0	0	0	"model669"
0	0	1	0	0	0	"model670"
0	0	1	0	0	0	"model671"
0	0	1	0	0	0	"model672"
0	0	1	0	0	0	"model673"
0.905426356589147	0.0260456913040913	0.905426356589147	0.0260456913040913	1	0	"model674"
0	0	1	0	0	0	"model675"
0	0	1	0	0	0	"model676"
0.884496124031008	0.0208166760321683	0.884496124031008	0.0208166760321683	1	0	"model677"
0	0	1	0	0	0	"model678"
0.0155038759689922	0	1	0	0.0155038759689922	0	"model679"
0	0	1	0	0	0	"model680"
0	0	1	0	0	0	"model681"
0	0	1	0	0	0	"model682"
0.0465116279069767	0	1	0	0.0465116279069767	0	"model683"
0.892248062015504	0.0173145897341095	0.962015503875969	0.0173145897341095	0.930232558139535	0	"model684"
0	0	1	0	0	0	"model685"
0	0	1	0	0	0	"model686"
0.92093023255814	0.0233417876809017	0.928682170542636	0.0233417876809017	0.992248062015504	0	"model687"
0	0	1	0	0	0	"model688"
0	0	1	0	0	0	"model689"
0	0	1	0	0	0	"model690"
0	0	1	0	0	0	"model691"
0	0	1	0	0	0	"model692"
0.795348837209302	0.00542020076573723	0.989147286821705	0.00542020076573723	0.806201550387597	0	"model693"
0	0	1	0	0	0	"model694"
0.817054263565892	0.00833308294397784	0.987596899224806	0.00833308294397784	0.829457364341085	0	"model695"
0	0	1	0	0	0	"model696"
0	0	1	0	0	0	"model697"
0	0	1	0	0	0	"model698"
0	0	1	0	0	0	"model699"
0.913178294573643	0.0135751168336575	0.951937984496124	0.0135751168336576	0.961240310077519	0	"model700"
0	0	1	0	0	0	"model701"
0.108527131782946	0	1	0	0.108527131782946	0	"model702"
0	0	1	0	0	0	"model703"
0	0	1	0	0	0	"model704"
0	0	1	0	0	0	"model705"
0	0	1	0	0	0	"model706"
0	0	1	0	0	0	"model707"
0	0	1	0	0	0	"model708"
0	0	1	0	0	0	"model709"
0	0	1	0	0	0	"model710"
0	0	1	0	0	0	"model711"
0	0	1	0	0	0	"model712"
0.865116279069767	0.0147082681868297	0.981395348837209	0.0147082681868297	0.883720930232558	0	"model713"
0.912403100775194	0.0136975279387065	0.935658914728682	0.0136975279387066	0.976744186046512	0	"model714"
0.238759689922481	0.00326850404151771	0.998449612403101	0.00326850404151771	0.24031007751938	0	"model715"
0	0	1	0	0	0	"model716"
0	0	1	0	0	0	"model717"
0.923255813953488	0.011233625384643	0.946511627906977	0.011233625384643	0.976744186046512	0	"model718"
0	0	1	0	0	0	"model719"
0	0	1	0	0	0	"model720"
0.65968992248062	0.0329799184281902	0.65968992248062	0.0329799184281902	1	0	"model721"
0.875968992248062	0.0278303090807985	0.875968992248062	0.0278303090807985	1	0	"model722"
0	0	1	0	0	0	"model723"
0.224031007751938	0.00245137803113828	0.99922480620155	0.00245137803113828	0.224806201550388	0	"model724"
0.878294573643411	0.0136975279387066	0.97906976744186	0.0136975279387065	0.89922480620155	0	"model725"
0.903875968992248	0.0122296222906452	0.973643410852713	0.0122296222906452	0.930232558139535	0	"model726"
0	0	1	0	0	0	"model727"
0	0	1	0	0	0	"model728"
0	0	1	0	0	0	"model729"
0	0	1	0	0	0	"model730"
0	0	1	0	0	0	"model731"
0	0	1	0	0	0	"model732"
0	0	1	0	0	0	"model733"
0	0	1	0	0	0	"model734"
0	0	1	0	0	0	"model735"
0.913178294573643	0.0125529279601975	0.951937984496124	0.0125529279601975	0.961240310077519	0	"model736"
0.0310077519379845	0	1	0	0.0310077519379845	0	"model737"
0	0	1	0	0	0	"model738"
0.910852713178295	0.0127900451377411	0.965116279069767	0.0127900451377411	0.945736434108527	0	"model739"
0	0	1	0	0	0	"model740"
0	0	1	0	0	0	"model741"
0	0	1	0	0	0	"model742"
0.286821705426357	0	1	0	0.286821705426357	0	"model743"
0	0	1	0	0	0	"model744"
0	0	1	0	0	0	"model745"
0	0	1	0	0	0	"model746"
0	0	1	0	0	0	"model747"
0	0	1	0	0	0	"model748"
0.863565891472868	0.00980551212455313	0.987596899224806	0.00980551212455313	0.875968992248062	0	"model749"
0.8	0.00712353940676499	0.993798449612403	0.00712353940676499	0.806201550387597	0	"model750"
0	0	1	0	0	0	"model751"
0	0	1	0	0	0	"model752"
0	0	1	0	0	0	"model753"
0	0	1	0	0	0	"model754"
0	0	1	0	0	0	"model755"
0	0	1	0	0	0	"model756"
0	0	1	0	0	0	"model757"
0	0	1	0	0	0	"model758"
0	0	1	0	0	0	"model759"
0	0	1	0	0	0	"model760"
0	0	1	0	0	0	"model761"
0.178294573643411	0	1	0	0.178294573643411	0	"model762"
0.912403100775194	0.0175444394798635	0.927906976744186	0.0175444394798636	0.984496124031008	0	"model763"
0	0	1	0	0	0	"model764"
0	0	1	0	0	0	"model765"
0	0	1	0	0	0	"model766"
0	0	1	0	0	0	"model767"
0.362790697674419	0.00326850404151769	0.998449612403101	0.00326850404151771	0.364341085271318	0	"model768"
0.866666666666667	0.0239070460076907	0.866666666666667	0.0239070460076907	1	0	"model769"
0	0	1	0	0	0	"model770"
0.813953488372093	0.0405281321482122	0.813953488372093	0.0405281321482122	1	0	"model771"
0	0	1	0	0	0	"model772"
0.92093023255814	0.0125529279601976	0.951937984496124	0.0125529279601975	0.968992248062015	0	"model773"
0	0	1	0	0	0	"model774"
0	0	1	0	0	0	"model775"
0	0	1	0	0	0	"model776"
0	0	1	0	0	0	"model777"
0.903100775193798	0.0223031996145117	0.903100775193798	0.0223031996145117	1	0	"model778"
0	0	1	0	0	0	"model779"
0.908527131782946	0.0149781671795239	0.947286821705426	0.014978167179524	0.961240310077519	0	"model780"
0	0	1	0	0	0	"model781"
0.883720930232558	0.00966836534050116	0.984496124031008	0.00966836534050116	0.89922480620155	0	"model782"
0.49922480620155	0.00653700808303542	0.995348837209302	0.00653700808303542	0.503875968992248	0	"model783"
0	0	1	0	0	0	"model784"
0.803100775193798	0.0312650820925151	0.803100775193798	0.0312650820925151	1	0	"model785"
0.865891472868217	0.0103681667430175	0.982170542635659	0.0103681667430175	0.883720930232558	0	"model786"
0.848062015503876	0.0365795108406954	0.848062015503876	0.0365795108406954	1	0	"model787"
0	0	1	0	0	0	"model788"
0	0	1	0	0	0	"model789"
0	0	1	0	0	0	"model790"
0.32093023255814	0.00542020076573723	0.995348837209302	0.00542020076573723	0.325581395348837	0	"model791"
0	0	1	0	0	0	"model792"
0	0	1	0	0	0	"model793"
0.0155038759689922	0	1	0	0.0155038759689922	0	"model794"
0.852713178294574	0.015067059159807	0.976744186046512	0.015067059159807	0.875968992248062	0	"model795"
0	0	1	0	0	0	"model796"
0	0	1	0	0	0	"model797"
0	0	1	0	0	0	"model798"
0.24031007751938	0	1	0	0.24031007751938	0	"model799"
0.913953488372093	0.0204934160815487	0.968217054263566	0.0204934160815487	0.945736434108527	0	"model800"
0	0	1	0	0	0	"model801"
0.773643410852713	0.00800616712394295	0.990697674418605	0.00800616712394299	0.782945736434108	0	"model802"
0.92093023255814	0.0221680729607517	0.951937984496124	0.0221680729607516	0.968992248062015	0	"model803"
0	0	1	0	0	0	"model804"
0	0	1	0	0	0	"model805"
0	0	1	0	0	0	"model806"
0.301550387596899	0.00245137803113827	0.99922480620155	0.00245137803113828	0.302325581395349	0	"model807"
0.0155038759689922	0	1	0	0.0155038759689922	0	"model808"
0.806201550387597	0.0109628958323496	0.984496124031008	0.0109628958323496	0.821705426356589	0	"model809"
0.809302325581395	0.007489083589762	0.987596899224806	0.007489083589762	0.821705426356589	0	"model810"
0	0	1	0	0	0	"model811"
0	0	1	0	0	0	"model812"
0	0	1	0	0	0	"model813"
0	0	1	0	0	0	"model814"
0	0	1	0	0	0	"model815"
0	0	1	0	0	0	"model816"
0	0	1	0	0	0	"model817"
0	0	1	0	0	0	"model818"
0	0	1	0	0	0	"model819"
0	0	1	0	0	0	"model820"
0	0	1	0	0	0	"model821"
0.0155038759689922	0	1	0	0.0155038759689922	0	"model822"
0	0	1	0	0	0	"model823"
0.437209302325581	0.00542020076573723	0.995348837209302	0.00542020076573723	0.441860465116279	0	"model824"
0	0	1	0	0	0	"model825"
0	0	1	0	0	0	"model826"
0	0	1	0	0	0	"model827"
0	0	1	0	0	0	"model828"
0	0	1	0	0	0	"model829"
0	0	1	0	0	0	"model830"
0	0	1	0	0	0	"model831"
0	0	1	0	0	0	"model832"
0	0	1	0	0	0	"model833"
0	0	1	0	0	0	"model834"
0	0	1	0	0	0	"model835"
0	0	1	0	0	0	"model836"
0	0	1	0	0	0	"model837"
0.915503875968992	0.0176960141274046	0.954263565891473	0.0176960141274046	0.961240310077519	0	"model838"
0	0	1	0	0	0	"model839"
0	0	1	0	0	0	"model840"
0	0	1	0	0	0	"model841"
0	0	1	0	0	0	"model842"
0	0	1	0	0	0	"model843"
0	0	1	0	0	0	"model844"
0	0	1	0	0	0	"model845"
0	0	1	0	0	0	"model846"
0.423255813953488	0.00400308356197147	0.996899224806202	0.0040030835619715	0.426356589147287	0	"model847"
0	0	1	0	0	0	"model848"
0	0	1	0	0	0	"model849"
0	0	1	0	0	0	"model850"
0	0	1	0	0	0	"model851"
0	0	1	0	0	0	"model852"
0	0	1	0	0	0	"model853"
0	0	1	0	0	0	"model854"
0	0	1	0	0	0	"model855"
0.796124031007752	0.0089883861141737	0.989922480620155	0.0089883861141737	0.806201550387597	0	"model856"
0.613178294573643	0.00853104600476445	0.993023255813953	0.00853104600476445	0.62015503875969	0	"model857"
0	0	1	0	0	0	"model858"
0	0	1	0	0	0	"model859"
0	0	1	0	0	0	"model860"
0	0	1	0	0	0	"model861"
0	0	1	0	0	0	"model862"
0	0	1	0	0	0	"model863"
0.00775193798449612	0	1	0	0.00775193798449612	0	"model864"
0	0	1	0	0	0	"model865"
0	0	1	0	0	0	"model866"
0.0387596899224806	0	1	0	0.0387596899224806	0	"model867"
0	0	1	0	0	0	"model868"
0.678294573643411	0.0054814479161748	0.996124031007752	0.0054814479161748	0.682170542635659	0	"model869"
0.810077519379845	0.00913574652695799	0.988372093023256	0.00913574652695799	0.821705426356589	0	"model870"
0	0	1	0	0	0	"model871"
0	0	1	0	0	0	"model872"
0	0	1	0	0	0	"model873"
0.891472868217054	0.0182714930539159	0.945736434108527	0.0182714930539159	0.945736434108527	0	"model874"
0	0	1	0	0	0	"model875"
0.917829457364341	0.0147082681868297	0.956589147286822	0.0147082681868296	0.961240310077519	0	"model876"
0	0	1	0	0	0	"model877"
0.895348837209302	0.0269155899948316	0.895348837209302	0.0269155899948316	1	0	"model878"
0	0	1	0	0	0	"model879"
0.915503875968992	0.0173145897341095	0.954263565891473	0.0173145897341095	0.961240310077519	0	"model880"
0	0	1	0	0	0	"model881"
0	0	1	0	0	0	"model882"
0.131007751937985	0.00245137803113828	0.99922480620155	0.00245137803113828	0.131782945736434	0	"model883"
0	0	1	0	0	0	"model884"
0.782170542635659	0.0284120248215059	0.782170542635659	0.0284120248215059	1	0	"model885"
0	0	1	0	0	0	"model886"
0	0	1	0	0	0	"model887"
0.904651162790698	0.00735413409341479	0.974418604651163	0.00735413409341485	0.930232558139535	0	"model888"
0	0	1	0	0	0	"model889"
0	0	1	0	0	0	"model890"
0	0	1	0	0	0	"model891"
0	0	1	0	0	0	"model892"
0	0	1	0	0	0	"model893"
0	0	1	0	0	0	"model894"
0.855813953488372	0.00980551212455311	0.987596899224806	0.00980551212455313	0.868217054263566	0	"model895"
0.492248062015504	0.0333423459962892	0.492248062015504	0.0333423459962892	1	0	"model896"
0.404651162790698	0.00611481114532261	0.993798449612403	0.00611481114532261	0.410852713178295	0	"model897"
0.907751937984496	0.0201649746926374	0.962015503875969	0.0201649746926374	0.945736434108527	0	"model898"
0	0	1	0	0	0	"model899"
0.0155038759689922	0	1	0	0.0155038759689922	0	"model900"
0.81937984496124	0.0126852069339882	0.974418604651163	0.0126852069339882	0.844961240310077	0	"model901"
0	0	1	0	0	0	"model902"
0	0	1	0	0	0	"model903"
0	0	1	0	0	0	"model904"
0.776744186046512	0.00800616712394295	0.993798449612403	0.00800616712394299	0.782945736434108	0	"model905"
0	0	1	0	0	0	"model906"
0	0	1	0	0	0	"model907"
0.115503875968992	0.00245137803113828	0.99922480620155	0.00245137803113828	0.116279069767442	0	"model908"
0.186046511627907	0	1	0	0.186046511627907	0	"model909"
0	0	1	0	0	0	"model910"
0	0	1	0	0	0	"model911"
0	0	1	0	0	0	"model912"
0	0	1	0	0	0	"model913"
0	0	1	0	0	0	"model914"
0.323255813953488	0.003744541794881	0.997674418604651	0.003744541794881	0.325581395348837	0	"model915"
0	0	1	0	0	0	"model916"
0.782170542635659	0.0407663175674633	0.782170542635659	0.0407663175674633	1	0	"model917"
0	0	1	0	0	0	"model918"
0	0	1	0	0	0	"model919"
0	0	1	0	0	0	"model920"
0.772868217054264	0.00821201477109594	0.989922480620155	0.00821201477109599	0.782945736434108	0	"model921"
0	0	1	0	0	0	"model922"
0	0	1	0	0	0	"model923"
0	0	1	0	0	0	"model924"
0	0	1	0	0	0	"model925"
0.4	0.00542020076573721	0.996899224806202	0.00542020076573723	0.403100775193798	0	"model926"
0	0	1	0	0	0	"model927"
0	0	1	0	0	0	"model928"
0.0852713178294574	0	1	0	0.0852713178294574	0	"model929"
0	0	1	0	0	0	"model930"
0	0	1	0	0	0	"model931"
0	0	1	0	0	0	"model932"
0	0	1	0	0	0	"model933"
0	0	1	0	0	0	"model934"
0	0	1	0	0	0	"model935"
0	0	1	0	0	0	"model936"
0	0	1	0	0	0	"model937"
0	0	1	0	0	0	"model938"
0	0	1	0	0	0	"model939"
0	0	1	0	0	0	"model940"
0	0	1	0	0	0	"model941"
0	0	1	0	0	0	"model942"
0	0	1	0	0	0	"model943"
0.812403100775194	0.0108404015314745	0.982945736434109	0.0108404015314744	0.829457364341085	0	"model944"
0	0	1	0	0	0	"model945"
0	0	1	0	0	0	"model946"
0.875968992248062	0.00632943085990486	0.984496124031008	0.00632943085990486	0.891472868217054	0	"model947"
0	0	1	0	0	0	"model948"
0.182945736434109	0.00400308356197148	0.996899224806202	0.0040030835619715	0.186046511627907	0	"model949"
0	0	1	0	0	0	"model950"
0	0	1	0	0	0	"model951"
0.812403100775194	0.00712353940676499	0.990697674418605	0.00712353940676499	0.821705426356589	0	"model952"
0	0	1	0	0	0	"model953"
0	0	1	0	0	0	"model954"
0	0	1	0	0	0	"model955"
0	0	1	0	0	0	"model956"
0	0	1	0	0	0	"model957"
0.904651162790698	0.0234131912973112	0.966666666666667	0.0234131912973112	0.937984496124031	0	"model958"
0	0	1	0	0	0	"model959"
0.0155038759689922	0	1	0	0.0155038759689922	0	"model960"
0	0	1	0	0	0	"model961"
0.131782945736434	0	1	0	0.131782945736434	0	"model962"
0	0	1	0	0	0	"model963"
0	0	1	0	0	0	"model964"
0	0	1	0	0	0	"model965"
0.884496124031008	0.0232414540793476	0.884496124031008	0.0232414540793476	1	0	"model966"
0	0	1	0	0	0	"model967"
0	0	1	0	0	0	"model968"
0	0	1	0	0	0	"model969"
0.216279069767442	0.00245137803113827	0.99922480620155	0.00245137803113828	0.217054263565891	0	"model970"
0	0	1	0	0	0	"model971"
0.331782945736434	0.00326850404151769	0.998449612403101	0.00326850404151771	0.333333333333333	0	"model972"
0.789922480620155	0.00440035823408952	0.991472868217054	0.00440035823408952	0.798449612403101	0	"model973"
0	0	1	0	0	0	"model974"
0	0	1	0	0	0	"model975"
0.88062015503876	0.0040030835619715	0.981395348837209	0.0040030835619715	0.89922480620155	0	"model976"
0	0	1	0	0	0	"model977"
0	0	1	0	0	0	"model978"
0.848837209302326	0.00837304999794295	0.988372093023256	0.00837304999794299	0.86046511627907	0	"model979"
0	0	1	0	0	0	"model980"
0	0	1	0	0	0	"model981"
0	0	1	0	0	0	"model982"
0	0	1	0	0	0	"model983"
0	0	1	0	0	0	"model984"
0	0	1	0	0	0	"model985"
0.906976744186046	0.0200154178098574	0.906976744186046	0.0200154178098574	1	0	"model986"
0	0	1	0	0	0	"model987"
0	0	1	0	0	0	"model988"
0	0	1	0	0	0	"model989"
0	0	1	0	0	0	"model990"
0.773643410852713	0.00952924491709856	0.990697674418605	0.00952924491709861	0.782945736434108	0	"model991"
0.913178294573643	0.0170620920095289	0.913178294573643	0.0170620920095289	1	0	"model992"
0.918604651162791	0.01517744202128	0.934108527131783	0.01517744202128	0.984496124031008	0	"model993"
0	0	1	0	0	0	"model994"
0.10077519379845	0	1	0	0.10077519379845	0	"model995"
0.216279069767442	0.00245137803113827	0.99922480620155	0.00245137803113828	0.217054263565891	0	"model996"
0.893798449612403	0.0159496634232671	0.971317829457364	0.0159496634232671	0.922480620155039	0	"model997"
0	0	1	0	0	0	"model998"
0	0	1	0	0	0	"model999"
0.881395348837209	0.0231262540932966	0.881395348837209	0.0231262540932966	1	0	"model1000"
