"TSS.MN"	"TSS.sd"	"speci.MN"	"speci.sd"	"sensi.MN"	"sensi.sd"	"model"
0.20749063670412	0.00868540680695435	0.892883895131086	0.00868540680695434	0.314606741573034	0	"model1"
0.0591760299625468	0.00451859202767886	0.988014981273408	0.00451859202767888	0.0711610486891386	0	"model2"
0.464606741573034	0.0114233915243471	0.505805243445693	0.0114233915243471	0.958801498127341	0	"model3"
0.205430711610487	0.0067836344503856	0.950749063670412	0.00678363445038561	0.254681647940075	0	"model4"
0.0563670411985019	0.00470861976670315	0.985205992509363	0.00470861976670313	0.0711610486891386	0	"model5"
0.428089887640449	0.0148033546644511	0.446816479400749	0.0148033546644511	0.9812734082397	0	"model6"
0.212359550561798	0.00991704225130362	0.897752808988764	0.00991704225130361	0.314606741573034	0	"model7"
0	0	1	0	0	0	"model8"
0.176591760299625	0.00991114685263461	0.94625468164794	0.00991114685263463	0.230337078651685	0	"model9"
0.387265917602996	0.0198340845026072	0.396629213483146	0.0198340845026072	0.99063670411985	0	"model10"
0.453932584269663	0.0152186766119059	0.60561797752809	0.0152186766119059	0.848314606741573	0	"model11"
0.158988764044944	0.00470861976670315	0.960486891385768	0.00470861976670316	0.198501872659176	0	"model12"
0.431647940074906	0.0154990125067854	0.433520599250936	0.0154990125067854	0.99812734082397	0	"model13"
0.197940074906367	0.00991114685263461	0.896441947565543	0.0099111468526346	0.301498127340824	0	"model14"
0	0	1	0	0	0	"model15"
0.156367041198502	0.0152455365066415	0.75	0.0152455365066415	0.406367041198502	0	"model16"
0.248689138576779	0.0124468849743965	0.248689138576779	0.0124468849743965	1	0	"model17"
0.252996254681648	0.0225143516539774	0.698689138576779	0.0225143516539774	0.554307116104869	0	"model18"
0.140074906367041	0.00793520528442981	0.791760299625468	0.00793520528442978	0.348314606741573	0	"model19"
0.209176029962547	0.00700962898308604	0.902059925093633	0.00700962898308606	0.307116104868914	0	"model20"
0	0	1	0	0	0	"model21"
0	0	1	0	0	0	"model22"
0	0	1	0	0	0	"model23"
0.052247191011236	0.00470861976670315	0.988576779026217	0.00470861976670316	0.0636704119850187	0	"model24"
0.409176029962547	0.0271266386861932	0.633895131086142	0.0271266386861932	0.775280898876405	0	"model25"
0.478089887640449	0.010992294907522	0.506179775280899	0.010992294907522	0.971910112359551	0	"model26"
0.14812734082397	0.0196693606561725	0.766104868913858	0.0196693606561725	0.382022471910112	0	"model27"
0.117041198501873	0.00943584048553744	0.117041198501873	0.00943584048553744	1	0	"model28"
0.208426966292135	0.0153930609839378	0.891947565543071	0.0153930609839377	0.316479400749064	0	"model29"
0.438014981273408	0.0186316779046011	0.599063670411985	0.0186316779046011	0.838951310861423	0	"model30"
0.46685393258427	0.0241283331727461	0.496816479400749	0.0241283331727461	0.970037453183521	0	"model31"
0	0	1	0	0	0	"model32"
0.198689138576779	0.0175548966100639	0.198689138576779	0.0175548966100639	1	0	"model33"
0.0792134831460674	0.00432922369148557	0.983707865168539	0.00432922369148555	0.0955056179775281	0	"model34"
0.183707865168539	0.0096884853801202	0.949625468164794	0.00968848538012022	0.234082397003745	0	"model35"
0	0	1	0	0	0	"model36"
0	0	1	0	0	0	"model37"
0.0153558052434457	0.00212601577602077	0.998501872659176	0.00212601577602078	0.0168539325842697	0	"model38"
0.124531835205993	0.00707602000546481	0.963483146067416	0.00707602000546481	0.161048689138577	0	"model39"
0.0541198501872659	0.00540229626052904	0.988576779026217	0.00540229626052902	0.0655430711610487	0	"model40"
0.0110486891385768	0.000592186827746887	0.999812734082397	0.000592186827746889	0.0112359550561798	0	"model41"
0.204868913857678	0.0137385075103494	0.879026217228464	0.0137385075103493	0.325842696629214	0	"model42"
0.0707865168539326	0.00402609625383198	0.988389513108614	0.004026096253832	0.0823970037453183	0	"model43"
0.210674157303371	0.0127698330496122	0.896067415730337	0.0127698330496122	0.314606741573034	0	"model44"
0.167977528089888	0.0103721954429462	0.830898876404494	0.0103721954429462	0.337078651685393	0	"model45"
0	0	1	0	0	0	"model46"
0.465543071161049	0.0188137795561441	0.491760299625468	0.0188137795561441	0.973782771535581	0	"model47"
0.0215355805243446	0.00220695000370333	0.995318352059925	0.00220695000370334	0.0262172284644195	0	"model48"
0.181460674157303	0.00992686013535474	0.943632958801498	0.00992686013535474	0.237827715355805	0	"model49"
0.212546816479401	0.0105657371284711	0.912921348314607	0.0105657371284712	0.299625468164794	0	"model50"
0.0831460674157303	0.00425203155204155	0.982022471910112	0.00425203155204153	0.101123595505618	0	"model51"
0.0700374531835206	0.00386814816100616	0.987640449438202	0.00386814816100617	0.0823970037453183	0	"model52"
0.191011235955056	0.0141520400109296	0.853932584269663	0.0141520400109296	0.337078651685393	0	"model53"
0.145880149812734	0.0142467127191839	0.778838951310861	0.0142467127191839	0.367041198501873	0	"model54"
0.163295880149813	0.0163683695755896	0.82434456928839	0.0163683695755896	0.338951310861423	0	"model55"
0	0	1	0	0	0	"model56"
0.318913857677903	0.0156938820190357	0.318913857677903	0.0156938820190357	1	0	"model57"
0.0606741573033708	0.00386814816100616	0.987640449438202	0.00386814816100617	0.0730337078651685	0	"model58"
0.154119850187266	0.0156690341851818	0.755243445692884	0.0156690341851818	0.398876404494382	0	"model59"
0.376779026217228	0.0207931703837422	0.644569288389513	0.0207931703837422	0.732209737827715	0	"model60"
0.00561797752808989	0	1	0	0.00561797752808989	0	"model61"
0	0	1	0	0	0	"model62"
0.209925093632959	0.0161201042821403	0.721161048689139	0.0161201042821403	0.48876404494382	0	"model63"
0	0	1	0	0	0	"model64"
0.302808988764045	0.0151120488556005	0.302808988764045	0.0151120488556005	1	0	"model65"
0.00561797752808989	0	1	0	0.00561797752808989	0	"model66"
0.385580524344569	0.0202933823108687	0.387453183520599	0.0202933823108687	0.99812734082397	0	"model67"
0.0149812734082397	0	1	0	0.0149812734082397	0	"model68"
0.251685393258427	0.024049882621743	0.251685393258427	0.024049882621743	1	0	"model69"
0.206928838951311	0.0176390401385079	0.901685393258427	0.0176390401385079	0.305243445692884	0	"model70"
0	0	1	0	0	0	"model71"
0.432584269662921	0.0147717347892625	0.601123595505618	0.0147717347892625	0.831460674157303	0	"model72"
0.00936329588014981	0	1	0	0.00936329588014981	0	"model73"
0.212546816479401	0.00951807158675213	0.926029962546816	0.0095180715867521	0.286516853932584	0	"model74"
0.449250936329588	0.0210659129255466	0.462359550561798	0.0210659129255465	0.98689138576779	0	"model75"
0.205805243445693	0.0112168654593177	0.909925093632959	0.0112168654593177	0.295880149812734	0	"model76"
0.2812734082397	0.0184287593564109	0.2812734082397	0.0184287593564109	1	0	"model77"
0.401310861423221	0.021786073267455	0.414419475655431	0.021786073267455	0.98689138576779	0	"model78"
0.296441947565543	0.0163027741842545	0.296441947565543	0.0163027741842545	1	0	"model79"
0.0267790262172285	0.00234394299070145	0.993071161048689	0.00234394299070145	0.0337078651685393	0	"model80"
0.480337078651685	0.0230412344885041	0.525280898876405	0.0230412344885041	0.955056179775281	0	"model81"
0.0176029962546816	0.00180916064247059	0.998876404494382	0.0018091606424706	0.0187265917602996	0	"model82"
0.2	0.0159096452654921	0.862921348314607	0.0159096452654921	0.337078651685393	0	"model83"
0.154681647940075	0.00684937164761308	0.963670411985019	0.00684937164761308	0.191011235955056	0	"model84"
0.158052434456929	0.019939887936597	0.813483146067416	0.019939887936597	0.344569288389513	0	"model85"
0.451123595505618	0.0122464846872035	0.589700374531835	0.0122464846872035	0.861423220973783	0	"model86"
0	0	1	0	0	0	"model87"
0	0	1	0	0	0	"model88"
0.154307116104869	0.00750103315146058	0.957677902621723	0.00750103315146059	0.196629213483146	0	"model89"
0.192696629213483	0.00984804300787036	0.932397003745318	0.00984804300787034	0.260299625468165	0	"model90"
0.185767790262172	0.00732228629144328	0.947940074906367	0.0073222862914433	0.237827715355805	0	"model91"
0.210299625468165	0.0118453814041305	0.895692883895131	0.0118453814041304	0.314606741573034	0	"model92"
0.169101123595506	0.0142357684404654	0.734644194756554	0.0142357684404654	0.434456928838951	0	"model93"
0	0	1	0	0	0	"model94"
0.396067415730337	0.0131308888688905	0.397940074906367	0.0131308888688905	0.99812734082397	0	"model95"
0.0531835205992509	0.00545612319186321	0.987640449438202	0.00545612319186322	0.0655430711610487	0	"model96"
0.211048689138577	0.0126718141722375	0.920786516853933	0.0126718141722375	0.290262172284644	0	"model97"
0.178838951310861	0.0176831653860366	0.839887640449438	0.0176831653860366	0.338951310861423	0	"model98"
0.0844569288389513	0.00427487981729437	0.981460674157303	0.00427487981729436	0.102996254681648	0	"model99"
0.244007490636704	0.0219819310856914	0.244007490636704	0.0219819310856914	1	0	"model100"
0.129775280898876	0.00522632601471522	0.96685393258427	0.00522632601471524	0.162921348314607	0	"model101"
0.248314606741573	0.0120459851766082	0.248314606741573	0.0120459851766082	1	0	"model102"
0.0425093632958801	0.00499765765324547	0.993820224719101	0.00499765765324548	0.048689138576779	0	"model103"
0.189513108614232	0.00622970034950045	0.949812734082397	0.00622970034950046	0.239700374531835	0	"model104"
0.0155430711610487	0.00126394860994486	0.998689138576779	0.00126394860994486	0.0168539325842697	0	"model105"
0.156741573033708	0.00851551022610984	0.952621722846442	0.00851551022610986	0.204119850187266	0	"model106"
0.208988764044944	0.00971860197554485	0.88876404494382	0.00971860197554482	0.320224719101124	0	"model107"
0.188576779026217	0.00942757792661001	0.954494382022472	0.00942757792661003	0.234082397003745	0	"model108"
0.0161048689138577	0.000967037040251539	0.999250936329588	0.000967037040251542	0.0168539325842697	0	"model109"
0.185580524344569	0.00633206224864707	0.951498127340824	0.00633206224864709	0.234082397003745	0	"model110"
0	0	1	0	0	0	"model111"
0.418539325842697	0.0168250087040494	0.420411985018727	0.0168250087040494	0.99812734082397	0	"model112"
0.473033707865169	0.0195650816720697	0.501123595505618	0.0195650816720696	0.971910112359551	0	"model113"
0.0616104868913858	0.00454009901272614	0.984831460674157	0.00454009901272615	0.0767790262172285	0	"model114"
0.2187265917603	0.011366970926432	0.934082397003745	0.011366970926432	0.284644194756554	0	"model115"
0.0863295880149813	0.00633206224864707	0.983333333333333	0.00633206224864705	0.102996254681648	0	"model116"
0.0870786516853933	0.00425661101653741	0.976591760299625	0.00425661101653737	0.110486891385768	0	"model117"
0.20936329588015	0.00970255142458199	0.913483146067416	0.00970255142458202	0.295880149812734	0	"model118"
0	0	1	0	0	0	"model119"
0.0730337078651685	0.00233561634630084	0.98314606741573	0.00233561634630084	0.0898876404494382	0	"model120"
0.140449438202247	0.0196406151342725	0.792134831460674	0.0196406151342725	0.348314606741573	0	"model121"
0.0820224719101124	0.00535520863658607	0.980898876404494	0.00535520863658606	0.101123595505618	0	"model122"
0.050749063670412	0.00532968144972199	0.988951310861423	0.005329681449722	0.0617977528089888	0	"model123"
0	0	1	0	0	0	"model124"
0.251498127340824	0.014317646618198	0.251498127340824	0.014317646618198	1	0	"model125"
0.205992509363296	0.0109193855708713	0.897003745318352	0.0109193855708713	0.308988764044944	0	"model126"
0.438951310861423	0.0300560339291968	0.452059925093633	0.0300560339291968	0.98689138576779	0	"model127"
0.0213483146067416	0.00281937323112015	0.995131086142322	0.00281937323112016	0.0262172284644195	0	"model128"
0.446067415730337	0.0226927695730372	0.457303370786517	0.0226927695730372	0.98876404494382	0	"model129"
0.343445692883895	0.0206313826497548	0.667415730337079	0.0206313826497548	0.676029962546816	0	"model130"
0	0	1	0	0	0	"model131"
0.0732209737827715	0.00686357902991434	0.983333333333333	0.00686357902991433	0.0898876404494382	0	"model132"
0.147940074906367	0.0193608769279286	0.775280898876405	0.0193608769279286	0.372659176029963	0	"model133"
0.480711610486891	0.0168203762676444	0.593071161048689	0.0168203762676444	0.887640449438202	0	"model134"
0.26685393258427	0.0168943428248744	0.26685393258427	0.0168943428248744	1	0	"model135"
0.427340823970037	0.029448355317639	0.436704119850187	0.029448355317639	0.99063670411985	0	"model136"
0.191947565543071	0.0105657371284711	0.950374531835206	0.0105657371284712	0.241573033707865	0	"model137"
0.289887640449438	0.0134981652142577	0.289887640449438	0.0134981652142577	1	0	"model138"
0.20936329588015	0.0110188485211567	0.928464419475655	0.0110188485211567	0.280898876404494	0	"model139"
0.195880149812734	0.0153968575214191	0.858801498127341	0.0153968575214191	0.337078651685393	0	"model140"
0.465543071161049	0.0130400680929034	0.508614232209738	0.0130400680929034	0.956928838951311	0	"model141"
0.207303370786517	0.0118782305559513	0.896441947565543	0.0118782305559513	0.310861423220974	0	"model142"
0.13689138576779	0.00740956965079846	0.966479400749064	0.00740956965079848	0.170411985018727	0	"model143"
0	0	1	0	0	0	"model144"
0.199250936329588	0.0110329843172463	0.925842696629213	0.0110329843172463	0.273408239700375	0	"model145"
0	0	1	0	0	0	"model146"
0	0	1	0	0	0	"model147"
0.464044943820225	0.0137838118625274	0.482771535580524	0.0137838118625274	0.9812734082397	0	"model148"
0.0792134831460674	0.00551649215862315	0.976217228464419	0.00551649215862311	0.102996254681648	0	"model149"
0.0852059925093633	0.003972510006666	0.982209737827715	0.00397251000666601	0.102996254681648	0	"model150"
0.161610486891386	0.0160377099444287	0.742134831460674	0.0160377099444287	0.419475655430712	0	"model151"
0.0528089887640449	0.00339612247409125	0.989138576779026	0.00339612247409126	0.0636704119850187	0	"model152"
0.207303370786517	0.0139872584272763	0.890823970037453	0.0139872584272763	0.316479400749064	0	"model153"
0.199438202247191	0.00943584048553743	0.942883895131086	0.00943584048553743	0.256554307116105	0	"model154"
0.214794007490637	0.00917624227972496	0.915168539325843	0.00917624227972499	0.299625468164794	0	"model155"
0.182209737827715	0.00869661523439106	0.94812734082397	0.00869661523439109	0.234082397003745	0	"model156"
0.346067415730337	0.0226239826018962	0.647565543071161	0.0226239826018962	0.698501872659176	0	"model157"
0.196816479400749	0.00952625565669646	0.940262172284644	0.00952625565669644	0.256554307116105	0	"model158"
0.467602996254682	0.0072285614477973	0.482584269662921	0.0072285614477973	0.98501872659176	0	"model159"
0.19063670411985	0.0111244291685121	0.857303370786517	0.0111244291685121	0.333333333333333	0	"model160"
0.204868913857678	0.0142124838659253	0.873408239700375	0.0142124838659253	0.331460674157303	0	"model161"
0	0	1	0	0	0	"model162"
0.276966292134831	0.0187775005061352	0.698314606741573	0.0187775005061353	0.578651685393258	0	"model163"
0.222659176029963	0.0182726930832196	0.722659176029963	0.0182726930832196	0.5	0	"model164"
0	0	1	0	0	0	"model165"
0.373033707865169	0.0210538866255509	0.657677902621723	0.0210538866255509	0.715355805243446	0	"model166"
0	0	1	0	0	0	"model167"
0.161985018726592	0.017858576155955	0.824906367041198	0.017858576155955	0.337078651685393	0	"model168"
0.134831460674157	0.0167262933919779	0.786516853932584	0.0167262933919779	0.348314606741573	0	"model169"
0.109925093632959	0.00375051657573029	0.975093632958801	0.00375051657573025	0.134831460674157	0	"model170"
0.168164794007491	0.0150020663029212	0.744943820224719	0.0150020663029211	0.423220973782772	0	"model171"
0.351498127340824	0.0187484267210475	0.675468164794008	0.0187484267210475	0.676029962546816	0	"model172"
0.468539325842697	0.0156129819733967	0.569662921348315	0.0156129819733967	0.898876404494382	0	"model173"
0.463670411985019	0.0225618950192409	0.482397003745318	0.0225618950192409	0.9812734082397	0	"model174"
0.364232209737828	0.0326300375497756	0.650749063670412	0.0326300375497756	0.713483146067416	0	"model175"
0.465543071161049	0.0162824457822353	0.607865168539326	0.0162824457822353	0.857677902621723	0	"model176"
0.202059925093633	0.00897878833326308	0.939887640449438	0.00897878833326309	0.262172284644195	0	"model177"
0.360674157303371	0.0172357002301347	0.360674157303371	0.0172357002301347	1	0	"model178"
0.466666666666667	0.028479747061391	0.485393258426966	0.028479747061391	0.9812734082397	0	"model179"
0.141573033707865	0.0058689933950278	0.965543071161049	0.00586899339502781	0.176029962546816	0	"model180"
0.372659176029963	0.0206653500090473	0.372659176029963	0.0206653500090473	1	0	"model181"
0	0	1	0	0	0	"model182"
0.188389513108614	0.01188315009667	0.188389513108614	0.01188315009667	1	0	"model183"
0.165168539325843	0.0189088096830514	0.828089887640449	0.0189088096830514	0.337078651685393	0	"model184"
0.0719101123595506	0.00376606819700333	0.982022471910112	0.00376606819700332	0.0898876404494382	0	"model185"
0.182584269662921	0.0240182684239338	0.721910112359551	0.0240182684239338	0.460674157303371	0	"model186"
0.0174157303370787	0.0027985657642272	0.996816479400749	0.00279856576422721	0.0205992509363296	0	"model187"
0.334082397003745	0.0171222913118539	0.334082397003745	0.0171222913118539	1	0	"model188"
0.11310861423221	0.00723664256988236	0.976404494382022	0.00723664256988234	0.136704119850187	0	"model189"
0.405805243445693	0.0284968440067418	0.602434456928839	0.0284968440067418	0.803370786516854	0	"model190"
0.438202247191011	0.0206841966613994	0.440074906367041	0.0206841966613994	0.99812734082397	0	"model191"
0.429962546816479	0.0157718968263208	0.431835205992509	0.0157718968263209	0.99812734082397	0	"model192"
0.459550561797753	0.0242756475001972	0.483895131086142	0.0242756475001972	0.975655430711611	0	"model193"
0.45936329588015	0.0145068986485983	0.498689138576779	0.0145068986485983	0.960674157303371	0	"model194"
0.238951310861423	0.0129199912439403	0.238951310861423	0.0129199912439403	1	0	"model195"
0	0	1	0	0	0	"model196"
0.20749063670412	0.014419340542303	0.905992509363296	0.014419340542303	0.301498127340824	0	"model197"
0.0857677902621723	0.0045700387559858	0.982771535580524	0.00457003875598579	0.102996254681648	0	"model198"
0.356367041198502	0.0172549056176621	0.358239700374532	0.0172549056176621	0.99812734082397	0	"model199"
0	0	1	0	0	0	"model200"
0.25	0.0189592291491728	0.25	0.0189592291491728	1	0	"model201"
0.454307116104869	0.0184794343173957	0.604119850187266	0.0184794343173957	0.850187265917603	0	"model202"
0.21310861423221	0.0133238380718659	0.887265917602996	0.0133238380718659	0.325842696629214	0	"model203"
0.475468164794007	0.0222707391652082	0.512921348314607	0.0222707391652082	0.962546816479401	0	"model204"
0.375280898876404	0.0333849609773353	0.384644194756554	0.0333849609773353	0.99063670411985	0	"model205"
0.199812734082397	0.0155441992280503	0.722284644194757	0.0155441992280503	0.47752808988764	0	"model206"
0	0	1	0	0	0	"model207"
0.298689138576779	0.0148046706936722	0.298689138576779	0.0148046706936722	1	0	"model208"
0	0	1	0	0	0	"model209"
0	0	1	0	0	0	"model210"
0.402247191011236	0.0163683695755896	0.404119850187266	0.0163683695755896	0.99812734082397	0	"model211"
0.321910112359551	0.0205793798152498	0.321910112359551	0.0205793798152498	1	0	"model212"
0.353558052434457	0.0115370936850416	0.353558052434457	0.0115370936850416	1	0	"model213"
0.145692883895131	0.0125093383769042	0.767415730337079	0.0125093383769042	0.378277153558052	0	"model214"
0.180149812734082	0.0166983151843922	0.843071161048689	0.0166983151843922	0.337078651685393	0	"model215"
0.191573033707865	0.0194422149604671	0.725280898876404	0.0194422149604671	0.466292134831461	0	"model216"
0.357116104868914	0.0307715633371176	0.647378277153558	0.0307715633371176	0.709737827715356	0	"model217"
0.207116104868914	0.0152442585371932	0.871910112359551	0.0152442585371932	0.335205992509363	0	"model218"
0.345692883895131	0.0212087780530157	0.664044943820225	0.0212087780530157	0.681647940074906	0	"model219"
0.0290262172284644	0.00377123781947396	0.993445692883895	0.00377123781947397	0.0355805243445693	0	"model220"
0.391385767790262	0.018496295118638	0.400749063670412	0.018496295118638	0.99063670411985	0	"model221"
0.473970037453184	0.0220244322408212	0.520786516853933	0.0220244322408212	0.953183520599251	0	"model222"
0	0	1	0	0	0	"model223"
0.156928838951311	0.0156379188715323	0.771161048689139	0.0156379188715323	0.385767790262172	0	"model224"
0.468352059925094	0.0132842992005011	0.580711610486891	0.0132842992005011	0.887640449438202	0	"model225"
0.438014981273408	0.0334578278998659	0.456741573033708	0.0334578278998659	0.9812734082397	0	"model226"
0.115168539325843	0.00387318153745033	0.976591760299625	0.00387318153745029	0.138576779026217	0	"model227"
0.453558052434457	0.0189499784879004	0.605243445692884	0.0189499784879004	0.848314606741573	0	"model228"
0.410486891385768	0.0168145839274239	0.423595505617978	0.0168145839274239	0.98689138576779	0	"model229"
0.220411985018727	0.0187068143587426	0.220411985018727	0.0187068143587426	1	0	"model230"
0.192696629213483	0.00960771293798748	0.85936329588015	0.0096077129379875	0.333333333333333	0	"model231"
0.440449438202247	0.0175182347602108	0.453558052434457	0.0175182347602108	0.98689138576779	0	"model232"
0.348314606741573	0.020703026157025	0.644194756554307	0.020703026157025	0.704119850187266	0	"model233"
0.486516853932584	0.0184287593564109	0.589513108614232	0.0184287593564109	0.897003745318352	0	"model234"
0.050374531835206	0.00976858997106714	0.050374531835206	0.00976858997106714	1	0	"model235"
0.21498127340824	0.018701606303195	0.21498127340824	0.018701606303195	1	0	"model236"
0.0204119850187266	0.00186222645320553	0.997940074906367	0.00186222645320553	0.0224719101123595	0	"model237"
0.279026217228464	0.0252635534891986	0.279026217228464	0.0252635534891986	1	0	"model238"
0.463857677902622	0.0148519700815718	0.491947565543071	0.0148519700815718	0.971910112359551	0	"model239"
0.435767790262172	0.0238195245881556	0.437640449438202	0.0238195245881556	0.99812734082397	0	"model240"
0.293445692883895	0.0239662983454869	0.293445692883895	0.0239662983454869	1	0	"model241"
0.197940074906367	0.0189551183015206	0.868352059925094	0.0189551183015206	0.329588014981273	0	"model242"
0.490449438202247	0.0186943125878928	0.569101123595506	0.0186943125878928	0.921348314606742	0	"model243"
0.206928838951311	0.014323088521328	0.890449438202247	0.014323088521328	0.316479400749064	0	"model244"
0.0749063670411985	0.00611607925788559	0.98501872659176	0.0061160792578856	0.0898876404494382	0	"model245"
0.301310861423221	0.0227382263446856	0.698314606741573	0.0227382263446856	0.602996254681648	0	"model246"
0.0164794007490637	0.00230200860356876	0.997752808988764	0.00230200860356877	0.0187265917602996	0	"model247"
0.32940074906367	0.0168064712972868	0.32940074906367	0.0168064712972868	1	0	"model248"
0.141947565543071	0.00721507279740319	0.960299625468165	0.00721507279740321	0.181647940074906	0	"model249"
0	0	1	0	0	0	"model250"
0.250561797752809	0.0219597624894332	0.250561797752809	0.0219597624894332	1	0	"model251"
0.457116104868914	0.0182299948286199	0.477715355805243	0.0182299948286199	0.97940074906367	0	"model252"
0.21498127340824	0.00798415827980998	0.913483146067416	0.00798415827981	0.301498127340824	0	"model253"
0	0	1	0	0	0	"model254"
0.213483146067416	0.01324170002222	0.921348314606742	0.01324170002222	0.292134831460674	0	"model255"
0.347752808988764	0.0165400559676487	0.347752808988764	0.0165400559676487	1	0	"model256"
0.148501872659176	0.0141534166015667	0.792696629213483	0.0141534166015667	0.355805243445693	0	"model257"
0	0	1	0	0	0	"model258"
0.235580524344569	0.0183439900046975	0.235580524344569	0.0183439900046975	1	0	"model259"
0.253558052434457	0.0190402365276368	0.253558052434457	0.0190402365276368	1	0	"model260"
0.434456928838951	0.0226618412742464	0.453183520599251	0.0226618412742464	0.9812734082397	0	"model261"
0	0	1	0	0	0	"model262"
0.0228464419475655	0.00118437365549378	0.996629213483146	0.00118437365549378	0.0262172284644195	0	"model263"
0.164419475655431	0.0151827895024053	0.827340823970037	0.0151827895024054	0.337078651685393	0	"model264"
0.276591760299625	0.0177227841781631	0.701685393258427	0.0177227841781631	0.574906367041198	0	"model265"
0.161610486891386	0.0206662927498616	0.732771535580524	0.0206662927498616	0.428838951310861	0	"model266"
0.149812734082397	0.00678076185468178	0.966292134831461	0.0067807618546818	0.183520599250936	0	"model267"
0.0108614232209738	0.00078958243699585	0.999625468164794	0.000789582436995852	0.0112359550561798	0	"model268"
0.174531835205992	0.00881896779647908	0.953558052434457	0.0088189677964791	0.220973782771536	0	"model269"
0	0	1	0	0	0	"model270"
0.161423220973783	0.0191951371723172	0.747565543071161	0.0191951371723172	0.413857677902622	0	"model271"
0.186704119850187	0.0150603924102935	0.849625468164794	0.0150603924102935	0.337078651685393	0	"model272"
0	0	1	0	0	0	"model273"
0.158801498127341	0.0110893473114619	0.819850187265918	0.0110893473114619	0.338951310861423	0	"model274"
0.40374531835206	0.0224753777321799	0.632209737827715	0.02247537773218	0.771535580524345	0	"model275"
0.194943820224719	0.00692011687985797	0.930898876404494	0.00692011687985795	0.264044943820225	0	"model276"
0	0	1	0	0	0	"model277"
0.358426966292135	0.014986474336502	0.360299625468165	0.014986474336502	0.99812734082397	0	"model278"
0	0	1	0	0	0	"model279"
0.141760299625468	0.00837711243913648	0.967602996254682	0.00837711243913647	0.174157303370787	0	"model280"
0.0382022471910112	0.0015791648739917	0.991385767790262	0.0015791648739917	0.0468164794007491	0	"model281"
0.144756554307116	0.00572447266821991	0.97059925093633	0.0057244726682199	0.174157303370787	0	"model282"
0.473782771535581	0.0294510015283033	0.526217228464419	0.0294510015283032	0.947565543071161	0	"model283"
0.470786516853933	0.0286760862100711	0.568164794007491	0.0286760862100711	0.902621722846442	0	"model284"
0.361423220973783	0.0202270308939072	0.649812734082397	0.0202270308939072	0.711610486891386	0	"model285"
0.237827715355805	0.0233060608022403	0.237827715355805	0.0233060608022403	1	0	"model286"
0	0	1	0	0	0	"model287"
0.288014981273408	0.0202616761335015	0.288014981273408	0.0202616761335015	1	0	"model288"
0.198876404494382	0.0121618765322922	0.934831460674157	0.0121618765322922	0.264044943820225	0	"model289"
0.278464419475655	0.0158912660627004	0.705430711610487	0.0158912660627004	0.573033707865168	0	"model290"
0	0	1	0	0	0	"model291"
0.204868913857678	0.00955688350012716	0.886516853932584	0.00955688350012713	0.318352059925094	0	"model292"
0	0	1	0	0	0	"model293"
0.278277153558052	0.0213734875788023	0.677153558052434	0.0213734875788023	0.601123595505618	0	"model294"
0.463295880149813	0.0112774929244806	0.57940074906367	0.0112774929244806	0.883895131086142	0	"model295"
0.214606741573034	0.0085679700058794	0.91310861423221	0.00856797000587942	0.301498127340824	0	"model296"
0.433895131086142	0.024781601713099	0.447003745318352	0.024781601713099	0.98689138576779	0	"model297"
0.19812734082397	0.011935499028931	0.922846441947566	0.011935499028931	0.275280898876405	0	"model298"
0.0807116104868914	0.00368765430405541	0.979588014981273	0.00368765430405538	0.101123595505618	0	"model299"
0.159925093632959	0.0189170506116113	0.732958801498127	0.0189170506116113	0.426966292134831	0	"model300"
0	0	1	0	0	0	"model301"
0.277715355805243	0.00860653911122305	0.277715355805243	0.00860653911122305	1	0	"model302"
0.195880149812734	0.0125528708816474	0.935580524344569	0.0125528708816473	0.260299625468165	0	"model303"
0	0	1	0	0	0	"model304"
0.00187265917602996	0	1	0	0.00187265917602996	0	"model305"
0.428089887640449	0.0275110282563582	0.437453183520599	0.0275110282563582	0.99063670411985	0	"model306"
0.487265917602996	0.0242370943035545	0.562172284644195	0.0242370943035545	0.925093632958802	0	"model307"
0.202996254681648	0.0133938412055594	0.918352059925094	0.0133938412055594	0.284644194756554	0	"model308"
0.461797752808989	0.0211535898823115	0.484269662921348	0.0211535898823115	0.97752808988764	0	"model309"
0.308614232209738	0.0164869653125785	0.308614232209738	0.0164869653125785	1	0	"model310"
0.497940074906367	0.0149929729597364	0.567228464419476	0.0149929729597364	0.930711610486891	0	"model311"
0	0	1	0	0	0	"model312"
0.151498127340824	0.0228237472812251	0.803183520599251	0.0228237472812251	0.348314606741573	0	"model313"
0.148501872659176	0.0159402301783119	0.802059925093633	0.0159402301783119	0.346441947565543	0	"model314"
0.390074906367041	0.0173898697827361	0.401310861423221	0.0173898697827361	0.98876404494382	0	"model315"
0.0835205992509363	0.00415938358276097	0.980524344569288	0.00415938358276094	0.102996254681648	0	"model316"
0.350561797752809	0.0184709981451608	0.676404494382022	0.0184709981451608	0.674157303370786	0	"model317"
0.145505617977528	0.0188106726649403	0.784082397003745	0.0188106726649404	0.361423220973783	0	"model318"
0.33314606741573	0.021541460052492	0.33314606741573	0.021541460052492	1	0	"model319"
0.00936329588014981	0	1	0	0.00936329588014981	0	"model320"
0.355992509363296	0.0256682612178339	0.67059925093633	0.0256682612178339	0.685393258426966	0	"model321"
0.476029962546816	0.016392157365463	0.575280898876404	0.016392157365463	0.900749063670412	0	"model322"
0.00936329588014981	0	1	0	0.00936329588014981	0	"model323"
0.159737827715356	0.0151635293278342	0.770224719101124	0.0151635293278342	0.389513108614232	0	"model324"
0	0	1	0	0	0	"model325"
0.208052434456929	0.0124984315592811	0.897191011235955	0.0124984315592811	0.310861423220974	0	"model326"
0.392134831460674	0.0156976058017477	0.401498127340824	0.0156976058017477	0.99063670411985	0	"model327"
0	0	1	0	0	0	"model328"
0.193071161048689	0.0143285283576508	0.859737827715356	0.0143285283576508	0.333333333333333	0	"model329"
0.215543071161049	0.00980839694108313	0.923408239700375	0.00980839694108312	0.292134831460674	0	"model330"
0	0	1	0	0	0	"model331"
0.410486891385768	0.0193165497501537	0.412359550561798	0.0193165497501537	0.99812734082397	0	"model332"
0.144943820224719	0.0149082699011517	0.747940074906367	0.0149082699011517	0.397003745318352	0	"model333"
0.418913857677903	0.0161587327138208	0.624906367041199	0.0161587327138208	0.794007490636704	0	"model334"
0.327340823970037	0.0132652199342217	0.662546816479401	0.0132652199342217	0.664794007490637	0	"model335"
0.163857677902622	0.0225281927997735	0.73876404494382	0.0225281927997735	0.425093632958801	0	"model336"
0	0	1	0	0	0	"model337"
0.146629213483146	0.00959147682509663	0.772097378277154	0.00959147682509666	0.374531835205993	0	"model338"
0.405430711610487	0.0113481017245305	0.412921348314607	0.0113481017245305	0.99250936329588	0	"model339"
0	0	1	0	0	0	"model340"
0.436329588014981	0.0274656679151061	0.438202247191011	0.0274656679151061	0.99812734082397	0	"model341"
0.429026217228464	0.0215776064996825	0.606928838951311	0.0215776064996825	0.822097378277154	0	"model342"
0.430711610486891	0.0252172407949116	0.447565543071161	0.0252172407949115	0.98314606741573	0	"model343"
0.474719101123595	0.0333271373182527	0.585205992509363	0.0333271373182527	0.889513108614232	0	"model344"
0.206179775280899	0.0163362011142804	0.891573033707865	0.0163362011142804	0.314606741573034	0	"model345"
0.292696629213483	0.023737591473245	0.680337078651685	0.023737591473245	0.612359550561798	0	"model346"
0.475280898876405	0.0255213515281354	0.568913857677903	0.0255213515281354	0.906367041198502	0	"model347"
0	0	1	0	0	0	"model348"
0	0	1	0	0	0	"model349"
0.317228464419476	0.0200179003156702	0.680524344569288	0.0200179003156702	0.636704119850187	0	"model350"
0.0157303370786517	0.00130937434228483	0.998876404494382	0.00130937434228484	0.0168539325842697	0	"model351"
0.45749063670412	0.0172323088221924	0.611048689138577	0.0172323088221924	0.846441947565543	0	"model352"
0.146067415730337	0.013873976760857	0.801498127340824	0.013873976760857	0.344569288389513	0	"model353"
0.00187265917602996	0	1	0	0.00187265917602996	0	"model354"
0.377153558052434	0.0184160688285501	0.379026217228464	0.0184160688285501	0.99812734082397	0	"model355"
0.491198501872659	0.0148519700815718	0.586704119850187	0.0148519700815718	0.904494382022472	0	"model356"
0.184269662921348	0.00979846035972464	0.847191011235955	0.00979846035972463	0.337078651685393	0	"model357"
0.170411985018727	0.0109905223855549	0.762172284644195	0.0109905223855549	0.408239700374532	0	"model358"
0.38314606741573	0.0236743097450858	0.38314606741573	0.0236743097450858	1	0	"model359"
0.128089887640449	0.00600030703655326	0.965168539325843	0.00600030703655328	0.162921348314607	0	"model360"
0.154868913857678	0.00934455052425067	0.961985018726592	0.0093445505242507	0.192883895131086	0	"model361"
0.374157303370787	0.0180872983864439	0.374157303370787	0.0180872983864439	1	0	"model362"
0.45	0.0157928824142863	0.4687265917603	0.0157928824142863	0.9812734082397	0	"model363"
0.487640449438202	0.0234261271647926	0.558801498127341	0.0234261271647926	0.928838951310861	0	"model364"
0	0	1	0	0	0	"model365"
0.194943820224719	0.0120217005235034	0.927153558052434	0.0120217005235034	0.267790262172285	0	"model366"
0	0	1	0	0	0	"model367"
0.241760299625468	0.0245033078199822	0.241760299625468	0.0245033078199822	1	0	"model368"
0	0	1	0	0	0	"model369"
0.0247191011235955	0.00230200860356876	0.994756554307116	0.00230200860356877	0.0299625468164794	0	"model370"
0.168913857677903	0.00682657833432825	0.951685393258427	0.00682657833432826	0.217228464419476	0	"model371"
0.347003745318352	0.0216245065524229	0.674719101123595	0.0216245065524229	0.672284644194757	0	"model372"
0.179775280898876	0.00598730527255021	0.953183520599251	0.00598730527255023	0.226591760299625	0	"model373"
0.159550561797753	0.00665313987239661	0.955430711610487	0.00665313987239663	0.204119850187266	0	"model374"
0.39063670411985	0.0172582925851336	0.637827715355805	0.0172582925851337	0.752808988764045	0	"model375"
0.189325842696629	0.0110418100000569	0.852247191011236	0.0110418100000569	0.337078651685393	0	"model376"
0.471910112359551	0.0133588854925298	0.50187265917603	0.0133588854925298	0.970037453183521	0	"model377"
0.108239700374532	0.00676925928176078	0.975280898876404	0.00676925928176074	0.132958801498127	0	"model378"
0.0473782771535581	0.00353663307720732	0.993071161048689	0.00353663307720732	0.0543071161048689	0	"model379"
0	0	1	0	0	0	"model380"
0	0	1	0	0	0	"model381"
0.145692883895131	0.0158360004698393	0.795505617977528	0.0158360004698393	0.350187265917603	0	"model382"
0.0694756554307116	0.00561450856973005	0.988951310861423	0.00561450856973007	0.0805243445692884	0	"model383"
0.32059925093633	0.02345272510372	0.32059925093633	0.02345272510372	1	0	"model384"
0.0820224719101124	0.00577529763107135	0.984644194756554	0.00577529763107136	0.0973782771535581	0	"model385"
0.173782771535581	0.0167216336082429	0.731835205992509	0.0167216336082429	0.441947565543071	0	"model386"
0.208988764044944	0.0112774929244806	0.90187265917603	0.0112774929244806	0.307116104868914	0	"model387"
0.303558052434457	0.0230615187572598	0.678089887640449	0.0230615187572598	0.625468164794007	0	"model388"
0.201685393258427	0.0146937133536017	0.875842696629213	0.0146937133536017	0.325842696629214	0	"model389"
0.191385767790262	0.0108045925210581	0.942322097378277	0.0108045925210581	0.249063670411985	0	"model390"
0.160674157303371	0.0219952215186469	0.739325842696629	0.0219952215186469	0.421348314606742	0	"model391"
0	0	1	0	0	0	"model392"
0.127340823970037	0.00522259691968836	0.968164794007491	0.00522259691968835	0.159176029962547	0	"model393"
0.455243445692884	0.023010774558854	0.483333333333333	0.023010774558854	0.971910112359551	0	"model394"
0	0	1	0	0	0	"model395"
0.397565543071161	0.0175015448951113	0.408801498127341	0.0175015448951113	0.98876404494382	0	"model396"
0.0831460674157303	0.00523749736913934	0.982022471910112	0.00523749736913932	0.101123595505618	0	"model397"
0.205243445692884	0.00649908368780043	0.90187265917603	0.00649908368780045	0.303370786516854	0	"model398"
0.206179775280899	0.0162644878570821	0.893445692883895	0.0162644878570821	0.312734082397004	0	"model399"
0	0	1	0	0	0	"model400"
0.292134831460674	0.0147188840481293	0.689138576779026	0.0147188840481293	0.602996254681648	0	"model401"
0.479026217228464	0.0151313745579283	0.553932584269663	0.0151313745579283	0.925093632958802	0	"model402"
0.0782771535580524	0.0142562820710314	0.0782771535580524	0.0142562820710314	1	0	"model403"
0.197565543071161	0.0167553876797373	0.197565543071161	0.0167553876797373	1	0	"model404"
0.206554307116105	0.0195022466439653	0.880711610486891	0.0195022466439653	0.325842696629214	0	"model405"
0.335393258426966	0.0188396503908898	0.337265917602996	0.0188396503908898	0.99812734082397	0	"model406"
0.461985018726592	0.0220173544123293	0.609925093632959	0.0220173544123293	0.852059925093633	0	"model407"
0.285393258426966	0.0151159159726994	0.695505617977528	0.0151159159726994	0.589887640449438	0	"model408"
0	0	1	0	0	0	"model409"
0.326404494382022	0.0182428147984383	0.680337078651685	0.0182428147984383	0.646067415730337	0	"model410"
0.159925093632959	0.0209313821458796	0.819101123595506	0.0209313821458796	0.340823970037453	0	"model411"
0.0844569288389513	0.00547394788224563	0.981460674157303	0.00547394788224561	0.102996254681648	0	"model412"
0.400374531835206	0.0148191393015969	0.402247191011236	0.0148191393015969	0.99812734082397	0	"model413"
0.141760299625468	0.0132137157519752	0.785955056179775	0.0132137157519751	0.355805243445693	0	"model414"
0.152621722846442	0.0170092716522331	0.804307116104869	0.0170092716522331	0.348314606741573	0	"model415"
0.407303370786517	0.0179673382829267	0.409176029962547	0.0179673382829267	0.99812734082397	0	"model416"
0.00187265917602996	0	1	0	0.00187265917602996	0	"model417"
0.00749063670411985	0	1	0	0.00749063670411985	0	"model418"
0.00374531835205993	0	1	0	0.00374531835205993	0	"model419"
0.0174157303370787	0.00126394860994486	0.998689138576779	0.00126394860994486	0.0187265917602996	0	"model420"
0.471910112359551	0.0225411611551408	0.51685393258427	0.0225411611551408	0.955056179775281	0	"model421"
0.147752808988764	0.0140262047273963	0.147752808988764	0.0140262047273963	1	0	"model422"
0.112546816479401	0.00335572535723236	0.973970037453184	0.00335572535723234	0.138576779026217	0	"model423"
0.278651685393258	0.00841192535726492	0.278651685393258	0.00841192535726492	1	0	"model424"
0.334269662921348	0.0162357138622222	0.669475655430712	0.0162357138622222	0.664794007490637	0	"model425"
0	0	1	0	0	0	"model426"
0.209925093632959	0.0103872112965454	0.944007490636704	0.0103872112965454	0.265917602996255	0	"model427"
0.149438202247191	0.0172266549919204	0.759925093632959	0.0172266549919204	0.389513108614232	0	"model428"
0.22752808988764	0.0170092716522331	0.72752808988764	0.0170092716522331	0.5	0	"model429"
0.345505617977528	0.0242121627381017	0.347378277153558	0.0242121627381017	0.99812734082397	0	"model430"
0.488576779026217	0.0205224991652397	0.570973782771536	0.0205224991652397	0.917602996254682	0	"model431"
0.12940074906367	0.00927759363470124	0.968352059925094	0.00927759363470125	0.161048689138577	0	"model432"
0.390262172284644	0.0234261271647926	0.392134831460674	0.0234261271647926	0.99812734082397	0	"model433"
0.0945692883895131	0.00452290160617648	0.980337078651685	0.00452290160617645	0.114232209737828	0	"model434"
0.484831460674157	0.0184636133325164	0.559737827715356	0.0184636133325165	0.925093632958802	0	"model435"
0.165355805243446	0.00611926388671783	0.95374531835206	0.00611926388671785	0.211610486891386	0	"model436"
0.268913857677903	0.0109976107593235	0.690262172284644	0.0109976107593235	0.578651685393258	0	"model437"
0.205992509363296	0.0098302220649336	0.921348314606742	0.0098302220649336	0.284644194756554	0	"model438"
0.123595505617978	0.00900262490752556	0.966292134831461	0.00900262490752557	0.157303370786517	0	"model439"
0.124906367041199	0.00891782592284239	0.967602996254682	0.0089178259228424	0.157303370786517	0	"model440"
0.444943820224719	0.0162345138390222	0.461797752808989	0.0162345138390222	0.98314606741573	0	"model441"
0.00561797752808989	0	1	0	0.00561797752808989	0	"model442"
0.480711610486891	0.0188313755907143	0.5312734082397	0.0188313755907143	0.949438202247191	0	"model443"
0.152808988764045	0.0176600133780345	0.810112359550562	0.0176600133780345	0.342696629213483	0	"model444"
0.140823970037453	0.0159829507309146	0.741947565543071	0.0159829507309146	0.398876404494382	0	"model445"
0.209176029962547	0.0110981281722181	0.911423220973783	0.0110981281722181	0.297752808988764	0	"model446"
0.201310861423221	0.0109283029962619	0.886704119850187	0.0109283029962619	0.314606741573034	0	"model447"
0.0176029962546816	0.0015791648739917	0.997003745318352	0.0015791648739917	0.0205992509363296	0	"model448"
0	0	1	0	0	0	"model449"
0.14250936329588	0.0207866105804068	0.794194756554307	0.0207866105804068	0.348314606741573	0	"model450"
0.261610486891386	0.0248287270124692	0.261610486891386	0.0248287270124692	1	0	"model451"
0.160299625468165	0.0191626305661422	0.817602996254682	0.0191626305661422	0.342696629213483	0	"model452"
0.0739700374531835	0.00477436284044268	0.984082397003745	0.00477436284044269	0.0898876404494382	0	"model453"
0.172097378277154	0.0163123317252685	0.83501872659176	0.0163123317252685	0.337078651685393	0	"model454"
0.288951310861423	0.0241121786897001	0.288951310861423	0.0241121786897001	1	0	"model455"
0.160299625468165	0.00955688350012716	0.958052434456929	0.00955688350012718	0.202247191011236	0	"model456"
0.412359550561798	0.0183227363884717	0.421722846441948	0.0183227363884717	0.99063670411985	0	"model457"
0.215543071161049	0.0101212180493245	0.914044943820225	0.0101212180493245	0.301498127340824	0	"model458"
0.450561797752809	0.0162824457822353	0.581647940074906	0.0162824457822353	0.868913857677903	0	"model459"
0	0	1	0	0	0	"model460"
0.0196629213483146	0.00181989759514522	0.997191011235955	0.00181989759514523	0.0224719101123595	0	"model461"
0.467228464419476	0.0255892022381643	0.517790262172285	0.0255892022381643	0.949438202247191	0	"model462"
0	0	1	0	0	0	"model463"
0.212921348314607	0.00860653911122305	0.918913857677903	0.00860653911122305	0.294007490636704	0	"model464"
0.211985018726592	0.0156876737502619	0.914232209737828	0.015687673750262	0.297752808988764	0	"model465"
0.21498127340824	0.00978254083603482	0.911610486891386	0.00978254083603485	0.303370786516854	0	"model466"
0.177340823970037	0.0105213896625272	0.840262172284644	0.0105213896625272	0.337078651685393	0	"model467"
0.484456928838951	0.0194422149604671	0.488202247191011	0.0194422149604671	0.99625468164794	0	"model468"
0.200187265917603	0.0135169156798641	0.87434456928839	0.0135169156798641	0.325842696629214	0	"model469"
0.185767790262172	0.0109478957644913	0.938576779026217	0.0109478957644912	0.247191011235955	0	"model470"
0.19438202247191	0.00773629632201231	0.864794007490637	0.00773629632201234	0.329588014981273	0	"model471"
0.049625468164794	0.00282627501190306	0.993445692883895	0.00282627501190307	0.0561797752808989	0	"model472"
0.207303370786517	0.0150862427424141	0.881460674157303	0.0150862427424141	0.325842696629214	0	"model473"
0.0284644194756554	0.00327938215644537	0.992883895131086	0.00327938215644538	0.0355805243445693	0	"model474"
0.199063670411985	0.0122018591391021	0.861985018726592	0.0122018591391021	0.337078651685393	0	"model475"
0.267790262172285	0.0210945633566989	0.707865168539326	0.0210945633566989	0.559925093632959	0	"model476"
0.376779026217228	0.0184076036160465	0.378651685393258	0.0184076036160465	0.99812734082397	0	"model477"
0.391947565543071	0.0145337334822034	0.401310861423221	0.0145337334822034	0.99063670411985	0	"model478"
0.199063670411985	0.0179412955032769	0.861985018726592	0.0179412955032769	0.337078651685393	0	"model479"
0.0144194756554307	0.000904580321235296	0.999438202247191	0.000904580321235298	0.0149812734082397	0	"model480"
0.212359550561798	0.00918260951232623	0.922097378277154	0.00918260951232622	0.290262172284644	0	"model481"
0.345880149812734	0.0174122621043773	0.345880149812734	0.0174122621043773	1	0	"model482"
0.168352059925094	0.00761701546106447	0.954868913857678	0.00761701546106449	0.213483146067416	0	"model483"
0.185393258426966	0.0214426517319821	0.185393258426966	0.0214426517319821	1	0	"model484"
0	0	1	0	0	0	"model485"
0.132209737827715	0.00655876431289073	0.963670411985019	0.00655876431289075	0.168539325842697	0	"model486"
0.17565543071161	0.0212381531059483	0.750561797752809	0.0212381531059483	0.425093632958801	0	"model487"
0.266666666666667	0.0159926994056428	0.699250936329588	0.0159926994056428	0.567415730337079	0	"model488"
0.212172284644195	0.014180920351956	0.702808988764045	0.014180920351956	0.50936329588015	0	"model489"
0.203932584269663	0.0111820736091933	0.896816479400749	0.0111820736091933	0.307116104868914	0	"model490"
0.0252808988764045	0.00268487055775363	0.993445692883895	0.00268487055775364	0.0318352059925094	0	"model491"
0.44063670411985	0.0165871050058466	0.44250936329588	0.0165871050058466	0.99812734082397	0	"model492"
0.0930711610486891	0.00491907323466805	0.984456928838951	0.00491907323466806	0.108614232209738	0	"model493"
0.141947565543071	0.0167449195596555	0.780524344569288	0.0167449195596556	0.361423220973783	0	"model494"
0.351498127340824	0.0202087219605449	0.353370786516854	0.0202087219605449	0.99812734082397	0	"model495"
0.190262172284644	0.00874798903438445	0.954307116104869	0.00874798903438447	0.235955056179775	0	"model496"
0.352996254681648	0.011851958518132	0.352996254681648	0.011851958518132	1	0	"model497"
0.386142322097378	0.0305012946270509	0.388014981273408	0.0305012946270509	0.99812734082397	0	"model498"
0	0	1	0	0	0	"model499"
0.323033707865169	0.0194261751805187	0.682584269662921	0.0194261751805186	0.640449438202247	0	"model500"
0.163295880149813	0.00659431343133296	0.959176029962547	0.00659431343133298	0.204119850187266	0	"model501"
0.447191011235955	0.0284523705799495	0.597003745318352	0.0284523705799496	0.850187265917603	0	"model502"
0.00936329588014981	0	1	0	0.00936329588014981	0	"model503"
0.0543071161048689	0.00514744772236911	0.98689138576779	0.0051474477223691	0.0674157303370786	0	"model504"
0.416666666666667	0.0238227960515123	0.426029962546816	0.0238227960515123	0.99063670411985	0	"model505"
0.477902621722846	0.0225895105681569	0.547191011235955	0.0225895105681569	0.930711610486891	0	"model506"
0.205430711610487	0.0133018865416542	0.896441947565543	0.0133018865416542	0.308988764044944	0	"model507"
0.0528089887640449	0.00513228584047303	0.983520599250936	0.00513228584047301	0.0692883895131086	0	"model508"
0.404681647940075	0.0170824203155967	0.64625468164794	0.0170824203155967	0.758426966292135	0	"model509"
0	0	1	0	0	0	"model510"
0.196816479400749	0.0168989549851636	0.863483146067416	0.0168989549851636	0.333333333333333	0	"model511"
0.492696629213483	0.0227553562449189	0.558239700374532	0.0227553562449189	0.934456928838951	0	"model512"
0.00749063670411985	0	1	0	0.00749063670411985	0	"model513"
0.0200374531835206	0.00234394299070145	0.995692883895131	0.00234394299070145	0.0243445692883895	0	"model514"
0.193071161048689	0.00915072904514186	0.934644194756554	0.00915072904514184	0.258426966292135	0	"model515"
0.341947565543071	0.0201730200341008	0.662172284644195	0.0201730200341008	0.679775280898876	0	"model516"
0.337640449438202	0.0187691983058815	0.654119850187266	0.0187691983058815	0.683520599250936	0	"model517"
0.459737827715356	0.0233770078789938	0.478464419475655	0.0233770078789938	0.9812734082397	0	"model518"
0	0	1	0	0	0	"model519"
0.194569288389513	0.00923549907258041	0.917415730337079	0.00923549907258043	0.277153558052434	0	"model520"
0.203370786516854	0.0101115888795588	0.877528089887641	0.0101115888795588	0.325842696629214	0	"model521"
0.145880149812734	0.0178192592820863	0.797565543071161	0.0178192592820863	0.348314606741573	0	"model522"
0.216666666666667	0.0113412324129298	0.898314606741573	0.0113412324129298	0.318352059925094	0	"model523"
0.290449438202247	0.0216677088061986	0.689325842696629	0.0216677088061986	0.601123595505618	0	"model524"
0.0149812734082397	0	1	0	0.0149812734082397	0	"model525"
0.314606741573034	0.0250933223998025	0.314606741573034	0.0250933223998025	1	0	"model526"
0.197565543071161	0.00909948797572612	0.946629213483146	0.00909948797572615	0.250936329588015	0	"model527"
0	0	1	0	0	0	"model528"
0.153932584269663	0.0104003323843488	0.81310861423221	0.0104003323843488	0.340823970037453	0	"model529"
0.333520599250936	0.0163600356777494	0.66123595505618	0.0163600356777494	0.672284644194757	0	"model530"
0.191573033707865	0.0110276855171405	0.93314606741573	0.0110276855171405	0.258426966292135	0	"model531"
0.461610486891386	0.0189797700318487	0.583333333333333	0.0189797700318487	0.878277153558052	0	"model532"
0	0	1	0	0	0	"model533"
0.444943820224719	0.0167076464593224	0.619101123595506	0.0167076464593224	0.825842696629214	0	"model534"
0.0132958801498127	0.00186222645320553	0.998314606741573	0.00186222645320553	0.0149812734082397	0	"model535"
0.423782771535581	0.0217323511572465	0.626029962546816	0.0217323511572465	0.797752808988764	0	"model536"
0.209176029962547	0.00900478874000665	0.907677902621723	0.00900478874000667	0.301498127340824	0	"model537"
0.408052434456929	0.0240863089807135	0.614044943820225	0.0240863089807135	0.794007490636704	0	"model538"
0	0	1	0	0	0	"model539"
0.161797752808989	0.0184160688285501	0.732958801498127	0.0184160688285501	0.428838951310861	0	"model540"
0.414044943820225	0.0194301863668469	0.605056179775281	0.0194301863668469	0.808988764044944	0	"model541"
0	0	1	0	0	0	"model542"
0	0	1	0	0	0	"model543"
0.398876404494382	0.0255396660992244	0.408239700374532	0.0255396660992244	0.99063670411985	0	"model544"
0.203558052434457	0.0132431712404926	0.887078651685393	0.0132431712404926	0.316479400749064	0	"model545"
0	0	1	0	0	0	"model546"
0.165730337078652	0.0131901040006963	0.828651685393258	0.0131901040006963	0.337078651685393	0	"model547"
0.137078651685393	0.00635356337078625	0.964794007490637	0.00635356337078627	0.172284644194757	0	"model548"
0.200187265917603	0.0131664499058923	0.200187265917603	0.0131664499058923	1	0	"model549"
0.348876404494382	0.0130952312637057	0.655992509363296	0.0130952312637057	0.692883895131086	0	"model550"
0.313670411985019	0.0225627585167638	0.313670411985019	0.0225627585167638	1	0	"model551"
0.206928838951311	0.00625778328831567	0.933520599250936	0.00625778328831564	0.273408239700375	0	"model552"
0.344569288389513	0.0166562597554636	0.662921348314607	0.0166562597554636	0.681647940074906	0	"model553"
0.0355805243445693	0.00279159547752783	0.99438202247191	0.00279159547752783	0.0411985018726592	0	"model554"
0.411985018726592	0.0348446585192331	0.421348314606742	0.0348446585192331	0.99063670411985	0	"model555"
0.164794007490637	0.00971058001629466	0.953183520599251	0.00971058001629468	0.211610486891386	0	"model556"
0	0	1	0	0	0	"model557"
0	0	1	0	0	0	"model558"
0.215917602996255	0.012915466645222	0.916292134831461	0.012915466645222	0.299625468164794	0	"model559"
0.320224719101124	0.0256006200429587	0.320224719101124	0.0256006200429587	1	0	"model560"
0	0	1	0	0	0	"model561"
0.494756554307116	0.0206804287049674	0.556554307116105	0.0206804287049674	0.938202247191011	0	"model562"
0.207865168539326	0.0156179725383231	0.882022471910112	0.0156179725383231	0.325842696629214	0	"model563"
0.469850187265918	0.0327039907930525	0.507303370786517	0.0327039907930525	0.962546816479401	0	"model564"
0.0189138576779026	0.00163969107822268	0.998314606741573	0.00163969107822269	0.0205992509363296	0	"model565"
0.0951310861423221	0.0100574951616094	0.0951310861423221	0.0100574951616094	1	0	"model566"
0.156741573033708	0.00896141281947969	0.960112359550562	0.00896141281947972	0.196629213483146	0	"model567"
0.462734082397004	0.0184847049698851	0.475842696629213	0.0184847049698851	0.98689138576779	0	"model568"
0.214232209737828	0.0147770094670914	0.888389513108614	0.0147770094670914	0.325842696629214	0	"model569"
0.0777153558052434	0.00516633750226181	0.984082397003745	0.0051663375022618	0.0936329588014981	0	"model570"
0.473782771535581	0.0184541142310793	0.49625468164794	0.0184541142310793	0.97752808988764	0	"model571"
0.321348314606742	0.0175493467074213	0.321348314606742	0.0175493467074213	1	0	"model572"
0.313670411985019	0.0108208088785017	0.688202247191011	0.0108208088785017	0.625468164794007	0	"model573"
0.468539325842697	0.0137838118625274	0.491011235955056	0.0137838118625274	0.97752808988764	0	"model574"
0.294943820224719	0.0187525828786514	0.294943820224719	0.0187525828786514	1	0	"model575"
0.144007490636704	0.00575163520588737	0.966104868913858	0.00575163520588738	0.177902621722846	0	"model576"
0.157677902621723	0.0145270294210126	0.8187265917603	0.0145270294210126	0.338951310861423	0	"model577"
0.0159176029962547	0.000986978046244812	0.999063670411985	0.000986978046244815	0.0168539325842697	0	"model578"
0.208052434456929	0.0153016614961765	0.915917602996255	0.0153016614961766	0.292134831460674	0	"model579"
0.478838951310861	0.0225247333106868	0.510674157303371	0.0225247333106868	0.968164794007491	0	"model580"
0	0	1	0	0	0	"model581"
0	0	1	0	0	0	"model582"
0.0168539325842697	0.00124843945068664	0.99812734082397	0.00124843945068664	0.0187265917602996	0	"model583"
0.206367041198502	0.0133821994465534	0.880524344569288	0.0133821994465534	0.325842696629214	0	"model584"
0.15374531835206	0.0177535376691287	0.797940074906367	0.0177535376691287	0.355805243445693	0	"model585"
0.170411985018727	0.0105565134365092	0.170411985018727	0.0105565134365092	1	0	"model586"
0.354681647940075	0.0166375343310439	0.659925093632959	0.0166375343310439	0.694756554307116	0	"model587"
0.206741573033708	0.00943377552425097	0.929588014981273	0.00943377552425094	0.277153558052434	0	"model588"
0.292883895131086	0.0183737037647793	0.292883895131086	0.0183737037647793	1	0	"model589"
0.102059925093633	0.00509035781220353	0.976591760299625	0.00509035781220349	0.125468164794007	0	"model590"
0.156554307116105	0.0138514905600801	0.808239700374532	0.0138514905600801	0.348314606741573	0	"model591"
0	0	1	0	0	0	"model592"
0.343632958801498	0.015896169261232	0.652621722846442	0.015896169261232	0.691011235955056	0	"model593"
0.178464419475655	0.0183280521031063	0.839513108614232	0.0183280521031063	0.338951310861423	0	"model594"
0.176404494382022	0.0138964265761242	0.762546816479401	0.0138964265761242	0.413857677902622	0	"model595"
0.20749063670412	0.00877467335371065	0.907865168539326	0.00877467335371067	0.299625468164794	0	"model596"
0.480711610486891	0.0259039904692461	0.514419475655431	0.0259039904692461	0.966292134831461	0	"model597"
0.188014981273408	0.00500933898819947	0.948314606741573	0.00500933898819948	0.239700374531835	0	"model598"
0.171535580524345	0.00905441416452871	0.958052434456929	0.00905441416452873	0.213483146067416	0	"model599"
0.00561797752808989	0	1	0	0.00561797752808989	0	"model600"
0	0	1	0	0	0	"model601"
0.389700374531835	0.0156541065531632	0.391573033707865	0.0156541065531632	0.99812734082397	0	"model602"
0.20936329588015	0.0122893629985765	0.891011235955056	0.0122893629985765	0.318352059925094	0	"model603"
0.0164794007490637	0.00212601577602077	0.997752808988764	0.00212601577602078	0.0187265917602996	0	"model604"
0.408239700374532	0.0187681602726254	0.653558052434457	0.0187681602726254	0.754681647940075	0	"model605"
0.388202247191011	0.0211508266937579	0.390074906367041	0.0211508266937579	0.99812734082397	0	"model606"
0.00187265917602996	0	1	0	0.00187265917602996	0	"model607"
0.47752808988764	0.015987825811318	0.552434456928839	0.015987825811318	0.925093632958802	0	"model608"
0.467228464419476	0.0266337813379316	0.493445692883895	0.0266337813379316	0.973782771535581	0	"model609"
0.115917602996255	0.00651405510521576	0.977340823970037	0.00651405510521573	0.138576779026217	0	"model610"
0.490449438202247	0.0227210835298658	0.557865168539326	0.0227210835298658	0.932584269662921	0	"model611"
0.182958801498127	0.0182214431711405	0.744756554307116	0.0182214431711405	0.438202247191011	0	"model612"
0.202434456928839	0.0128063967122757	0.912172284644195	0.0128063967122758	0.290262172284644	0	"model613"
0	0	1	0	0	0	"model614"
0.201685393258427	0.0147202076292703	0.872097378277154	0.0147202076292703	0.329588014981273	0	"model615"
0.152059925093633	0.0136131431446032	0.762546816479401	0.0136131431446032	0.389513108614232	0	"model616"
0.202621722846442	0.0129380738157619	0.876779026217228	0.0129380738157619	0.325842696629214	0	"model617"
0.219288389513109	0.0112515497271909	0.219288389513109	0.0112515497271909	1	0	"model618"
0.179775280898876	0.00717173863487894	0.949438202247191	0.00717173863487895	0.230337078651685	0	"model619"
0.299812734082397	0.0140539574350376	0.715543071161049	0.0140539574350376	0.584269662921348	0	"model620"
0.157865168539326	0.0142083708622606	0.811423220973783	0.0142083708622606	0.346441947565543	0	"model621"
0.474719101123595	0.0127086598448829	0.512172284644195	0.0127086598448829	0.962546816479401	0	"model622"
0.203183520599251	0.0166621071348803	0.888576779026217	0.0166621071348803	0.314606741573034	0	"model623"
0.00561797752808989	0	1	0	0.00561797752808989	0	"model624"
0.148689138576779	0.0208941177721103	0.800374531835206	0.0208941177721103	0.348314606741573	0	"model625"
0	0	1	0	0	0	"model626"
0.450561797752809	0.0219491136102055	0.463670411985019	0.0219491136102055	0.98689138576779	0	"model627"
0	0	1	0	0	0	"model628"
0.208614232209738	0.0133938412055594	0.882771535580524	0.0133938412055594	0.325842696629214	0	"model629"
0.467977528089888	0.0201778483101887	0.499812734082397	0.0201778483101887	0.968164794007491	0	"model630"
0.198689138576779	0.0180366018604495	0.870973782771536	0.0180366018604495	0.327715355805243	0	"model631"
0.324157303370787	0.0338744899134083	0.324157303370787	0.0338744899134083	1	0	"model632"
0.175468164794007	0.00660906912987087	0.958239700374532	0.00660906912987089	0.217228464419476	0	"model633"
0.360112359550562	0.0197010311778904	0.361985018726592	0.0197010311778904	0.99812734082397	0	"model634"
0.393071161048689	0.0196495406585388	0.394943820224719	0.0196495406585388	0.99812734082397	0	"model635"
0.338202247191011	0.0116847530155282	0.338202247191011	0.0116847530155282	1	0	"model636"
0.221910112359551	0.011917530019998	0.221910112359551	0.011917530019998	1	0	"model637"
0.214044943820225	0.00900478874000664	0.914419475655431	0.00900478874000667	0.299625468164794	0	"model638"
0.0449438202247191	0.00353112000592533	0.99063670411985	0.00353112000592534	0.0543071161048689	0	"model639"
0.196816479400749	0.0101596434648558	0.934644194756554	0.0101596434648558	0.262172284644195	0	"model640"
0.196629213483146	0.0112359550561798	0.870786516853933	0.0112359550561798	0.325842696629214	0	"model641"
0	0	1	0	0	0	"model642"
0.173970037453184	0.0144098794751743	0.750749063670412	0.0144098794751743	0.423220973782772	0	"model643"
0.186516853932584	0.0129501148363445	0.849438202247191	0.0129501148363445	0.337078651685393	0	"model644"
0.36310861423221	0.0155792538455711	0.649625468164794	0.0155792538455711	0.713483146067416	0	"model645"
0.0127340823970037	0.00078958243699585	0.999625468164794	0.000789582436995852	0.0131086142322097	0	"model646"
0.153558052434457	0.0190156631856777	0.777153558052434	0.0190156631856777	0.376404494382022	0	"model647"
0.37247191011236	0.0159987893108198	0.374344569288389	0.0159987893108198	0.99812734082397	0	"model648"
0.169288389513109	0.00775641676255135	0.961423220973783	0.00775641676255136	0.207865168539326	0	"model649"
0.345505617977528	0.0328561419005497	0.667602996254682	0.0328561419005497	0.677902621722846	0	"model650"
0.0779026217228464	0.00612880784451115	0.984269662921348	0.00612880784451114	0.0936329588014981	0	"model651"
0	0	1	0	0	0	"model652"
0.138951310861423	0.0146072750844232	0.79063670411985	0.0146072750844232	0.348314606741573	0	"model653"
0.339700374531835	0.0186682403420911	0.658052434456929	0.0186682403420911	0.681647940074906	0	"model654"
0.392883895131086	0.0151827895024053	0.394756554307116	0.0151827895024054	0.99812734082397	0	"model655"
0.139700374531835	0.0176379355929582	0.800749063670412	0.0176379355929582	0.338951310861423	0	"model656"
0.0773408239700375	0.00342468582380654	0.981835205992509	0.00342468582380655	0.0955056179775281	0	"model657"
0.206367041198502	0.0130579843845122	0.925468164794008	0.0130579843845122	0.280898876404494	0	"model658"
0.487265917602996	0.0240596017098834	0.562172284644195	0.0240596017098834	0.925093632958802	0	"model659"
0.317228464419476	0.0237728573186387	0.688014981273408	0.0237728573186387	0.629213483146067	0	"model660"
0.471535580524345	0.0148978116256443	0.582022471910112	0.0148978116256443	0.889513108614232	0	"model661"
0.219850187265918	0.0176379355929582	0.918352059925094	0.0176379355929582	0.301498127340824	0	"model662"
0.212546816479401	0.0130714054877478	0.922284644194757	0.0130714054877478	0.290262172284644	0	"model663"
0.212172284644195	0.0121698835622808	0.912546816479401	0.0121698835622809	0.299625468164794	0	"model664"
0.154681647940075	0.0156727638716357	0.817602996254682	0.0156727638716357	0.337078651685393	0	"model665"
0.205805243445693	0.0138303765435987	0.87621722846442	0.0138303765435987	0.329588014981273	0	"model666"
0.18501872659176	0.0115708180881234	0.935955056179775	0.0115708180881233	0.249063670411985	0	"model667"
0.0174157303370787	0.00177656048324066	0.996816479400749	0.00177656048324067	0.0205992509363296	0	"model668"
0.0385767790262172	0.00320729902089017	0.991760299625468	0.00320729902089018	0.0468164794007491	0	"model669"
0.191947565543071	0.0180969900303673	0.854868913857678	0.0180969900303673	0.337078651685393	0	"model670"
0.135393258426966	0.0194822566360019	0.788951310861423	0.0194822566360019	0.346441947565543	0	"model671"
0	0	1	0	0	0	"model672"
0.0200374531835206	0.00217135170173859	0.993820224719101	0.00217135170173859	0.0262172284644195	0	"model673"
0.142883895131086	0.0175237945162174	0.794569288389513	0.0175237945162174	0.348314606741573	0	"model674"
0.157865168539326	0.0109211696384547	0.818913857677903	0.0109211696384547	0.338951310861423	0	"model675"
0	0	1	0	0	0	"model676"
0.462921348314607	0.0228978906728796	0.481647940074906	0.0228978906728797	0.9812734082397	0	"model677"
0	0	1	0	0	0	"model678"
0.217790262172285	0.0257379955783201	0.217790262172285	0.0257379955783201	1	0	"model679"
0.470973782771536	0.0135973913300824	0.514044943820225	0.0135973913300824	0.956928838951311	0	"model680"
0.386704119850187	0.0218075250556347	0.388576779026217	0.0218075250556347	0.99812734082397	0	"model681"
0	0	1	0	0	0	"model682"
0.19438202247191	0.0168145839274239	0.862921348314607	0.0168145839274238	0.331460674157303	0	"model683"
0.459925093632959	0.0108549638548236	0.480524344569288	0.0108549638548236	0.97940074906367	0	"model684"
0	0	1	0	0	0	"model685"
0.338202247191011	0.0236083828286099	0.347565543071161	0.0236083828286099	0.99063670411985	0	"model686"
0.399812734082397	0.0305070427797438	0.409176029962547	0.0305070427797438	0.99063670411985	0	"model687"
0.193445692883895	0.00784880290087386	0.94063670411985	0.00784880290087385	0.252808988764045	0	"model688"
0.213670411985019	0.00992686013535473	0.929026217228464	0.00992686013535472	0.284644194756554	0	"model689"
0.0217228464419476	0.00332656993619831	0.993632958801498	0.00332656993619832	0.0280898876404494	0	"model690"
0.165168539325843	0.0111594007391194	0.828089887640449	0.0111594007391194	0.337078651685393	0	"model691"
0.220973782771536	0.0214062774025996	0.734082397003745	0.0214062774025996	0.48689138576779	0	"model692"
0	0	1	0	0	0	"model693"
0.363295880149813	0.021731454663582	0.365168539325843	0.021731454663582	0.99812734082397	0	"model694"
0.431647940074906	0.0177051867711396	0.592696629213483	0.0177051867711396	0.838951310861423	0	"model695"
0	0	1	0	0	0	"model696"
0.216104868913858	0.00734354115847827	0.920224719101124	0.00734354115847827	0.295880149812734	0	"model697"
0.0428838951310861	0.0050287475808047	0.990449438202247	0.00502874758080471	0.052434456928839	0	"model698"
0	0	1	0	0	0	"model699"
0.368352059925094	0.0174569605789085	0.370224719101124	0.0174569605789085	0.99812734082397	0	"model700"
0.363483146067416	0.030072234722694	0.64250936329588	0.030072234722694	0.720973782771536	0	"model701"
0.427902621722846	0.0250038767195627	0.439138576779026	0.0250038767195627	0.98876404494382	0	"model702"
0.178464419475655	0.0112029616851986	0.740262172284644	0.0112029616851986	0.438202247191011	0	"model703"
0.384831460674157	0.0236751326698038	0.652621722846442	0.0236751326698039	0.732209737827715	0	"model704"
0.455243445692884	0.0185478359766508	0.603183520599251	0.0185478359766508	0.852059925093633	0	"model705"
0.21310861423221	0.00688342010091896	0.915355805243446	0.00688342010091898	0.297752808988764	0	"model706"
0.144007490636704	0.0125606286667533	0.799438202247191	0.0125606286667533	0.344569288389513	0	"model707"
0.473595505617978	0.0177535376691287	0.496067415730337	0.0177535376691287	0.97752808988764	0	"model708"
0.203558052434457	0.0107049588082258	0.930149812734082	0.0107049588082258	0.273408239700375	0	"model709"
0.169850187265918	0.0225765699855095	0.830898876404494	0.0225765699855095	0.338951310861423	0	"model710"
0.165168539325843	0.0176290967371824	0.826217228464419	0.0176290967371824	0.338951310861423	0	"model711"
0.354681647940075	0.0210797808998332	0.356554307116105	0.0210797808998332	0.99812734082397	0	"model712"
0.356741573033708	0.024972690082269	0.358614232209738	0.0249726900822691	0.99812734082397	0	"model713"
0.138576779026217	0.0166094066112985	0.790262172284644	0.0166094066112985	0.348314606741573	0	"model714"
0.402247191011236	0.0238971008519459	0.411610486891386	0.0238971008519459	0.99063670411985	0	"model715"
0.340823970037453	0.0211683207962711	0.666666666666667	0.0211683207962711	0.674157303370786	0	"model716"
0.14812734082397	0.0165730043189631	0.756741573033708	0.0165730043189631	0.391385767790262	0	"model717"
0.204307116104869	0.0142467127191839	0.878464419475655	0.0142467127191839	0.325842696629214	0	"model718"
0.485955056179775	0.0326539117344583	0.532771535580524	0.0326539117344583	0.953183520599251	0	"model719"
0.296816479400749	0.014323088521328	0.296816479400749	0.014323088521328	1	0	"model720"
0.370224719101124	0.0269941653237497	0.370224719101124	0.0269941653237497	1	0	"model721"
0.20561797752809	0.0086404277018718	0.932209737827715	0.00864042770187177	0.273408239700375	0	"model722"
0	0	1	0	0	0	"model723"
0.387640449438202	0.0204187605915058	0.397003745318352	0.0204187605915058	0.99063670411985	0	"model724"
0.0447565543071161	0.00462512697948632	0.988576779026217	0.00462512697948633	0.0561797752808989	0	"model725"
0.152621722846442	0.00600355307792489	0.967228464419476	0.0060035530779249	0.185393258426966	0	"model726"
0.439325842696629	0.017145033108717	0.456179775280899	0.017145033108717	0.98314606741573	0	"model727"
0.128464419475655	0.0164254023949955	0.128464419475655	0.0164254023949955	1	0	"model728"
0.217602996254682	0.0121938731056927	0.925468164794008	0.0121938731056927	0.292134831460674	0	"model729"
0.147003745318352	0.00406941473483312	0.963483146067416	0.00406941473483312	0.183520599250936	0	"model730"
0	0	1	0	0	0	"model731"
0.175280898876404	0.01596831655962	0.748314606741573	0.0159683165596199	0.426966292134831	0	"model732"
0.348501872659176	0.018983875541313	0.350374531835206	0.018983875541313	0.99812734082397	0	"model733"
0.209737827715356	0.0148768730184931	0.889513108614232	0.0148768730184931	0.320224719101124	0	"model734"
0	0	1	0	0	0	"model735"
0.459737827715356	0.0174614241332077	0.478464419475655	0.0174614241332077	0.9812734082397	0	"model736"
0.0262172284644195	0.00318290856029512	0.99250936329588	0.00318290856029513	0.0337078651685393	0	"model737"
0	0	1	0	0	0	"model738"
0	0	1	0	0	0	"model739"
0.153183520599251	0.0196167938821663	0.808614232209738	0.0196167938821662	0.344569288389513	0	"model740"
0	0	1	0	0	0	"model741"
0.189700374531835	0.00784880290087386	0.94438202247191	0.00784880290087386	0.245318352059925	0	"model742"
0.0177902621722846	0.00159145428014756	0.997191011235955	0.00159145428014756	0.0205992509363296	0	"model743"
0.0934456928838951	0.00454009901272614	0.973595505617978	0.00454009901272611	0.119850187265918	0	"model744"
0.425468164794008	0.0233361353071486	0.427340823970037	0.0233361353071486	0.99812734082397	0	"model745"
0.0142322097378277	0.000967037040251539	0.999250936329588	0.000967037040251542	0.0149812734082397	0	"model746"
0.376966292134831	0.0277767257021374	0.378838951310861	0.0277767257021374	0.99812734082397	0	"model747"
0.380149812734082	0.0212234706616729	0.616104868913858	0.0212234706616729	0.764044943820225	0	"model748"
0.0550561797752809	0.00523749736913933	0.987640449438202	0.00523749736913932	0.0674157303370786	0	"model749"
0.0760299625468165	0.00545612319186321	0.982397003745318	0.00545612319186319	0.0936329588014981	0	"model750"
0.206741573033708	0.0145645324175679	0.873408239700375	0.0145645324175679	0.333333333333333	0	"model751"
0.204868913857678	0.00861332749596022	0.937078651685393	0.0086133274959602	0.267790262172285	0	"model752"
0	0	1	0	0	0	"model753"
0.0808988764044944	0.00489923017986232	0.979775280898876	0.00489923017986227	0.101123595505618	0	"model754"
0.208614232209738	0.00838408658695671	0.914606741573034	0.0083840865869567	0.294007490636704	0	"model755"
0	0	1	0	0	0	"model756"
0.291573033707865	0.0107775110367767	0.291573033707865	0.0107775110367767	1	0	"model757"
0.329026217228464	0.0154688146943543	0.329026217228464	0.0154688146943543	1	0	"model758"
0.306554307116105	0.0186651092252477	0.306554307116105	0.0186651092252477	1	0	"model759"
0	0	1	0	0	0	"model760"
0.159176029962547	0.014013698077805	0.777153558052434	0.014013698077805	0.382022471910112	0	"model761"
0.391385767790262	0.0193407408050308	0.400749063670412	0.0193407408050308	0.99063670411985	0	"model762"
0.160299625468165	0.00951602446949289	0.959925093632959	0.00951602446949291	0.200374531835206	0	"model763"
0.436329588014981	0.0218566059925238	0.447565543071161	0.0218566059925238	0.98876404494382	0	"model764"
0.267977528089888	0.0190862262698298	0.267977528089888	0.0190862262698298	1	0	"model765"
0.460112359550562	0.0239500345689494	0.514419475655431	0.0239500345689494	0.945692883895131	0	"model766"
0.134269662921348	0.0214617235760934	0.787827715355805	0.0214617235760934	0.346441947565543	0	"model767"
0.149438202247191	0.0173842671955928	0.763670411985019	0.0173842671955928	0.385767790262172	0	"model768"
0.00561797752808989	0	1	0	0.00561797752808989	0	"model769"
0	0	1	0	0	0	"model770"
0.257677902621723	0.0173483677929118	0.257677902621723	0.0173483677929118	1	0	"model771"
0.436142322097378	0.0190658000800419	0.454868913857678	0.0190658000800419	0.9812734082397	0	"model772"
0.170224719101124	0.019228602053718	0.771348314606742	0.019228602053718	0.398876404494382	0	"model773"
0.447940074906367	0.0236182835976878	0.466666666666667	0.0236182835976878	0.9812734082397	0	"model774"
0.15	0.0213232946521152	0.766104868913858	0.0213232946521152	0.383895131086142	0	"model775"
0.408614232209738	0.0188262019936522	0.410486891385768	0.0188262019936523	0.99812734082397	0	"model776"
0.0142322097378277	0.000967037040251539	0.999250936329588	0.000967037040251542	0.0149812734082397	0	"model777"
0.196629213483146	0.00882780001481333	0.919475655430712	0.00882780001481335	0.277153558052434	0	"model778"
0.196629213483146	0.0190974513617707	0.859550561797753	0.0190974513617707	0.337078651685393	0	"model779"
0.191011235955056	0.0264539576784233	0.191011235955056	0.0264539576784233	1	0	"model780"
0	0	1	0	0	0	"model781"
0.449625468164794	0.0167367731619174	0.451498127340824	0.0167367731619174	0.99812734082397	0	"model782"
0.217041198501873	0.01837900473825	0.733895131086142	0.01837900473825	0.48314606741573	0	"model783"
0.0732209737827715	0.00595140396332236	0.985205992509363	0.00595140396332236	0.0880149812734082	0	"model784"
0	0	1	0	0	0	"model785"
0.19812734082397	0.0120653777062168	0.868539325842697	0.0120653777062168	0.329588014981273	0	"model786"
0.241198501872659	0.0183227363884718	0.241198501872659	0.0183227363884718	1	0	"model787"
0.258052434456929	0.0216740019400219	0.258052434456929	0.0216740019400219	1	0	"model788"
0.34063670411985	0.0183577916601535	0.687078651685393	0.0183577916601535	0.653558052434457	0	"model789"
0.345318352059925	0.0171222913118539	0.676779026217228	0.0171222913118539	0.668539325842697	0	"model790"
0.19250936329588	0.0229828174931235	0.855430711610487	0.0229828174931235	0.337078651685393	0	"model791"
0.0876404494382022	0.00966230839994474	0.977153558052434	0.00966230839994472	0.110486891385768	0	"model792"
0.0140449438202247	0.001324170002222	0.999063670411985	0.001324170002222	0.0149812734082397	0	"model793"
0.224531835205993	0.0265194223959503	0.718913857677903	0.0265194223959503	0.50561797752809	0	"model794"
0.0559925093632959	0.00389324996991577	0.990449438202247	0.00389324996991578	0.0655430711610487	0	"model795"
0.190262172284644	0.0177040863524325	0.853183520599251	0.0177040863524325	0.337078651685393	0	"model796"
0.0567415730337079	0.00467540157579875	0.987453183520599	0.00467540157579876	0.0692883895131086	0	"model797"
0.208988764044944	0.00971860197554485	0.90749063670412	0.00971860197554487	0.301498127340824	0	"model798"
0	0	1	0	0	0	"model799"
0.21123595505618	0.0106227452615144	0.937827715355805	0.0106227452615144	0.273408239700375	0	"model800"
0.30749063670412	0.0158360004698393	0.693258426966292	0.0158360004698393	0.614232209737828	0	"model801"
0.207677902621723	0.00972862012270076	0.906179775280899	0.00972862012270078	0.301498127340824	0	"model802"
0.196441947565543	0.0140816554466037	0.8687265917603	0.0140816554466037	0.327715355805243	0	"model803"
0.00749063670411985	0	1	0	0.00749063670411985	0	"model804"
0	0	1	0	0	0	"model805"
0.214606741573034	0.0109621230554383	0.89438202247191	0.0109621230554383	0.320224719101124	0	"model806"
0.186329588014981	0.0166621071348803	0.851123595505618	0.0166621071348803	0.335205992509363	0	"model807"
0.299250936329588	0.0167913945853632	0.299250936329588	0.0167913945853632	1	0	"model808"
0	0	1	0	0	0	"model809"
0.224719101123595	0.0167029814734827	0.224719101123595	0.0167029814734827	1	0	"model810"
0	0	1	0	0	0	"model811"
0.100187265917603	0.00524121586259259	0.980337078651685	0.00524121586259257	0.119850187265918	0	"model812"
0.0219101123595506	0.00353663307720731	0.993820224719101	0.00353663307720732	0.0280898876404494	0	"model813"
0.481647940074906	0.0166515803735043	0.579026217228464	0.0166515803735043	0.902621722846442	0	"model814"
0.195505617977528	0.0111733587192332	0.862172284644195	0.0111733587192332	0.333333333333333	0	"model815"
0.218913857677903	0.0130773660012758	0.893071161048689	0.0130773660012758	0.325842696629214	0	"model816"
0	0	1	0	0	0	"model817"
0.140449438202247	0.007945020013332	0.966292134831461	0.00794502001333201	0.174157303370787	0	"model818"
0.450936329588015	0.0177831424525038	0.591385767790262	0.0177831424525038	0.859550561797753	0	"model819"
0.347752808988764	0.0105213896625272	0.697940074906367	0.0105213896625272	0.649812734082397	0	"model820"
0.39625468164794	0.0218066316524489	0.634082397003745	0.0218066316524489	0.762172284644195	0	"model821"
0.179962546816479	0.0122782607776886	0.944007490636704	0.0122782607776886	0.235955056179775	0	"model822"
0.475468164794007	0.0242153811566641	0.535393258426966	0.0242153811566641	0.940074906367041	0	"model823"
0.213483146067416	0.0124531444090262	0.889513108614232	0.0124531444090262	0.323970037453184	0	"model824"
0.0215355805243446	0.00296093413873444	0.995318352059925	0.00296093413873445	0.0262172284644195	0	"model825"
0	0	1	0	0	0	"model826"
0.201685393258427	0.0124233840062841	0.875842696629214	0.0124233840062841	0.325842696629214	0	"model827"
0.47565543071161	0.0214426517319821	0.5187265917603	0.0214426517319821	0.956928838951311	0	"model828"
0.194007490636704	0.00643884991671792	0.941198501872659	0.00643884991671791	0.252808988764045	0	"model829"
0.39438202247191	0.0275958779332753	0.39625468164794	0.0275958779332753	0.99812734082397	0	"model830"
0.0166666666666667	0.00138176926474274	0.997940074906367	0.00138176926474274	0.0187265917602996	0	"model831"
0.46685393258427	0.0168203762676444	0.509925093632959	0.0168203762676444	0.956928838951311	0	"model832"
0	0	1	0	0	0	"model833"
0.175280898876404	0.0113119913009481	0.958052434456929	0.0113119913009481	0.217228464419476	0	"model834"
0	0	1	0	0	0	"model835"
0.141385767790262	0.0206323269426197	0.779962546816479	0.0206323269426197	0.361423220973783	0	"model836"
0.195692883895131	0.0112099157278826	0.941011235955056	0.0112099157278826	0.254681647940075	0	"model837"
0.188576779026217	0.0123919800531062	0.853370786516854	0.0123919800531062	0.335205992509363	0	"model838"
0.214419475655431	0.0101135154469536	0.920411985018727	0.0101135154469536	0.294007490636704	0	"model839"
0.209176029962547	0.012915466645222	0.883333333333333	0.012915466645222	0.325842696629214	0	"model840"
0.205805243445693	0.0185268162101783	0.891198501872659	0.0185268162101783	0.314606741573034	0	"model841"
0	0	1	0	0	0	"model842"
0.167041198501873	0.0199516092394237	0.828089887640449	0.0199516092394237	0.338951310861423	0	"model843"
0.0217228464419476	0.00281937323112015	0.995505617977528	0.00281937323112016	0.0262172284644195	0	"model844"
0.19438202247191	0.011366970926432	0.857303370786517	0.011366970926432	0.337078651685393	0	"model845"
0.155056179775281	0.0111244291685121	0.782397003745318	0.0111244291685121	0.372659176029963	0	"model846"
0.157303370786517	0.0198380132110745	0.812734082397004	0.0198380132110745	0.344569288389513	0	"model847"
0.242134831460674	0.0127025263214344	0.242134831460674	0.0127025263214344	1	0	"model848"
0	0	1	0	0	0	"model849"
0.209550561797753	0.010755796754738	0.902434456928839	0.010755796754738	0.307116104868914	0	"model850"
0	0	1	0	0	0	"model851"
0.424906367041198	0.0199838073729415	0.426779026217228	0.0199838073729415	0.99812734082397	0	"model852"
0.139138576779026	0.0178978066609815	0.781460674157303	0.0178978066609815	0.357677902621723	0	"model853"
0.205430711610487	0.0126101654768559	0.888951310861423	0.0126101654768559	0.316479400749064	0	"model854"
0	0	1	0	0	0	"model855"
0.207303370786517	0.0130056595471698	0.902059925093633	0.0130056595471698	0.305243445692884	0	"model856"
0.201498127340824	0.0146179412231825	0.931835205992509	0.0146179412231825	0.269662921348315	0	"model857"
0.490449438202247	0.0164550286994977	0.576591760299625	0.0164550286994977	0.913857677902622	0	"model858"
0.0874531835205992	0.00375051657573029	0.984456928838951	0.0037505165757303	0.102996254681648	0	"model859"
0.376029962546816	0.0244132965025325	0.385393258426966	0.0244132965025325	0.99063670411985	0	"model860"
0.177902621722846	0.0105565134365092	0.838951310861423	0.0105565134365092	0.338951310861423	0	"model861"
0.0544943820224719	0.00470861976670315	0.985205992509363	0.00470861976670313	0.0692883895131086	0	"model862"
0.17434456928839	0.0136887841930045	0.835393258426966	0.0136887841930044	0.338951310861423	0	"model863"
0.200936329588015	0.0104842901476313	0.875093632958801	0.0104842901476313	0.325842696629214	0	"model864"
0.196816479400749	0.00703182897210434	0.944007490636704	0.00703182897210433	0.252808988764045	0	"model865"
0.249812734082397	0.0179662539207975	0.249812734082397	0.0179662539207975	1	0	"model866"
0.185767790262172	0.01257148152327	0.846816479400749	0.01257148152327	0.338951310861423	0	"model867"
0.47565543071161	0.0231887336092468	0.526217228464419	0.0231887336092468	0.949438202247191	0	"model868"
0.0395131086142322	0.00358043205985018	0.990823970037453	0.00358043205985019	0.048689138576779	0	"model869"
0.257865168539326	0.0163505060216749	0.257865168539326	0.0163505060216749	1	0	"model870"
0.171161048689139	0.0127683072914313	0.768539325842697	0.0127683072914313	0.402621722846442	0	"model871"
0.19438202247191	0.00758369165966913	0.939700374531835	0.00758369165966913	0.254681647940075	0	"model872"
0.143632958801498	0.0135916588714254	0.782209737827715	0.0135916588714254	0.361423220973783	0	"model873"
0.441011235955056	0.0175504568283515	0.615168539325843	0.0175504568283515	0.825842696629214	0	"model874"
0.284644194756554	0.0280551873336382	0.284644194756554	0.0280551873336382	1	0	"model875"
0.101310861423221	0.00834915759219611	0.977715355805243	0.00834915759219607	0.123595505617978	0	"model876"
0.136329588014981	0.0250591374131712	0.769288389513109	0.0250591374131712	0.367041198501873	0	"model877"
0.144007490636704	0.00960771293798748	0.962359550561798	0.0096077129379875	0.181647940074906	0	"model878"
0.485767790262172	0.0154473888601572	0.523220973782772	0.0154473888601572	0.962546816479401	0	"model879"
0.162172284644195	0.0212454905230289	0.823220973782772	0.0212454905230288	0.338951310861423	0	"model880"
0	0	1	0	0	0	"model881"
0.307303370786517	0.0185057725684368	0.307303370786517	0.0185057725684368	1	0	"model882"
0.291947565543071	0.0179933433694336	0.291947565543071	0.0179933433694336	1	0	"model883"
0.0737827715355805	0.00451859202767887	0.983895131086142	0.00451859202767888	0.0898876404494382	0	"model884"
0.432958801498127	0.0267002645262715	0.625842696629213	0.0267002645262715	0.807116104868914	0	"model885"
0.110112359550562	0.0074802258072136	0.971535580524345	0.00748022580721358	0.138576779026217	0	"model886"
0.0220973782771536	0.00212601577602077	0.995880149812734	0.00212601577602078	0.0262172284644195	0	"model887"
0	0	1	0	0	0	"model888"
0.195880149812734	0.00800365564285873	0.933707865168539	0.0080036556428587	0.262172284644195	0	"model889"
0.406367041198502	0.0119420265104301	0.417602996254682	0.0119420265104301	0.98876404494382	0	"model890"
0	0	1	0	0	0	"model891"
0.0209737827715356	0.00230200860356876	0.994756554307116	0.00230200860356877	0.0262172284644195	0	"model892"
0.458426966292135	0.0128474064491265	0.477153558052434	0.0128474064491265	0.9812734082397	0	"model893"
0.115543071161049	0.00769842876070954	0.978838951310861	0.00769842876070951	0.136704119850187	0	"model894"
0.282958801498127	0.0196891607021123	0.282958801498127	0.0196891607021123	1	0	"model895"
0.154494382022472	0.0126779625540511	0.815543071161049	0.0126779625540512	0.338951310861423	0	"model896"
0.0855805243445693	0.00522632601471523	0.975093632958801	0.00522632601471519	0.110486891385768	0	"model897"
0.482022471910112	0.0147506172162217	0.570037453183521	0.0147506172162216	0.911985018726592	0	"model898"
0.479588014981273	0.0269421506122707	0.554494382022472	0.0269421506122707	0.925093632958802	0	"model899"
0.0943820224719101	0.00661790675690316	0.980149812734082	0.00661790675690314	0.114232209737828	0	"model900"
0.287453183520599	0.0156242085028512	0.686329588014981	0.0156242085028512	0.601123595505618	0	"model901"
0	0	1	0	0	0	"model902"
0.188202247191011	0.00815078954881436	0.941011235955056	0.00815078954881434	0.247191011235955	0	"model903"
0.12940074906367	0.00657359980868952	0.964606741573034	0.00657359980868954	0.164794007490637	0	"model904"
0.338014981273408	0.0194462228382587	0.654494382022472	0.0194462228382587	0.683520599250936	0	"model905"
0.160299625468165	0.0132769642658132	0.755805243445693	0.0132769642658131	0.404494382022472	0	"model906"
0.195318352059925	0.0123919800531062	0.92752808988764	0.0123919800531061	0.267790262172285	0	"model907"
0.192883895131086	0.00804250856849258	0.855805243445693	0.00804250856849261	0.337078651685393	0	"model908"
0.166104868913858	0.00878576790025059	0.827153558052435	0.00878576790025058	0.338951310861423	0	"model909"
0.204868913857678	0.0125528708816474	0.905243445692884	0.0125528708816474	0.299625468164794	0	"model910"
0.462546816479401	0.0162776589393325	0.48314606741573	0.0162776589393325	0.97940074906367	0	"model911"
0.0576779026217228	0.00372445290641106	0.988389513108614	0.00372445290641107	0.0692883895131086	0	"model912"
0.475468164794007	0.0430073347853417	0.492322097378277	0.0430073347853416	0.98314606741573	0	"model913"
0.231835205992509	0.0215477900578914	0.231835205992509	0.0215477900578914	1	0	"model914"
0.0546816479400749	0.0047374946219751	0.987265917602996	0.00473749462197511	0.0674157303370786	0	"model915"
0.17434456928839	0.0167367731619174	0.835393258426966	0.0167367731619174	0.338951310861423	0	"model916"
0.219850187265918	0.0150124519506191	0.219850187265918	0.0150124519506191	1	0	"model917"
0.154307116104869	0.00790568798950689	0.967041198501873	0.0079056879895069	0.187265917602996	0	"model918"
0.244194756554307	0.0287439458492133	0.244194756554307	0.0287439458492133	1	0	"model919"
0	0	1	0	0	0	"model920"
0.494194756554307	0.020216433006122	0.557865168539326	0.0202164330061219	0.936329588014981	0	"model921"
0.463857677902622	0.0142357684404654	0.482584269662921	0.0142357684404654	0.9812734082397	0	"model922"
0.113670411985019	0.00585902623233824	0.973220973782772	0.0058590262323382	0.140449438202247	0	"model923"
0.152621722846442	0.0225627585167638	0.808052434456929	0.0225627585167638	0.344569288389513	0	"model924"
0.164794007490637	0.0101038789364786	0.827715355805243	0.0101038789364786	0.337078651685393	0	"model925"
0.312734082397004	0.0276635702948319	0.312734082397004	0.0276635702948319	1	0	"model926"
0.0541198501872659	0.00358043205985018	0.986704119850187	0.00358043205985019	0.0674157303370786	0	"model927"
0.210674157303371	0.00976060909557546	0.886704119850187	0.00976060909557544	0.323970037453184	0	"model928"
0.204868913857678	0.004851275712291	0.929588014981273	0.00485127571229096	0.275280898876405	0	"model929"
0.403932584269663	0.0163266575462895	0.409550561797753	0.0163266575462895	0.99438202247191	0	"model930"
0.204681647940075	0.00926077877061334	0.893820224719101	0.00926077877061333	0.310861423220974	0	"model931"
0.135205992509363	0.0166515803735043	0.78689138576779	0.0166515803735043	0.348314606741573	0	"model932"
0.110486891385768	0.00887182921570031	0.971910112359551	0.00887182921570029	0.138576779026217	0	"model933"
0.474531835205993	0.0280023605131367	0.575655430711611	0.0280023605131367	0.898876404494382	0	"model934"
0.168539325842697	0.00913154733978014	0.953183520599251	0.00913154733978017	0.215355805243446	0	"model935"
0.478277153558052	0.0212454905230289	0.500749063670412	0.0212454905230289	0.97752808988764	0	"model936"
0.445505617977528	0.0173988301696673	0.464232209737828	0.0173988301696673	0.9812734082397	0	"model937"
0.487265917602996	0.0165105822353175	0.545318352059925	0.0165105822353175	0.941947565543071	0	"model938"
0.133707865168539	0.00531137263075721	0.968913857677903	0.00531137263075721	0.164794007490637	0	"model939"
0.409925093632959	0.0253628394176726	0.419288389513109	0.0253628394176726	0.99063670411985	0	"model940"
0.423033707865169	0.0167367731619174	0.424906367041198	0.0167367731619174	0.99812734082397	0	"model941"
0.0719101123595506	0.00396760264221491	0.983895131086142	0.00396760264221492	0.0880149812734082	0	"model942"
0.208239700374532	0.022381563424763	0.725093632958801	0.022381563424763	0.48314606741573	0	"model943"
0	0	1	0	0	0	"model944"
0.21310861423221	0.00726887721748297	0.917228464419476	0.00726887721748298	0.295880149812734	0	"model945"
0.0662921348314607	0.00493094073860961	0.983895131086142	0.0049309407386096	0.0823970037453183	0	"model946"
0.145880149812734	0.0125916120109809	0.803183520599251	0.0125916120109809	0.342696629213483	0	"model947"
0.204681647940075	0.0107049588082258	0.903183520599251	0.0107049588082258	0.301498127340824	0	"model948"
0.213670411985019	0.0114574506086451	0.906554307116105	0.0114574506086451	0.307116104868914	0	"model949"
0.191011235955056	0.0125776789510673	0.191011235955056	0.0125776789510673	1	0	"model950"
0.438576779026217	0.0201072403748197	0.620224719101124	0.0201072403748197	0.818352059925094	0	"model951"
0.197003745318352	0.0154372958248685	0.865543071161049	0.0154372958248685	0.331460674157303	0	"model952"
0.49812734082397	0.0145859194076753	0.573033707865168	0.0145859194076753	0.925093632958802	0	"model953"
0.208239700374532	0.0191951371723172	0.902996254681648	0.0191951371723172	0.305243445692884	0	"model954"
0.051685393258427	0.00559713152845441	0.988014981273408	0.00559713152845442	0.0636704119850187	0	"model955"
0.469662921348315	0.0266710615595038	0.505243445692884	0.0266710615595038	0.964419475655431	0	"model956"
0.0213483146067416	0.00201304812691599	0.997003745318352	0.002013048126916	0.0243445692883895	0	"model957"
0.0217228464419476	0.00281937323112015	0.995505617977528	0.00281937323112016	0.0262172284644195	0	"model958"
0.249625468164794	0.014180920351956	0.249625468164794	0.014180920351956	1	0	"model959"
0.212172284644195	0.0213889779263194	0.897565543071161	0.0213889779263194	0.314606741573034	0	"model960"
0.252059925093633	0.0152442585371932	0.252059925093633	0.0152442585371932	1	0	"model961"
0	0	1	0	0	0	"model962"
0.154307116104869	0.0131294050687989	0.766666666666667	0.0131294050687989	0.387640449438202	0	"model963"
0.46310861423221	0.0224033146431607	0.596067415730337	0.0224033146431607	0.867041198501873	0	"model964"
0.167228464419476	0.00926077877061334	0.95187265917603	0.00926077877061337	0.215355805243446	0	"model965"
0.504307116104869	0.0234900775006265	0.566104868913858	0.0234900775006265	0.938202247191011	0	"model966"
0.217415730337079	0.0116930867681143	0.715543071161049	0.0116930867681143	0.50187265917603	0	"model967"
0	0	1	0	0	0	"model968"
0.150374531835206	0.0178323745384855	0.805805243445693	0.0178323745384855	0.344569288389513	0	"model969"
0.205056179775281	0.00760677753243067	0.929775280898876	0.00760677753243065	0.275280898876405	0	"model970"
0.204307116104869	0.00834915759219611	0.942134831460674	0.00834915759219611	0.262172284644195	0	"model971"
0.407116104868914	0.0193649016399413	0.416479400749064	0.0193649016399413	0.99063670411985	0	"model972"
0.386516853932584	0.0223711153279866	0.386516853932584	0.0223711153279866	1	0	"model973"
0.208614232209738	0.0124594006990009	0.901498127340824	0.0124594006990009	0.307116104868914	0	"model974"
0.168164794007491	0.0134981652142577	0.829213483146067	0.0134981652142577	0.338951310861423	0	"model975"
0.361048689138577	0.0127560946561246	0.361048689138577	0.0127560946561246	1	0	"model976"
0.417041198501873	0.0140428629336557	0.418913857677903	0.0140428629336557	0.99812734082397	0	"model977"
0.186329588014981	0.0191636472322207	0.7312734082397	0.0191636472322207	0.455056179775281	0	"model978"
0.467790262172285	0.020886656919249	0.482771535580524	0.020886656919249	0.98501872659176	0	"model979"
0	0	1	0	0	0	"model980"
0.432771535580524	0.0234801226714605	0.618164794007491	0.0234801226714605	0.814606741573034	0	"model981"
0.169288389513109	0.0101500507486531	0.955805243445693	0.0101500507486531	0.213483146067416	0	"model982"
0.395692883895131	0.0193819973422752	0.397565543071161	0.0193819973422752	0.99812734082397	0	"model983"
0.0234082397003745	0.00366646071300585	0.993445692883895	0.00366646071300586	0.0299625468164794	0	"model984"
0.208614232209738	0.0115505952621427	0.905243445692884	0.0115505952621427	0.303370786516854	0	"model985"
0.196067415730337	0.00799634970282141	0.862734082397004	0.00799634970282143	0.333333333333333	0	"model986"
0.0147940074906367	0.000592186827746887	0.999812734082397	0.000592186827746889	0.0149812734082397	0	"model987"
0.202808988764045	0.015594253130668	0.873220973782772	0.015594253130668	0.329588014981273	0	"model988"
0.12565543071161	0.00839569729268161	0.973970037453184	0.00839569729268159	0.151685393258427	0	"model989"
0.0857677902621723	0.00616683597264843	0.982771535580524	0.00616683597264842	0.102996254681648	0	"model990"
0.201498127340824	0.00943377552425097	0.87752808988764	0.00943377552425096	0.323970037453184	0	"model991"
0.00749063670411985	0	1	0	0.00749063670411985	0	"model992"
0.179962546816479	0.0050287475808047	0.957116104868914	0.00502874758080471	0.222846441947566	0	"model993"
0.159737827715356	0.00769842876070954	0.95374531835206	0.00769842876070956	0.205992509363296	0	"model994"
0	0	1	0	0	0	"model995"
0	0	1	0	0	0	"model996"
0.360861423220974	0.0210214739281591	0.662359550561798	0.0210214739281591	0.698501872659176	0	"model997"
0.0112359550561798	0	1	0	0.0112359550561798	0	"model998"
0.172659176029963	0.0146605281778673	0.835580524344569	0.0146605281778673	0.337078651685393	0	"model999"
0.214606741573034	0.0142398735306955	0.90187265917603	0.0142398735306955	0.312734082397004	0	"model1000"
